time,data
0.0,-1.0674931593276433e-15
0.1509433962264151,-1.6305089447636876e-15
0.3018867924528302,-1.0641403689821723e-15
0.4528301886792453,-1.6301520729143524e-15
0.6037735849056604,-1.0604595543596e-15
0.7547169811320755,-1.628590117003299e-15
0.9056603773584906,-1.058086349093361e-15
1.0566037735849056,-1.6270987013711763e-15
1.2075471698113207,-1.0543940948292665e-15
1.3584905660377358,-1.6263893904983318e-15
1.509433962264151,-1.0517189649104091e-15
1.6603773584905661,-1.6242523240643702e-15
1.8113207547169812,-1.048001074576241e-15
1.9622641509433962,-1.6261855634503132e-15
2.1132075471698113,-1.0405415000956583e-15
2.2641509433962264,-1.6277819760097242e-15
2.4150943396226414,-1.0371914765848607e-15
2.5660377358490565,-1.6253001733943718e-15
2.7169811320754715,-1.0353924819695025e-15
2.8679245283018866,-1.6224264001248336e-15
3.018867924528302,-1.035370513766012e-15
3.169811320754717,-1.6165612674402368e-15
3.3207547169811322,-1.0367214605144069e-15
3.4716981132075473,-1.6129721622754049e-15
3.6226415094339623,-1.0333024538497217e-15
3.7735849056603774,-1.6135453201663045e-15
3.9245283018867925,-1.0285015890741035e-15
4.0754716981132075,-1.612875933893295e-15
4.226415094339623,-1.0259543585543523e-15
4.377358490566038,-1.6105878837167947e-15
4.528301886792453,-1.0233671857064062e-15
4.679245283018868,-1.6101525723124048e-15
4.830188679245283,-1.0186286464443233e-15
4.981132075471698,-1.608767514259675e-15
5.132075471698113,-1.0202370157392794e-15
5.283018867924528,-1.5990889779376994e-15
5.433962264150943,-1.0243517747394178e-15
5.584905660377358,-1.5956389260562438e-15
5.735849056603773,-1.0198271542218293e-15
5.886792452830188,-1.5968471845192731e-15
6.037735849056604,-1.010856221679685e-15
6.188679245283019,-1.6097029656103513e-15
6.339622641509434,-9.882692450912542e-16
6.490566037735849,-1.6209079010340303e-15
6.6415094339622645,-9.873560428738142e-16
6.7924528301886795,-1.6152354195211344e-15
6.943396226415095,-9.666908126473568e-16
7.09433962264151,-1.660539002614419e-15
7.245283018867925,-9.1725652511151e-16
7.39622641509434,-1.6574994101804244e-15
7.547169811320755,-9.869889930945501e-16
7.69811320754717,-1.5449642706639925e-15
7.849056603773585,-1.063491897748623e-15
8.0,-1.5476550509717562e-15
8.150943396226415,-9.829318399972305e-16
8.30188679245283,-1.6359221923304461e-15
8.452830188679245,-9.400694111111855e-16
8.60377358490566,-1.605483695514428e-15
8.754716981132075,-1.0090215799084297e-15
8.90566037735849,-1.5348153498807923e-15
9.056603773584905,-1.037232131551097e-15
9.20754716981132,-1.5498123011222915e-15
9.358490566037736,-9.87173400599308e-16
9.50943396226415,-1.5983969226741417e-15
9.660377358490566,-9.500181708668971e-16
9.81132075471698,-1.6157925720074965e-15
9.962264150943396,-9.357858590953177e-16
10.11320754716981,-1.615153450142252e-15
10.264150943396226,-9.57069051018403e-16
10.415094339622641,-1.56296153030037e-15
10.566037735849056,-1.0034769481207304e-15
10.716981132075471,-1.5533193371036279e-15
10.867924528301886,-9.555705240457885e-16
11.018867924528301,-1.6218564118602765e-15
11.169811320754716,-8.959935977191753e-16
11.320754716981131,-1.6535021964471365e-15
11.471698113207546,-8.669134373395255e-16
11.622641509433961,-1.6831549848622413e-15
11.773584905660377,-8.431160712738727e-16
11.924528301886792,-1.6634557163444562e-15
12.075471698113208,-9.120237874869038e-16
12.226415094339623,-1.556671917706556e-15
12.377358490566039,-9.942458562062347e-16
12.528301886792454,-1.5550879539219854e-15
12.679245283018869,-8.78770160968625e-16
12.830188679245284,-1.7297569296718383e-15
12.981132075471699,-7.47452636101784e-16
13.132075471698114,-1.7134852084083325e-15
13.283018867924529,-9.08946471256631e-16
13.433962264150944,-1.4854185498019958e-15
13.584905660377359,-1.0783724823592052e-15
13.735849056603774,-1.4437939693442572e-15
13.88679245283019,-9.773781322212598e-16
14.037735849056604,-1.616170837718671e-15
14.18867924528302,-8.287759749190419e-16
14.339622641509434,-1.642448991766855e-15
14.49056603773585,-9.319214987853482e-16
14.641509433962264,-1.4812987480646371e-15
14.79245283018868,-1.0220359141418342e-15
14.943396226415095,-1.5187785918974022e-15
15.09433962264151,-8.911811064617875e-16
15.245283018867925,-1.6239390144214844e-15
15.39622641509434,-8.945204248715146e-16
15.547169811320755,-1.4910061698040202e-15
15.69811320754717,-1.0871834244929285e-15
15.849056603773585,-1.3193361717566557e-15
16.0,-1.1562651260902316e-15
16.150943396226417,-1.3885614897563524e-15
16.30188679245283,-9.287072415591273e-16
16.452830188679247,-1.7182502613919244e-15
16.60377358490566,-6.217677431237476e-16
16.754716981132077,-1.823799561836208e-15
16.90566037735849,-7.901030505755701e-16
17.056603773584907,-1.4722798476755704e-15
17.20754716981132,-1.1024093303808962e-15
17.358490566037737,-1.3361704790921541e-15
17.50943396226415,-1.0981329723975499e-15
17.660377358490567,-1.3121065676583382e-15
17.81132075471698,-1.2259999141236396e-15
17.962264150943398,-1.1721371029424627e-15
18.11320754716981,-1.1909831637763581e-15
18.264150943396228,-1.418608300571616e-15
18.41509433962264,-8.934523927930694e-16
18.566037735849058,-1.5426792545635177e-15
18.71698113207547,-9.588861841459665e-16
18.867924528301888,-1.4827250034949365e-15
19.0188679245283,-7.999478649886193e-16
19.169811320754718,-1.8212981347131782e-15
19.32075471698113,-5.283418107595358e-16
19.471698113207548,-1.7852405941869555e-15
19.62264150943396,-8.54350852763378e-16
19.77358490566038,-1.3988260093333767e-15
19.92452830188679,-1.0372540282935206e-15
20.07547169811321,-1.480370552466389e-15
20.22641509433962,-8.374269622944009e-16
20.37735849056604,-1.5590870403524059e-15
20.528301886792452,-9.78294773844751e-16
20.67924528301887,-1.2948189767436153e-15
20.830188679245282,-1.1366350091857843e-15
20.9811320754717,-1.3946339649977535e-15
21.132075471698112,-7.859234229024596e-16
21.28301886792453,-1.8171827524046993e-15
21.433962264150942,-4.906831914949634e-16
21.58490566037736,-1.8545389588718865e-15
21.735849056603772,-7.0117352641578175e-16
21.88679245283019,-1.4780781378172719e-15
22.037735849056602,-1.109244902506309e-15
22.18867924528302,-1.1625300861023181e-15
22.339622641509433,-1.2077441996357486e-15
22.49056603773585,-1.3417465806901547e-15
22.641509433962263,-7.720633209446057e-16
22.79245283018868,-1.863862818404991e-15
22.943396226415093,-4.0507680726362345e-16
23.09433962264151,-1.8746245459795444e-15
23.245283018867923,-7.324389947677879e-16
23.39622641509434,-1.4234880205995386e-15
23.547169811320753,-1.030046839422948e-15
23.69811320754717,-1.3834134510274747e-15
23.849056603773583,-9.126319605045997e-16
24.0,-1.4590342168189202e-15
24.150943396226417,-9.424459000983328e-16
24.30188679245283,-1.4283029656818652e-15
24.452830188679247,-8.129824626435612e-16
24.60377358490566,-1.7104251189897101e-15
24.754716981132077,-5.687510911407857e-16
24.90566037735849,-1.6547317263220473e-15
25.056603773584907,-1.0159780427220716e-15
25.20754716981132,-9.820181007070853e-16
25.358490566037737,-1.5355638300899133e-15
25.50943396226415,-9.33173721081114e-16
25.660377358490567,-1.0743542453899454e-15
25.81132075471698,-1.5804170465270153e-15
25.962264150943398,-6.770933267414468e-16
26.11320754716981,-1.4888609252295375e-15
26.264150943396228,-1.0995869143394561e-15
26.41509433962264,-1.119526691931414e-15
26.566037735849058,-1.0768985870452655e-15
26.71698113207547,-1.5811244126559806e-15
26.867924528301888,-3.9790067888524157e-16
27.0188679245283,-2.1176220838395307e-15
27.169811320754718,-2.739037284479303e-16
27.32075471698113,-1.7415573313435839e-15
27.471698113207548,-1.0008389537977542e-15
27.62264150943396,-9.673032561364993e-16
27.77358490566038,-1.4648667089513132e-15
27.92452830188679,-1.0063799748208655e-15
28.07547169811321,-9.994549892432974e-16
28.22641509433962,-1.5761327167175625e-15
28.37735849056604,-6.289424372413526e-16
28.528301886792452,-1.650069306662127e-15
28.67924528301887,-7.068315526740271e-16
28.830188679245282,-1.5837751926480473e-15
28.9811320754717,-7.303848044354288e-16
29.132075471698112,-1.4981231683322226e-15
29.28301886792453,-8.953333684507151e-16
29.433962264150942,-1.4047621096384528e-15
29.58490566037736,-7.119093249231207e-16
29.735849056603772,-1.8376560187125596e-15
29.88679245283019,-3.4577767280866485e-16
30.037735849056602,-1.710831222404372e-15
30.18867924528302,-1.1111780544595167e-15
30.339622641509433,-6.3229289979089e-16
30.49056603773585,-1.8424660378233538e-15
30.641509433962263,-7.141783047478593e-16
30.79245283018868,-1.080171600716065e-15
30.943396226415093,-1.4565014409521173e-15
31.09433962264151,-1.023333603356917e-15
31.245283018867923,-7.920325654846743e-16
31.39622641509434,-1.6854549534586294e-15
31.547169811320753,-1.000746163048825e-15
31.69811320754717,-3.833690907451098e-16
31.849056603773583,-2.6288936126168253e-15
32.0,3.8575304888370704e-16
32.15094339622642,-1.8858352169164058e-15
32.301886792452834,-1.396570011349695e-15
32.45283018867924,-2.9222977105569997e-16
32.60377358490566,-1.7621118951040427e-15
32.75471698113208,-1.1896040152888169e-15
32.905660377358494,-4.798621460087843e-16
33.056603773584904,-1.8689540962249383e-15
33.20754716981132,-6.550568473826386e-16
33.35849056603774,-1.3766397681959862e-15
33.509433962264154,-7.423859472034484e-16
33.660377358490564,-1.9014201739672004e-15
33.81132075471698,1.0673989747248593e-18
33.9622641509434,-2.276295342420796e-15
34.113207547169814,-2.359979218172112e-16
34.264150943396224,-1.6650331065499154e-15
34.41509433962264,-7.134847668455391e-16
34.56603773584906,-1.662543749610922e-15
34.716981132075475,-3.231036756921896e-16
34.867924528301884,-1.963887926217659e-15
35.0188679245283,-5.922619477666733e-16
35.16981132075472,-1.0587837094968907e-15
35.320754716981135,-1.588636715875403e-15
35.471698113207545,-7.848044213008958e-16
35.62264150943396,-6.778833946336286e-16
35.77358490566038,-2.4962101530522842e-15
35.924528301886795,8.439130403500857e-16
36.075471698113205,-3.0120002287488362e-15
36.22641509433962,3.805827564713987e-16
36.37735849056604,-2.247791525684762e-15
36.528301886792455,-7.436478711248266e-17
36.679245283018865,-2.1096475598326356e-15
36.83018867924528,-2.7636242417135736e-16
36.9811320754717,-1.5939948461886631e-15
37.132075471698116,-9.259163209275069e-16
37.283018867924525,-1.1836570675593238e-15
37.43396226415094,-8.854485267618231e-16
37.58490566037736,-1.5410739604986464e-15
37.735849056603776,-5.123426924578801e-16
37.886792452830186,-1.6951313126083003e-15
38.0377358490566,-5.82494489175321e-16
38.18867924528302,-1.549288192298029e-15
38.339622641509436,-6.252808972650309e-16
38.490566037735846,-1.6690542144213019e-15
38.64150943396226,-4.097510675429512e-16
38.79245283018868,-1.820815980630331e-15
38.943396226415096,-4.3470957525527213e-16
39.094339622641506,-1.6415568045927198e-15
39.24528301886792,-5.573658448748079e-16
39.39622641509434,-1.8046789514456335e-15
39.54716981132076,-6.94555734931157e-17
39.698113207547166,-2.3807204991687683e-15
39.84905660377358,2.967281910441175e-16
40.0,-2.374697955206906e-15
40.15094339622642,-4.136989095704923e-17
40.301886792452834,-1.8130469350466e-15
40.45283018867924,-7.214512768667075e-16
40.60377358490566,-1.0904237404924003e-15
40.75471698113208,-1.3540644761131953e-15
40.905660377358494,-7.606337749228875e-16
41.056603773584904,-1.1442675455262041e-15
41.20754716981132,-1.5288882201968088e-15
41.35849056603774,-1.4433510913826372e-16
41.509433962264154,-2.179205916841573e-15
41.660377358490564,-3.2498441237515916e-16
41.81132075471698,-1.085851021217743e-15
41.9622641509434,-1.8804684395183518e-15
42.113207547169814,1.6952103774666463e-16
42.264150943396224,-2.147841809130349e-15
42.41509433962264,-7.643820936317366e-16
42.56603773584906,-3.9391260154345276e-16
42.716981132075475,-2.50475790007969e-15
42.867924528301884,5.128570410421628e-16
43.0188679245283,-2.2601351245704232e-15
43.16981132075472,-4.784923099844183e-16
43.320754716981135,-1.2562093515603046e-15
43.471698113207545,-1.0794552991952389e-15
43.62264150943396,-8.536103961248188e-16
43.77358490566038,-1.6445039737849314e-15
43.924528301886795,-2.1678731552294722e-16
44.075471698113205,-1.759650759076192e-15
44.22641509433962,-1.0445855783644244e-15
44.37735849056604,-3.1062330614703403e-16
44.528301886792455,-2.198962515786306e-15
44.679245283018865,-1.21370940767902e-16
44.83018867924528,-1.6350066625622994e-15
44.9811320754717,-5.295062201670764e-16
45.132075471698116,-2.0475836085565496e-15
45.283018867924525,4.430277685909364e-16
45.43396226415094,-2.615466676984581e-15
45.58490566037736,-1.052436408668312e-16
45.735849056603776,-1.152910284318835e-15
45.886792452830186,-1.5470854734720365e-15
46.0377358490566,-5.69307401620986e-16
46.18867924528302,-1.1512988561315993e-15
46.339622641509436,-1.35624323555531e-15
46.490566037735846,-6.939866067462059e-16
46.64150943396226,-1.1838361665621758e-15
46.79245283018868,-1.186890920356843e-15
46.943396226415096,-9.513219026104079e-16
47.094339622641506,-8.401528147311602e-16
47.24528301886792,-1.5567123674931227e-15
47.39622641509434,-6.975429337677268e-16
47.54716981132076,-7.973456849538729e-16
47.698113207547166,-1.96350300568221e-15
47.84905660377358,-1.7894871640190203e-17
48.0,-1.4627656654296179e-15
48.15094339622642,-1.6965355266939383e-15
48.301886792452834,4.3276516363727366e-16
48.45283018867924,-2.607086039102098e-15
48.60377358490566,-2.4763658480962754e-16
48.75471698113208,-8.031138285862058e-16
48.905660377358494,-1.8496159148070752e-15
49.056603773584904,-6.259111900746877e-16
49.20754716981132,-4.512552680338742e-16
49.35849056603774,-2.5059232553364477e-15
49.509433962264154,5.15549295213658e-16
49.660377358490564,-2.098268576620273e-15
49.81132075471698,-3.4628312223916147e-16
49.9622641509434,-2.1403479085996182e-15
50.113207547169814,9.052340163818514e-16
50.264150943396224,-3.334630429994612e-15
50.41509433962264,4.3725945117492936e-16
50.56603773584906,-1.0191820443453854e-15
50.716981132075475,-2.024858049700383e-15
50.867924528301884,-5.062043238544628e-16
51.0188679245283,-5.181970323147993e-17
51.16981132075472,-3.429589038272159e-15
51.320754716981135,1.6364508322681862e-15
51.471698113207545,-2.8710743847725307e-15
51.62264150943396,-4.3028559495788976e-16
51.77358490566038,-8.094660657346466e-16
51.924528301886795,-1.4382029642973391e-15
52.075471698113205,-1.0182886890593365e-15
52.22641509433962,-3.531658404299107e-16
52.37735849056604,-2.470119057473398e-15
52.528301886792455,8.50769862628445e-16
52.679245283018865,-2.781187542664854e-15
52.83018867924528,-2.7991970933364646e-17
52.9811320754717,-1.0786405148628924e-15
53.132075471698116,-1.6141476374238683e-15
53.283018867924525,-5.566182407832015e-16
53.43396226415094,-7.742204314026275e-16
53.58490566037736,-2.0853273002564713e-15
53.735849056603776,2.8608992109322617e-16
53.886792452830186,-2.0467501397150646e-15
54.0377358490566,-3.7077495633509004e-16
54.18867924528302,-1.698506905180885e-15
54.339622641509436,-2.4797431494851226e-16
54.490566037735846,-1.3926415381820192e-15
54.64150943396226,-1.7991046773988553e-15
54.79245283018868,9.41585664261086e-16
54.943396226415096,-3.371754142176982e-15
55.094339622641506,5.836838261174913e-16
55.24528301886792,-1.3685735828039925e-15
55.39622641509434,-1.6556757941809905e-15
55.54716981132076,-1.4601294613689792e-16
55.698113207547166,-1.6276490225433153e-15
55.84905660377358,-8.000899406278378e-16
56.0,-1.0453668202926497e-15
56.15094339622642,-1.048556972688808e-15
56.301886792452834,-1.0230740423460815e-15
56.45283018867924,-9.504781067717902e-16
56.60377358490566,-1.2596786707231457e-15
56.75471698113208,-6.383634215239435e-16
56.905660377358494,-1.2826647429879779e-15
57.056603773584904,-1.2957042433749303e-15
57.20754716981132,-9.8596833696359e-17
57.35849056603774,-2.1913390639266013e-15
57.509433962264154,-1.995050858997196e-16
57.660377358490564,-1.2858616228399447e-15
57.81132075471698,-1.014901361966059e-15
57.9622641509434,-1.1084946666574444e-15
58.113207547169814,-9.597569796012992e-16
58.264150943396224,-5.467493086599181e-16
58.41509433962264,-2.409825118303709e-15
58.56603773584906,1.1286650209873312e-15
58.716981132075475,-3.2915217943535265e-15
58.867924528301884,7.345198199593395e-16
59.0188679245283,-2.047236861494343e-15
59.16981132075472,-3.4190063459089864e-16
59.320754716981135,-2.0256777589972093e-15
59.471698113207545,7.763832509267579e-16
59.62264150943396,-3.3717085713749447e-15
59.77358490566038,1.1565748324344237e-15
59.924528301886795,-2.523450572937186e-15
60.075471698113205,1.7806236039931333e-16
60.22641509433962,-2.644895843141244e-15
60.37735849056604,1.0495000782173177e-15
60.528301886792455,-2.316199952341272e-15
60.679245283018865,-1.817880317064006e-15
60.83018867924528,1.733962307378218e-15
60.9811320754717,-3.710124144175257e-15
61.132075471698116,-6.018177572668696e-16
61.283018867924525,1.2289685518441702e-15
61.43396226415094,-3.998783077693089e-15
61.58490566037736,2.316823755085235e-16
61.735849056603776,3.6400772380081367e-16
61.886792452830186,-3.69896562311378e-15
62.0377358490566,7.947391456505619e-16
62.18867924528302,-6.945599626967609e-16
62.339622641509436,-3.0375379643567317e-15
62.490566037735846,1.318509121173806e-15
62.64150943396226,-2.4746446213885386e-15
62.79245283018868,-6.290244166902859e-16
62.943396226415096,-9.902620177277766e-16
63.094339622641506,-4.652113093077941e-16
63.24528301886792,-2.670023491393494e-15
63.39622641509434,1.440331611988307e-15
63.54716981132076,-3.3042722276112818e-15
63.698113207547166,4.2058401781230046e-16
63.84905660377358,-1.826716474007447e-15
64.0,7.116484714669937e-17
64.15094339622641,-2.71039361503087e-15
64.30188679245283,4.086857198965344e-16
64.45283018867924,-6.298994693461862e-16
64.60377358490567,-3.791087100417216e-15
64.75471698113208,2.9824831737981417e-15
64.90566037735849,-3.9214416519703456e-15
65.05660377358491,-9.13267739313304e-16
65.20754716981132,1.8001029469222147e-15
65.35849056603773,-5.407592589509421e-15
65.50943396226415,3.2896301625501733e-15
65.66037735849056,-3.9088597695833026e-15
65.81132075471699,-2.666960405930658e-16
65.9622641509434,7.353641425904946e-16
66.11320754716981,-5.013555228849599e-15
66.26415094339623,4.233103385181707e-15
66.41509433962264,-5.75723748173512e-15
66.56603773584905,1.5521799751922812e-15
66.71698113207547,-7.338476184387591e-16
66.86792452830188,-3.1732260352597546e-15
67.01886792452831,1.100042102524812e-15
67.16981132075472,-1.5106116303674068e-15
67.32075471698113,-2.12526889157563e-15
67.47169811320755,3.4841756910926717e-16
67.62264150943396,-1.0593049595470033e-15
67.77358490566037,-2.7333051495828294e-15
67.9245283018868,1.7071093914573586e-15
68.0754716981132,-3.48275406270387e-15
68.22641509433963,5.71971586820787e-16
68.37735849056604,-1.9455635389369604e-15
68.52830188679245,6.6428753340317944e-18
68.67924528301887,-2.5248012527623555e-15
68.83018867924528,7.802058522082003e-16
68.98113207547169,-2.442200678496769e-15
69.13207547169812,-2.385308411363542e-16
69.28301886792453,-1.5773352183374423e-15
69.43396226415095,3.0953838708399843e-16
69.58490566037736,-3.556742475447005e-15
69.73584905660377,2.2095606777109874e-15
69.88679245283019,-3.74323765058092e-15
70.0377358490566,6.056722345805269e-16
70.18867924528301,-1.8768611838705035e-15
70.33962264150944,-3.3029125363821264e-17
70.49056603773585,-2.3769425289292892e-15
70.64150943396227,3.5510830514230304e-17
70.79245283018868,-5.532888358607212e-16
70.94339622641509,-3.4660298742751643e-15
71.09433962264151,2.6624046471069512e-15
71.24528301886792,-4.2025721997598656e-15
71.39622641509433,2.635771172689817e-16
71.54716981132076,-4.311437936831448e-17
71.69811320754717,-3.3363072983359627e-15
71.84905660377359,1.3298882125005304e-15
72.0,-2.361162546544834e-15
72.15094339622641,-7.361768854094668e-16
72.30188679245283,-1.020391329485457e-15
72.45283018867924,-7.398162395330908e-17
72.60377358490567,-3.4743744874949734e-15
72.75471698113208,2.409290910699177e-15
72.90566037735849,-3.911879354741949e-15
73.05660377358491,1.3735859941597938e-16
73.20754716981132,-3.455657009614078e-16
73.35849056603773,-2.3708531441379913e-15
73.50943396226415,-1.9192837661523776e-16
73.66037735849056,-1.0105481252796178e-15
73.81132075471699,-9.870078813225932e-16
73.9622641509434,-2.0252309489785795e-15
74.11320754716981,1.0222950303743906e-15
74.26415094339623,-2.994973312747568e-15
74.41509433962264,-3.3662185699240365e-16
74.56603773584905,1.3064263095019635e-16
74.71698113207547,-3.4898424714783804e-15
74.86792452830188,1.8613617292612933e-15
75.01886792452831,-3.449226371794723e-15
75.16981132075472,5.705008630720496e-16
75.32075471698113,-1.8021127984592808e-15
75.47169811320755,-3.7600964878242823e-16
75.62264150943396,-2.487939494439244e-15
75.77358490566037,1.9775897469537938e-15
75.9245283018868,-5.135581170625706e-15
76.0754716981132,2.8496675852275174e-15
76.22641509433963,-3.166506078041101e-15
76.37735849056604,-9.30151471619452e-16
76.52830188679245,-3.353155981550716e-17
76.67924528301887,-1.4857305476097628e-15
76.83018867924528,-1.9175315275091346e-15
76.98113207547169,7.74507642378984e-16
77.13207547169812,-2.3660282272292115e-15
77.28301886792453,-8.218523807550168e-16
77.43396226415095,-9.994518305743583e-16
77.58490566037736,9.250849316249187e-16
77.73584905660377,-6.349316868067093e-15
77.88679245283019,6.723142288017723e-15
78.0377358490566,-8.024499880652185e-15
78.18867924528301,2.216240341730914e-15
78.33962264150944,2.860021157736453e-16
78.49056603773585,-5.075793029923489e-15
78.64150943396227,3.211637434584423e-15
78.79245283018868,-3.944406306752807e-15
78.94339622641509,6.991935371821451e-16
79.09433962264151,-2.1138925292721445e-15
79.24528301886792,-5.201609224015191e-16
79.39622641509433,-4.808439207956912e-16
79.54716981132076,-2.5929269350693786e-15
79.69811320754717,7.328467830640474e-16
79.84905660377359,-1.8240600237991075e-15
80.0,-1.6730895723340187e-15
80.15094339622641,7.659454786539883e-16
80.30188679245283,-3.2714108786066376e-15
80.45283018867924,1.121941795116517e-15
80.60377358490567,-2.501239825245018e-15
80.75471698113208,-8.592750720156209e-16
80.90566037735849,4.555710613818857e-16
81.05660377358491,-3.486047648401399e-15
81.20754716981132,8.679487885891607e-16
81.35849056603773,-9.935512966281735e-16
81.50943396226415,-2.8918586105965807e-15
81.66037735849056,1.1750550568551682e-15
81.81132075471699,-1.9980871636196234e-15
81.9622641509434,-1.5052111839817546e-15
82.11320754716981,-2.1579695245531518e-16
82.26415094339623,-8.772399183318248e-16
82.41509433962264,-2.608680190634831e-15
82.56603773584905,1.79802082144338e-15
82.71698113207547,-4.862698765218053e-15
82.86792452830188,3.580068930461855e-15
83.01886792452831,-5.690969854531584e-15
83.16981132075472,2.5337162834783886e-15
83.32075471698113,-2.8284419407300887e-15
83.47169811320755,-4.327479905499951e-16
83.62264150943396,-1.6988248056669361e-15
83.77358490566037,4.0766535445779576e-16
83.9245283018868,-2.741311741171036e-15
84.0754716981132,-1.0453827445493177e-16
84.22641509433963,-5.62987646684388e-16
84.37735849056604,-2.833719759921588e-15
84.52830188679245,1.7623122196256066e-15
84.67924528301887,-4.456890976294689e-15
84.83018867924528,2.4575202626151205e-15
84.98113207547169,-3.811646885601453e-15
85.13207547169812,4.061696736102171e-16
85.28301886792453,-1.0768973593080486e-15
85.43396226415095,-2.0259303161310673e-15
85.58490566037736,5.903216458506421e-16
85.73584905660377,-2.9671940513294165e-15
85.88679245283019,5.251340455351507e-16
86.0377358490566,-1.1811448185987758e-15
86.18867924528301,-2.9546243212643065e-15
86.33962264150944,2.1595734787278492e-15
86.49056603773585,-3.4795257269794997e-15
86.64150943396227,-1.1280863535511688e-15
86.79245283018868,1.4015093005947983e-15
86.94339622641509,-3.7774282810419155e-15
87.09433962264151,-1.01660341472856e-16
87.24528301886792,-1.4665868409428077e-17
87.39622641509433,-2.253585268413573e-15
87.54716981132076,-1.6534820669562262e-15
87.69811320754717,1.8396081527169204e-15
87.84905660377359,-5.058744109172839e-15
88.0,2.7175459845649074e-15
88.15094339622641,-4.212494733241022e-15
88.30188679245283,2.044648348584087e-15
88.45283018867924,-4.344964292752128e-15
88.60377358490567,1.8323624493306862e-15
88.75471698113208,-2.8484872035303923e-15
88.90566037735849,3.723334305558827e-16
89.05660377358491,-4.352167186981853e-15
89.20754716981132,6.038369342418693e-15
89.35849056603773,-1.1228836352434416e-14
89.50943396226415,8.619645966602543e-15
89.66037735849056,-6.137753179179099e-15
89.81132075471699,-2.1542867128129592e-15
89.9622641509434,4.2664104429491326e-15
90.11320754716981,-6.764818276165363e-15
90.26415094339623,2.158339675921318e-15
90.41509433962264,-1.6521994743700626e-15
90.56603773584905,-1.0174180624776952e-15
90.71698113207547,-2.671033875864656e-15
90.86792452830188,2.4355162710240228e-15
91.01886792452831,-4.80702605063008e-15
91.16981132075472,6.31183052274153e-16
91.32075471698113,7.554577174628888e-16
91.47169811320755,-6.332678752373273e-15
91.62264150943396,6.237116424418396e-15
91.77358490566037,-8.316389269456337e-15
91.9245283018868,4.320113344672119e-15
92.0754716981132,-3.9385722391071586e-15
92.22641509433963,-7.88741585684461e-17
92.37735849056604,-1.2634140828625804e-15
92.52830188679245,-1.0703694849709967e-15
92.67924528301887,-9.9001772403091e-16
92.83018867924528,-1.014769126861189e-15
92.98113207547169,-1.6573188154681973e-15
93.13207547169812,-1.0429436697597045e-16
93.28301886792453,-1.3870428678785556e-15
93.43396226415095,-2.55811662734566e-15
93.58490566037736,2.1443902291317715e-15
93.73584905660377,-4.56010881669091e-15
93.88679245283019,1.1477719077386933e-15
94.0377358490566,-2.1830488575515647e-15
94.18867924528301,6.538106722202842e-16
94.33962264150944,-4.7418239611777814e-15
94.49056603773585,3.4325169337400595e-15
94.64150943396227,-3.561672174835214e-15
94.79245283018868,-2.69367860092455e-15
94.94339622641509,3.744387466925347e-15
95.09433962264151,-5.890166883626956e-15
95.24528301886792,6.530085749271865e-16
95.39622641509433,7.29257343545025e-16
95.54716981132076,-4.109498422116186e-15
95.69811320754717,-1.5723278262251442e-16
95.84905660377359,1.6484512741761513e-15
96.0,-6.089059542965901e-15
96.15094339622641,2.928729492432918e-15
96.30188679245283,-1.83320515201479e-15
96.45283018867924,-3.075438215237711e-15
96.60377358490567,8.784279837996118e-16
96.75471698113208,-8.483581886070897e-16
96.90566037735849,-3.3561226361633917e-15
97.05660377358491,1.2570619496832384e-15
97.20754716981132,-2.2139352649922987e-15
97.35849056603773,-8.44397154871529e-16
97.50943396226415,-1.582392946156357e-15
97.66037735849056,-3.258306740068883e-16
97.81132075471699,-9.325854858144583e-16
97.9622641509434,-3.3887199704695406e-15
98.11320754716981,2.807679982221704e-15
98.26415094339623,-4.569935548926686e-15
98.41509433962264,-1.098300551324758e-16
98.56603773584905,6.588646282036088e-16
98.71698113207547,-4.075042411442432e-15
98.86792452830188,9.231796178762999e-16
99.01886792452831,-1.1685263321960043e-15
99.16981132075472,-2.453956876492035e-15
99.32075471698113,2.861298822276421e-16
99.47169811320755,-1.963335373351636e-15
99.62264150943396,2.757180669391019e-17
99.77358490566037,-4.291920238355318e-15
99.9245283018868,5.159612165013585e-15
100.0754716981132,-9.747770458321222e-15
100.22641509433963,7.629061539626717e-15
100.37735849056604,-8.12237772973366e-15
100.52830188679245,4.003208296493503e-15
100.67924528301887,-5.4363631923164065e-15
100.83018867924528,2.6940840857859144e-15
100.98113207547169,-3.312349577117622e-15
101.13207547169812,-1.7867979468050744e-15
101.28301886792453,1.9096475259231765e-15
101.43396226415095,-4.7447291809804116e-15
101.58490566037736,1.7543384142314317e-15
101.73584905660377,-3.4125702712002184e-15
101.88679245283019,8.182005979462052e-16
102.0377358490566,-1.6329677449231999e-15
102.18867924528301,-4.051395390572299e-15
102.33962264150944,5.409348535865661e-15
102.49056603773585,-8.597495659416209e-15
102.64150943396227,3.686640175006278e-15
102.79245283018868,-2.396047614085979e-15
102.94339622641509,-1.079661967462627e-15
103.09433962264151,-3.0226762624590143e-15
103.24528301886792,3.0499910502027924e-15
103.39622641509433,-5.4931362402187754e-15
103.54716981132076,1.014632331942775e-15
103.69811320754717,-9.60464762329661e-16
103.84905660377359,-1.98513233519468e-15
104.0,-1.0730624904587602e-15
104.15094339622641,-9.301078724970359e-16
104.30188679245283,-2.0411808548522092e-16
104.45283018867924,-3.794278493936493e-15
104.60377358490567,1.7583423786106606e-15
104.75471698113208,-2.1635276704315364e-15
104.90566037735849,-3.1957779889988866e-15
105.05660377358491,3.1441421067039244e-15
105.20754716981132,-5.90733110033299e-15
105.35849056603773,2.5164965210913626e-15
105.50943396226415,-3.4609179392142423e-15
105.66037735849056,3.584441564589696e-16
105.81132075471699,-2.776345036767278e-15
105.9622641509434,9.625298339874593e-16
106.11320754716981,-3.7457448458542605e-15
106.26415094339623,1.4005081327013008e-15
106.41509433962264,-3.322609347119036e-15
106.56603773584905,3.94473901562232e-16
106.71698113207547,-2.4590407383330786e-15
106.86792452830188,3.7803375089198506e-16
107.01886792452831,-3.4970078442584806e-15
107.16981132075472,1.8030631956991725e-15
107.32075471698113,-4.081628584633836e-15
107.47169811320755,6.835124387143733e-16
107.62264150943396,-1.9111447241497835e-15
107.77358490566037,-3.253379300068484e-16
107.9245283018868,-4.1298983699048695e-15
108.0754716981132,4.502570060040249e-15
108.22641509433963,-7.965334446524865e-15
108.37735849056604,3.827582613479183e-15
108.52830188679245,-3.2026781643274445e-15
108.67924528301887,-5.109929741932999e-16
108.83018867924528,-3.659262477880025e-15
108.98113207547169,4.173203167849706e-15
109.13207547169812,-6.933631075593488e-15
109.28301886792453,4.572100818087638e-16
109.43396226415095,3.5176040791146202e-15
109.58490566037736,-1.0381933239019064e-14
109.73584905660377,8.019867839163917e-15
109.88679245283019,-7.410215991103044e-15
110.0377358490566,2.0336578559086305e-15
110.18867924528301,-3.3617635061450878e-15
110.33962264150944,8.747024156849542e-16
110.49056603773585,-2.531688705751211e-15
110.64150943396227,-2.0110969338118718e-15
110.79245283018868,1.9409620053316544e-15
110.94339622641509,-5.494137405139958e-15
111.09433962264151,2.281763853693748e-15
111.24528301886792,-2.8316752134982916e-15
111.39622641509433,-1.2230589600344716e-15
111.54716981132076,-1.0537417723783968e-15
111.69811320754717,-1.5390691465728905e-16
111.84905660377359,-3.809165232365353e-15
112.0,1.4099271757134089e-15
112.15094339622641,-1.8204486791114903e-15
112.30188679245283,-3.611029784859451e-15
112.45283018867924,2.590228089220879e-15
112.60377358490567,-3.664765466947144e-15
112.75471698113208,-2.0355543325789367e-15
112.90566037735849,2.129844251714583e-15
113.05660377358491,-5.285051321788434e-15
113.20754716981132,2.5199491000263405e-15
113.35849056603773,-5.6759166579164345e-15
113.50943396226415,5.15709978089529e-15
113.66037735849056,-9.145284921266995e-15
113.81132075471699,5.025806657230454e-15
113.9622641509434,-2.1321011758129624e-15
114.11320754716981,-6.919179038423246e-15
114.26415094339623,7.32836703863517e-15
114.41509433962264,-6.257575899977624e-15
114.56603773584905,-4.3226930647371944e-15
114.71698113207547,8.15410296037733e-15
114.86792452830188,-1.0270638289722427e-14
115.01886792452831,1.2145959144364664e-15
115.16981132075472,2.8401461150247905e-15
115.32075471698113,-6.358308187956732e-15
115.47169811320755,-1.0904679649551224e-15
115.62264150943396,4.5248540824970266e-15
115.77358490566037,-9.557572298933483e-15
115.9245283018868,5.495156210327507e-15
116.0754716981132,-5.379893532226344e-15
116.22641509433963,1.2377877479173886e-15
116.37735849056604,-3.1356608043855957e-15
116.52830188679245,-6.666971214113359e-16
116.67924528301887,2.0257145423738678e-16
116.83018867924528,-4.538823366701549e-15
116.98113207547169,1.9994552944457416e-15
117.13207547169812,-3.2475035321658872e-15
117.28301886792453,-2.728434228997931e-16
117.43396226415095,-3.192507138683957e-15
117.58490566037736,2.4579816728064e-15
117.73584905660377,-5.849690051918148e-15
117.88679245283019,2.071666449493095e-15
118.0377358490566,-3.073057540756515e-15
118.18867924528301,2.3677012585522943e-16
118.33962264150944,-3.585791976356355e-15
118.49056603773585,2.8980080393562e-17
118.64150943396227,1.4435681867920254e-15
118.79245283018868,-9.378789452278239e-15
118.94339622641509,8.945634628776953e-15
119.09433962264151,-7.916284618662904e-15
119.24528301886792,-2.85890752460872e-15
119.39622641509433,7.663086203585548e-15
119.54716981132076,-1.1706169142220364e-14
119.69811320754717,2.582862611999475e-15
119.84905660377359,5.412143676473159e-15
120.0,-1.5945425606754856e-14
120.15094339622641,1.2970939699289265e-14
120.30188679245283,-7.724175784811585e-15
120.45283018867924,-4.279129930462983e-15
120.60377358490567,5.144506800479694e-15
120.75471698113208,-2.9073063196057563e-15
120.90566037735849,-9.673136510381384e-15
121.05660377358491,1.475001341845986e-14
121.20754716981132,-1.743142266138393e-14
121.35849056603773,6.465628935680758e-15
121.50943396226415,2.016887325510447e-15
121.66037735849056,-1.136760641925167e-14
121.81132075471699,6.498826311504525e-15
121.9622641509434,-6.45583967543198e-16
122.11320754716981,-1.0130214577473551e-14
122.26415094339623,9.072956002036144e-15
122.41509433962264,-7.038967450676863e-15
122.56603773584905,-1.7425708194071449e-15
122.71698113207547,8.512089517178589e-16
122.86792452830188,-3.3463382758426896e-16
123.01886792452831,-6.999799295305745e-15
123.16981132075472,5.552101892949116e-15
123.32075471698113,-5.155718145675284e-15
123.47169811320755,-2.5379437243282223e-15
123.62264150943396,2.6863680064761894e-15
123.77358490566037,-4.783928142860736e-15
123.9245283018868,-8.695397428345675e-16
124.0754716981132,3.7110126532145576e-16
124.22641509433963,-3.1370775129780167e-15
124.37735849056604,-1.4172061800415812e-15
124.52830188679245,-1.927633385155646e-16
124.67924528301887,-1.3268241742793929e-15
124.83018867924528,-4.905762264608038e-15
124.98113207547169,5.1766211959966215e-15
125.13207547169812,-8.219064897721735e-15
125.28301886792453,2.2801564393942525e-15
125.43396226415095,-5.258199919184255e-16
125.58490566037736,-5.5780402775579534e-15
125.73584905660377,2.77770733120282e-15
125.88679245283019,-2.513828706445951e-15
126.0377358490566,-4.493562440286474e-15
126.18867924528301,4.065950909356866e-15
126.33962264150944,-6.052103923572255e-15
126.49056603773585,-2.1267898456390487e-16
126.64150943396227,9.417684081984813e-16
126.79245283018868,-5.58421320778501e-15
126.94339622641509,2.31547653443376e-15
127.09433962264151,-3.755645913707109e-15
127.24528301886792,-2.882700457221062e-16
127.39622641509433,-2.261388523915044e-15
127.54716981132076,-4.630005352310416e-16
127.69811320754717,-2.5658950643110758e-15
127.84905660377359,-5.0538442094542695e-16
128.0,-2.0625763545326815e-15
128.1509433962264,-1.1189614761843763e-15
128.30188679245282,-1.7313697895267574e-15
128.45283018867926,-1.1125277356437347e-15
128.60377358490567,-1.9109795484371193e-15
128.75471698113208,-1.0184062310432831e-15
128.9056603773585,-1.805432712003196e-15
129.0566037735849,-1.3164081729065891e-15
129.20754716981133,-1.4972096164135658e-15
129.35849056603774,-1.4454636427949967e-15
129.50943396226415,-1.6762105066628795e-15
129.66037735849056,-1.0957209374056167e-15
129.81132075471697,-1.900059342509609e-15
129.96226415094338,-1.2942279760385708e-15
130.11320754716982,-1.359519551794438e-15
130.26415094339623,-1.7342810988865757e-15
130.41509433962264,-1.5725394203789441e-15
130.56603773584905,-8.217277693866606e-16
130.71698113207546,-2.544320078578731e-15
130.8679245283019,-7.976283052873354e-16
131.0188679245283,-1.2667286275182533e-15
131.16981132075472,-2.399840074532493e-15
131.32075471698113,-1.3638586744782956e-15
131.47169811320754,5.304929021651674e-16
131.62264150943398,-5.606478341268375e-15
131.77358490566039,2.6516543291204824e-15
131.9245283018868,-3.967720121024787e-15
132.0754716981132,-3.5062271027601915e-16
132.22641509433961,-3.4097507958211317e-15
132.37735849056602,1.4078912560293705e-15
132.52830188679246,-2.493088103378681e-15
132.67924528301887,-6.408591824211814e-15
132.83018867924528,9.283659683925978e-15
132.9811320754717,-1.3192150986827963e-14
133.1320754716981,4.371633418625053e-15
133.28301886792454,7.9406656713608035e-16
133.43396226415095,-8.449585710231352e-15
133.58490566037736,2.9421199275892925e-15
133.73584905660377,1.3445635318574673e-15
133.88679245283018,-1.1422573361778002e-14
134.03773584905662,1.0404783213152648e-14
134.18867924528303,-1.0502233517440705e-14
134.33962264150944,2.7487984717865616e-15
134.49056603773585,-3.38725482413736e-15
134.64150943396226,7.744051695909013e-16
134.79245283018867,-5.297332653677702e-15
134.9433962264151,1.5635732703674576e-15
135.0943396226415,-1.1567128099925355e-15
135.24528301886792,-6.9828733921241965e-15
135.39622641509433,7.42242083511358e-15
135.54716981132074,-1.0587903865105291e-14
135.69811320754718,3.258215286731884e-15
135.8490566037736,4.840940762617922e-16
136.0,-1.0280445585333503e-14
136.1509433962264,9.772638473550911e-15
136.30188679245282,-9.79861413761798e-15
136.45283018867926,-7.871573633087658e-16
136.60377358490567,4.649532805857351e-15
136.75471698113208,-1.0235233812441405e-14
136.9056603773585,3.4129068425196e-15
137.0566037735849,4.726841399481389e-16
137.20754716981133,-9.949472231804226e-15
137.35849056603774,8.776956872354364e-15
137.50943396226415,-9.590635382631486e-15
137.66037735849056,1.8698668893859482e-15
137.81132075471697,-1.5574457236645191e-15
137.96226415094338,-3.1161577940768305e-15
138.11320754716982,-7.3060123640572e-17
138.26415094339623,-3.100336629231945e-15
138.41509433962264,-5.758126095839557e-16
138.56603773584905,-9.811833195625288e-16
138.71698113207546,-5.327519490499698e-15
138.8679245283019,4.471183113966681e-15
139.0188679245283,-7.427598858525462e-15
139.16981132075472,7.792814555595626e-16
139.32075471698113,1.149458705603233e-16
139.47169811320754,-5.8690173885657354e-15
139.62264150943398,2.2914344487035917e-15
139.77358490566039,-3.84682421657036e-15
139.9245283018868,-9.182663777823752e-16
140.0754716981132,-2.1985760267144462e-15
140.22641509433961,-6.870208447383075e-16
140.37735849056602,-2.80121577662534e-15
140.52830188679246,-1.0849067052620216e-15
140.67924528301887,-1.6496312042213465e-15
140.83018867924528,-1.727408571423728e-15
140.9811320754717,-2.2348284975638602e-15
141.1320754716981,-7.904667181183194e-16
141.28301886792454,-2.0183458789697087e-15
141.43396226415095,-2.4885809609887323e-15
141.58490566037736,-5.993858563730006e-16
141.73584905660377,-1.5271670284908196e-15
141.88679245283018,-3.5964651439213675e-15
142.03773584905662,-8.494565583139978e-17
142.18867924528303,-2.7217788265595936e-17
142.33962264150944,-7.600717823718752e-15
142.49056603773585,5.087873595769664e-15
142.64150943396226,-3.5255129721174567e-15
142.79245283018867,-9.182213502801186e-15
142.9433962264151,1.3622216217523123e-14
143.0943396226415,-1.7613808781081912e-14
143.24528301886792,5.56488311803745e-15
143.39622641509433,3.951930070530958e-15
143.54716981132074,-1.625423448234053e-14
143.69811320754718,1.1368751224451644e-14
143.8490566037736,-4.830108772552333e-15
144.0,-9.021475515031857e-15
144.1509433962264,8.021882834427501e-15
144.30188679245282,-4.8045074454414774e-15
144.45283018867926,-8.676768817965749e-15
144.60377358490567,1.0430504916017504e-14
144.75471698113208,-1.0781049856229655e-14
144.9056603773585,-1.8542154872707846e-15
145.0566037735849,7.053978824081143e-15
145.20754716981133,-1.354651842301818e-14
145.35849056603774,6.03151834972885e-15
145.50943396226415,-2.296824022193239e-15
145.66037735849056,-6.398262819773158e-15
145.81132075471697,2.5217734063783586e-15
145.96226415094338,-1.6942200407403867e-15
146.11320754716982,-5.900703713035173e-15
146.26415094339623,2.2747163112198845e-15
146.41509433962264,-1.9077657347811414e-15
146.56603773584905,-6.378756165622685e-15
146.71698113207546,5.042823138607153e-15
146.8679245283019,-7.938298949791836e-15
147.0188679245283,2.3219600274568757e-15
147.16981132075472,-4.649225000804088e-15
147.32075471698113,9.670537499054e-16
147.47169811320754,-5.0513954096738345e-15
147.62264150943398,1.4350224006717215e-15
147.77358490566039,-4.601724226997103e-15
147.9245283018868,4.791150926567221e-16
148.0754716981132,-4.1575014200347524e-15
148.22641509433961,8.138038237378479e-16
148.37735849056602,-4.645610324041914e-15
148.52830188679246,6.858083675965583e-16
148.67924528301887,-3.987143925886612e-15
148.83018867924528,2.7023383180217163e-16
148.9811320754717,-4.442345621303943e-15
149.1320754716981,1.1971691794298993e-15
149.28301886792454,-4.812453783698112e-15
149.43396226415095,4.087459920074421e-16
149.58490566037736,-3.6322736380078985e-15
149.73584905660377,3.348703847622839e-16
149.88679245283018,-5.3701311016808734e-15
150.03773584905662,2.5420569607032564e-15
150.18867924528303,-5.61959777135295e-15
150.33962264150944,-1.504644263073513e-16
150.49056603773585,-2.5261242442516113e-15
150.64150943396226,7.676009481284081e-16
150.79245283018867,-9.173747140407031e-15
150.9433962264151,8.93004335931343e-15
151.0943396226415,-1.1493518368138766e-14
151.24528301886792,1.8265052374027203e-15
151.39622641509433,1.282677108813908e-16
151.54716981132074,-4.463137002178554e-15
151.69811320754718,-4.4965691324224204e-15
151.8490566037736,6.06575587210824e-15
152.0,-9.437124701022994e-15
152.1509433962264,-1.4191649183251324e-15
152.30188679245282,5.2270535939581125e-15
152.45283018867926,-1.0576704845617173e-14
152.60377358490567,6.845002958054482e-16
152.75471698113208,4.065949489285714e-15
152.9056603773585,-1.3143279074287504e-14
153.0566037735849,8.758279701463425e-15
153.20754716981133,-8.393365527436929e-15
153.35849056603774,-1.6842000312262068e-16
153.50943396226415,-1.3299761927422095e-15
153.66037735849056,-1.7395918181010526e-15
153.81132075471697,-5.1693850917117574e-15
153.96226415094338,3.194137989863129e-15
154.11320754716982,-4.979509661058313e-15
154.26415094339623,-5.2882324249522076e-15
154.41509433962264,8.090129792789253e-15
154.56603773584905,-1.4403838442679442e-14
154.71698113207546,6.196848664319028e-15
154.8679245283019,-1.6013606179616455e-15
155.0188679245283,-1.0124450286886529e-14
155.16981132075472,8.624533122686104e-15
155.32075471698113,-9.252157064412761e-15
155.47169811320754,-6.205236491435101e-16
155.62264150943398,5.645412746237122e-16
155.77358490566039,-4.7658677550077355e-15
155.9245283018868,-1.020684864696173e-15
156.0754716981132,-2.5364712155959656e-15
156.22641509433961,2.7998565618303693e-16
156.37735849056602,-5.740934485012777e-15
156.52830188679246,-7.147907263543896e-16
156.67924528301887,2.6448059903656173e-15
156.83018867924528,-1.1250754575283483e-14
156.9811320754717,4.798495362683066e-15
157.1320754716981,1.7519751469973456e-16
157.28301886792454,-1.2991143023986377e-14
157.43396226415095,9.492885906236896e-15
157.58490566037736,-5.096913054498905e-15
157.73584905660377,-9.40580776054557e-15
157.88679245283018,8.684187517064728e-15
158.03773584905662,-6.6720105877383334e-15
158.18867924528303,-7.597602554040141e-15
158.33962264150944,9.281112110119414e-15
158.49056603773585,-1.0673712462488281e-14
158.64150943396226,-2.473343625672182e-15
158.79245283018867,7.19394979679036e-15
158.9433962264151,-1.4772015985821572e-14
159.0943396226415,7.481272898294732e-15
159.24528301886792,-5.1924323006232e-15
159.39622641509433,-4.450408886228472e-15
159.54716981132074,2.1321592923098846e-15
159.69811320754718,-5.030232201017786e-15
159.8490566037736,-1.6161739421551075e-15
160.0,-1.0022806812094842e-15
160.1509433962264,-3.2368033864435743e-15
160.30188679245282,-2.2180175325761568e-15
160.45283018867926,-7.732893753300235e-16
160.60377358490567,-3.2822925503454634e-15
160.75471698113208,-3.3950019477657252e-15
160.9056603773585,2.7115912392440272e-15
161.0566037735849,-9.252154910055476e-15
161.20754716981133,3.945092271308545e-15
161.35849056603774,-4.350650974209249e-15
161.50943396226415,-4.195924857373631e-15
161.66037735849056,2.0554854357493297e-15
161.81132075471697,-5.978810422534761e-15
161.96226415094338,9.277311304660275e-17
162.11320754716982,-3.3361663804395535e-15
162.26415094339623,-1.14224486896186e-15
162.41509433962264,-3.315537046737909e-15
162.56603773584905,-1.4504766566706404e-15
162.71698113207546,-2.0845018289280523e-15
162.8679245283019,-2.6725290543942797e-15
163.0188679245283,-2.3412319840927378e-15
163.16981132075472,-9.409998203696959e-16
163.32075471698113,-3.618941613393825e-15
163.47169811320754,-2.3797552881802512e-15
163.62264150943398,2.390796431531516e-16
163.77358490566039,-4.985760705507032e-15
163.9245283018868,-2.523460619416889e-15
164.0754716981132,2.5075012185849062e-15
164.22641509433961,-8.25217689314426e-15
164.37735849056602,-4.683969556155351e-16
164.52830188679246,3.3879966398244473e-15
164.67924528301887,-1.2802409495802873e-14
164.83018867924528,7.209741442928716e-15
164.9811320754717,-5.836721777527983e-15
165.1320754716981,-4.279454757930826e-15
165.28301886792454,8.116979777482564e-16
165.43396226415095,-1.4684085446864653e-15
165.58490566037736,-7.951650977634247e-15
165.73584905660377,5.129678775186305e-15
165.88679245283018,-7.467273250111249e-15
166.03773584905662,3.8049493573208896e-17
166.18867924528303,-4.112847091047783e-15
166.33962264150944,8.308977323133584e-16
166.49056603773585,-4.781441738211116e-15
166.64150943396226,-4.4083534621576775e-15
166.79245283018867,6.282159011826982e-15
166.9433962264151,-1.4355206290501767e-14
167.0943396226415,7.0613378914052406e-15
167.24528301886792,-3.862074102206328e-15
167.39622641509433,-9.022877920526814e-15
167.54716981132074,8.38288296470918e-15
167.69811320754718,-1.101159931111134e-14
167.8490566037736,5.606262964379074e-16
168.0,5.026193914847937e-16
168.1509433962264,-7.914986179253177e-15
168.30188679245282,2.737049592464842e-15
168.45283018867926,-5.0793906743084275e-15
168.60377358490567,-1.9133651735297177e-15
168.75471698113208,-1.7689251943570192e-15
168.9056603773585,-1.961605221286368e-15
169.0566037735849,-5.23315743306504e-15
169.20754716981133,2.78708569212046e-15
169.35849056603774,-7.576039662242822e-15
169.50943396226415,6.76659255173224e-16
169.66037735849056,-3.165477166180717e-15
169.81132075471697,-1.9483282514263206e-15
169.96226415094338,-3.4171768431248696e-15
170.11320754716982,-2.7235168019848895e-15
170.26415094339623,3.033553389200385e-15
170.41509433962264,-1.4714270326276404e-14
170.56603773584905,1.4687772613760314e-14
170.71698113207546,-1.9446405331381946e-14
170.8679245283019,1.0550541698386944e-14
171.0188679245283,-1.0175689685679613e-14
171.16981132075472,1.6553742267741962e-15
171.32075471698113,-4.7567139488864945e-15
171.47169811320754,-1.1720529563058023e-15
171.62264150943398,-1.2607851315347717e-15
171.77358490566039,-8.249531316909131e-15
171.9245283018868,9.066792986434459e-15
172.0754716981132,-1.735123150363279e-14
172.22641509433961,1.030481369443046e-14
172.37735849056602,-7.036044207215931e-15
172.52830188679246,-8.050849580405772e-15
172.67924528301887,9.299779056254625e-15
172.83018867924528,-1.2658692940685987e-14
172.9811320754717,4.507949130008138e-16
173.1320754716981,1.3802886778269221e-15
173.28301886792454,-7.159492383568801e-15
173.43396226415095,-2.7499605545996067e-15
173.58490566037736,3.2847835520564735e-15
173.73584905660377,-8.770168973192258e-15
173.88679245283018,-1.2677820934962764e-15
174.03773584905662,2.291479714029019e-15
174.18867924528303,-8.862670998778761e-15
174.33962264150944,3.753409661111353e-17
174.49056603773585,2.0550429864693412e-16
174.64150943396226,-6.9508200117683094e-15
174.79245283018867,-1.2815542762431982e-15
174.9433962264151,1.6261336896574158e-15
175.0943396226415,-1.0243233457557916e-14
175.24528301886792,5.167566457461814e-15
175.39622641509433,-7.728766677313463e-15
175.54716981132074,8.492057506479837e-17
175.69811320754718,-4.070509973308385e-15
175.8490566037736,-6.061387542301953e-16
176.0,-5.430301129321139e-15
176.1509433962264,8.275267296730559e-16
176.30188679245282,-5.512102283476994e-15
176.45283018867926,-8.294494951040072e-16
176.60377358490567,-2.9532059581169978e-15
176.75471698113208,-2.666233247426481e-15
176.9056603773585,-3.4915660125396907e-15
177.0566037735849,2.261062769564647e-16
177.20754716981133,-6.1438224691641814e-15
177.35849056603774,-1.208770301230978e-15
177.50943396226415,5.158992879399754e-16
177.66037735849056,-9.166194147992818e-15
177.81132075471697,3.0042512594145867e-15
177.96226415094338,-2.765044522671489e-15
178.11320754716982,-8.43833742432677e-15
178.26415094339623,5.0439080009993415e-15
178.41509433962264,-6.744375038543298e-15
178.56603773584905,-3.984753165830884e-15
178.71698113207546,1.039208252790358e-15
178.8679245283019,-2.7594971338689404e-15
179.0188679245283,-1.0005449680433605e-14
179.16981132075472,1.1205865933606042e-14
179.32075471698113,-1.7884161961602934e-14
179.47169811320754,8.983827029205124e-15
179.62264150943398,-9.507207366718496e-15
179.77358490566039,1.985542350374257e-15
179.9245283018868,-8.076332262203866e-15
180.0754716981132,3.763468379182618e-15
180.22641509433961,-7.625926503214115e-15
180.37735849056602,-1.8712612781819645e-15
180.52830188679246,8.031899113586696e-16
180.67924528301887,-7.436524662216237e-15
180.83018867924528,-9.88404716094748e-16
180.9811320754717,1.12742279329855e-15
181.1320754716981,-1.0775252838982067e-14
181.28301886792454,5.41052048626561e-15
181.43396226415095,-6.647376998810922e-15
181.58490566037736,-4.479902268893164e-15
181.73584905660377,2.8360547245532195e-15
181.88679245283018,-8.016366480811955e-15
182.03773584905662,-1.4197739235998268e-15
182.18867924528303,1.0077200595783705e-15
182.33962264150944,-9.25063594447668e-15
182.49056603773585,2.5624192079081756e-15
182.64150943396226,-4.01124272276712e-15
182.79245283018867,-5.47419090903696e-15
182.9433962264151,1.7425881073087392e-15
183.0943396226415,-6.883915315566518e-15
183.24528301886792,3.4661220264745336e-16
183.39622641509433,-5.218614934382575e-15
183.54716981132074,-1.1671562882539908e-15
183.69811320754718,-2.5541105356716274e-15
183.8490566037736,-5.245136412745786e-15
184.0,6.710466043930694e-16
184.1509433962264,-5.476946186168225e-15
184.30188679245282,-1.3173476867606403e-15
184.45283018867926,-3.9037802679228035e-15
184.60377358490567,-2.2013622192393834e-15
184.75471698113208,-7.971798258539789e-16
184.9056603773585,-9.607302597417076e-15
185.0566037735849,8.206342778093742e-15
185.20754716981133,-1.497198746749115e-14
185.35849056603774,7.48541377420973e-15
185.50943396226415,-1.0570638067924685e-14
185.66037735849056,3.0211122740114574e-15
185.81132075471697,-7.090498573125636e-15
185.96226415094338,-9.571380753789894e-16
186.11320754716982,-1.8541677408768464e-15
186.26415094339623,-5.9634365993527826e-15
186.41509433962264,5.240909787191345e-16
186.56603773584905,-5.055707021730272e-15
186.71698113207546,-2.0658443527413485e-15
186.8679245283019,-3.196510732942588e-15
187.0188679245283,-2.215925100744882e-15
187.16981132075472,-3.804926392241571e-15
187.32075471698113,-2.6220321558069547e-15
187.47169811320754,-1.9856308188394035e-15
187.62264150943398,-4.087125625178962e-15
187.77358490566039,-3.4127790296918887e-15
187.9245283018868,3.962034827897917e-16
188.0754716981132,-7.833733099290129e-15
188.22641509433961,8.711932544898074e-16
188.37735849056602,-3.649645461315203e-15
188.52830188679246,-5.225139758622607e-15
188.67924528301887,1.5137716912586041e-15
188.83018867924528,-9.543911871165565e-15
188.9811320754717,6.284124185425957e-15
189.1320754716981,-1.3752543532946018e-14
189.28301886792454,6.105170921091346e-15
189.43396226415095,-6.980460744554981e-15
189.58490566037736,-3.964017642985657e-15
189.73584905660377,-8.513175704651001e-16
189.88679245283018,-1.7519950972147137e-15
190.03773584905662,-8.51713659741524e-15
190.18867924528303,3.581824680745881e-15
190.33962264150944,-6.181697320609382e-15
190.49056603773585,-4.891758027633525e-15
190.64150943396226,2.01506576959815e-15
190.79245283018867,-7.679462319507554e-15
190.9433962264151,-7.036921453823786e-16
191.0943396226415,-3.379966333299806e-15
191.24528301886792,-2.946832707321131e-15
191.39622641509433,-3.746173497122394e-15
191.54716981132074,-2.16115865683234e-15
191.69811320754718,-2.9784882475436295e-15
191.8490566037736,-4.2050051870361906e-15
192.0,-1.8843141273556326e-15
192.1509433962264,-2.9766522559873584e-15
192.30188679245282,-3.918227704508447e-15
192.45283018867926,-3.688353140248339e-15
192.60377358490567,1.1341487264358976e-15
192.75471698113208,-1.0279198269741887e-14
192.9056603773585,3.8629681109472035e-15
193.0566037735849,-6.226304262585107e-15
193.20754716981133,-4.717758333545515e-15
193.35849056603774,1.3715227616057054e-15
193.50943396226415,-7.401088410042963e-15
193.66037735849056,-6.675456161219817e-16
193.81132075471697,-3.823297696219239e-15
193.96226415094338,-3.0503145984244614e-15
194.11320754716982,-3.1296882695759227e-15
194.26415094339623,-3.2375497732154183e-15
194.41509433962264,-2.697133338935446e-15
194.56603773584905,-3.547274438044519e-15
194.71698113207546,-3.0689155803020073e-15
194.8679245283019,-3.4215120111250883e-15
195.0188679245283,-1.1405223861988873e-15
195.16981132075472,-7.821919893759493e-15
195.32075471698113,3.335506716758462e-15
195.47169811320754,-9.39776412682863e-15
195.62264150943398,1.3442311114517683e-15
195.77358490566039,-5.84926398940946e-15
195.9245283018868,-1.650703897242448e-15
196.0754716981132,-4.157339964368953e-15
196.22641509433961,-2.382639602136611e-15
196.37735849056602,-3.8280421047006685e-15
196.52830188679246,-3.1015790523751213e-15
196.67924528301887,-2.360266794198399e-15
196.83018867924528,-4.7348881382197794e-15
196.9811320754717,-1.620147229638869e-15
197.1320754716981,-4.7270247795124366e-15
197.28301886792454,-1.0137325839002235e-15
197.43396226415095,-6.995284233813281e-15
197.58490566037736,2.309274233586269e-15
197.73584905660377,-1.0345059625002346e-14
197.88679245283018,5.51812148113165e-15
198.03773584905662,-1.3616220100033083e-14
198.18867924528303,7.623891402006603e-15
198.33962264150944,-1.2395320596909642e-14
198.49056603773585,2.2594955511805293e-15
198.64150943396226,-4.892491369946831e-15
198.79245283018867,-4.491124726006768e-15
198.9433962264151,-3.2954410663617027e-16
199.0943396226415,-7.195593075841916e-15
199.24528301886792,9.020938688785434e-16
199.39622641509433,-6.982823048703568e-15
199.54716981132074,-6.913763780871144e-16
199.69811320754718,-4.241754331576674e-15
199.8490566037736,-4.692385237712901e-15
200.0,4.231451838044796e-16
200.1509433962264,-7.843215882250115e-15
200.30188679245282,-2.518897121347702e-16
200.45283018867926,-4.5968844676645495e-15
200.60377358490567,-7.318094693434944e-16
200.75471698113208,-1.1888268054414738e-14
200.9056603773585,1.3062703143607839e-14
201.0566037735849,-2.4254668972568715e-14
201.20754716981133,1.549818652162543e-14
201.35849056603774,-1.5317804561837082e-14
201.50943396226415,1.8584812506911486e-15
201.66037735849056,-5.662362265827912e-15
201.81132075471697,-3.6990723393266926e-16
201.96226415094338,-8.143275063389741e-15
202.11320754716982,2.1014826442033853e-15
202.26415094339623,-8.023167628275736e-15
202.41509433962264,-6.015371320251446e-16
202.56603773584905,-4.4644678344106934e-15
202.71698113207546,-2.7859298585908486e-15
202.8679245283019,-5.079602500476437e-15
203.0188679245283,-4.81148016551264e-16
203.16981132075472,-5.892286143696668e-15
203.32075471698113,-3.8252017483207995e-15
203.47169811320754,8.371471566013721e-16
203.62264150943398,-1.006877422661997e-14
203.77358490566039,2.5633646914176235e-15
203.9245283018868,-6.605054578409558e-15
204.0754716981132,-2.7468446034731876e-15
204.22641509433961,-4.384912692373638e-15
204.37735849056602,3.5714390578178863e-16
204.52830188679246,-1.0425667881285419e-14
204.67924528301887,3.977328898144784e-15
204.83018867924528,-7.474312335060608e-15
204.9811320754717,-5.682977449867351e-15
205.1320754716981,4.777634996525163e-15
205.28301886792454,-1.4864871050320376e-14
205.43396226415095,6.755099170122668e-15
205.58490566037736,-9.034148859376056e-15
205.73584905660377,-4.2984246640783344e-15
205.88679245283018,2.692696256703662e-15
206.03773584905662,-1.2177164263606938e-14
206.18867924528303,3.749629919678973e-15
206.33962264150944,-6.100524087288965e-15
206.49056603773585,-7.25849819508986e-15
206.64150943396226,5.6639459298942674e-15
206.79245283018867,-1.527178109404568e-14
206.9433962264151,6.9164931905694116e-15
207.0943396226415,-9.87738905751893e-15
207.24528301886792,-2.270812855066256e-15
207.39622641509433,-1.0807835991362724e-15
207.54716981132074,-6.94476295827604e-15
207.69811320754718,-2.7106059098394483e-15
207.8490566037736,2.215598795997272e-16
208.0,-1.1492763410836804e-14
208.1509433962264,5.0946268243334254e-15
208.30188679245282,-8.851236692104594e-15
208.45283018867926,-4.297182032763919e-15
208.60377358490567,2.0378282641140565e-15
208.75471698113208,-9.856111169811609e-15
208.9056603773585,-2.0195895902446986e-15
209.0566037735849,1.7539395964029054e-15
209.20754716981133,-1.3123341144828684e-14
209.35849056603774,3.5451862434130527e-15
209.50943396226415,-3.646195041257857e-15
209.66037735849056,-9.60156306916364e-15
209.81132075471697,1.5991877825503428e-15
209.96226415094338,-2.1594630493368323e-15
210.11320754716982,-1.1129670785751164e-14
210.26415094339623,2.1885082588656985e-15
210.41509433962264,-5.508590656165557e-16
210.56603773584905,-1.5437441048586447e-14
210.71698113207546,8.284652497848843e-15
210.8679245283019,-6.8312670955982335e-15
211.0188679245283,-1.0965744665248317e-14
211.16981132075472,7.151436905606094e-15
211.32075471698113,-9.598527281015578e-15
211.47169811320754,-5.4056917784211945e-15
211.62264150943398,9.225643039123586e-16
211.77358490566039,-4.887054840289285e-15
211.9245283018868,-7.919153486383213e-15
212.0754716981132,2.080283712381776e-15
212.22641509433961,-6.175266522141227e-15
212.37735849056602,-6.256741428080793e-15
212.52830188679246,1.3828262611290796e-15
212.67924528301887,-8.552149596476753e-15
212.83018867924528,-1.1111078200061984e-16
212.9811320754717,-6.806714222154643e-15
213.1320754716981,-2.103016085002094e-15
213.28301886792454,-1.5503206516104524e-15
213.43396226415095,-1.1318424484458152e-14
213.58490566037736,6.5128852972184284e-15
213.73584905660377,-1.1138720675915406e-14
213.88679245283018,-4.236585605318326e-15
214.03773584905662,4.830655954794333e-15
214.18867924528303,-1.66293522283985e-14
214.33962264150944,7.811795294403168e-15
214.49056603773585,-1.091852219124798e-14
214.64150943396226,-9.422758339857224e-16
214.79245283018867,-5.758857399484615e-15
214.9433962264151,8.379860575641724e-16
215.0943396226415,-1.2562148081681972e-14
215.24528301886792,6.72208927505168e-15
215.39622641509433,-1.2371184541326596e-14
215.54716981132074,2.0422636594082688e-16
215.69811320754718,-4.089642453260154e-15
215.8490566037736,-5.409525612854232e-15
216.0,-1.5790527205817267e-15
216.1509433962264,-7.472386669005648e-15
216.30188679245282,1.2824633090310734e-15
216.45283018867926,-9.035335494816096e-15
216.60377358490567,-1.676510339017104e-15
216.75471698113208,-1.2138199912245479e-15
216.9056603773585,-1.0902150588106736e-14
217.0566037735849,4.425943173807227e-15
217.20754716981133,-1.0189518604188427e-14
217.35849056603774,-1.2775243118080277e-15
217.50943396226415,-4.557605791747117e-15
217.66037735849056,-1.5627597585535758e-15
217.81132075471697,-1.0971909334948846e-14
217.96226415094338,7.0144329995483126e-15
218.11320754716982,-1.450467370439873e-14
218.26415094339623,1.378080606827922e-15
218.41509433962264,-2.6387162087476706e-15
218.56603773584905,-8.671384468828784e-15
218.71698113207546,-1.4616451060512994e-15
218.8679245283019,-8.659482618886026e-16
219.0188679245283,-1.1385811449534567e-14
219.16981132075472,2.940257691569204e-15
219.32075471698113,-6.33122777694271e-15
219.47169811320754,-6.7604745078562e-15
219.62264150943398,1.1143825468026652e-15
219.77358490566039,-8.4152561204519e-15
219.9245283018868,-1.4374905209518837e-15
220.0754716981132,-5.601108250245063e-15
220.22641509433961,-2.4990808712307944e-15
220.37735849056602,-5.393379210786068e-15
220.52830188679246,-3.456977313998366e-15
220.67924528301887,-4.339978102576516e-15
220.83018867924528,-2.3118177036492526e-15
220.9811320754717,-8.414020112946781e-15
221.1320754716981,1.8050245156043016e-15
221.28301886792454,-8.89196183170779e-15
221.43396226415095,-1.8084602526901156e-15
221.58490566037736,-4.5902875309506574e-15
221.73584905660377,-3.648197905470487e-15
221.88679245283018,-4.615724762808894e-15
222.03773584905662,-5.622860595788191e-15
222.18867924528303,2.005862005675924e-15
222.33962264150944,-1.5008410665800844e-14
222.49056603773585,8.739131930828139e-15
222.64150943396226,-1.528937252563945e-14
222.79245283018867,3.706807834055931e-15
222.9433962264151,-9.42846897710175e-15
223.0943396226415,-2.291521955326529e-17
223.24528301886792,-7.298159396060974e-15
223.39622641509433,-2.588652844753579e-15
223.54716981132074,-3.885936372388275e-15
223.69811320754718,-5.775929166837165e-15
223.8490566037736,-1.6080345772423998e-15
224.0,-7.629835609115866e-15
224.1509433962264,-5.834276151495543e-16
224.30188679245282,-5.584352168626057e-15
224.45283018867926,-7.520719506897732e-15
224.60377358490567,3.678507110313659e-15
224.75471698113208,-1.2214062917811013e-14
224.9056603773585,-2.20427513067038e-15
225.0566037735849,2.7547497870525164e-15
225.20754716981133,-1.6912385134200292e-14
225.35849056603774,6.855715860228718e-15
225.50943396226415,-7.902710213745834e-15
225.66037735849056,-7.86393891242615e-15
225.81132075471697,1.4673053893812096e-15
225.96226415094338,-6.8194277531457754e-15
226.11320754716982,-5.066710786034165e-15
226.26415094339623,-4.782323296941516e-15
226.41509433962264,2.10304537461313e-15
226.56603773584905,-1.5176445468310076e-14
226.71698113207546,4.115109012071732e-15
226.8679245283019,-3.650880831876045e-15
227.0188679245283,-1.326117649712875e-14
227.16981132075472,5.235146414085036e-15
227.32075471698113,-6.363778431357765e-15
227.47169811320754,-1.115352293914187e-14
227.62264150943398,6.2969066678040375e-15
227.77358490566039,-1.255088952427347e-14
227.9245283018868,-5.466904190965369e-16
228.0754716981132,-5.532452789996343e-15
228.22641509433961,-3.328533059302357e-15
228.37735849056602,-5.258697528221162e-15
228.52830188679246,-5.266428415040252e-15
228.67924528301887,-1.7117319258133215e-16
228.83018867924528,-1.1072056506836519e-14
228.9811320754717,2.156860604335159e-15
229.1320754716981,-7.711927303324558e-15
229.28301886792454,-5.012149544855456e-15
229.43396226415095,-2.33480129337121e-15
229.58490566037736,-3.3611140954889963e-15
229.73584905660377,-1.0921017509903673e-14
229.88679245283018,5.027034703417884e-15
230.03773584905662,-1.0421659002759709e-14
230.18867924528303,-6.412027397431374e-15
230.33962264150944,4.428015783672652e-15
230.49056603773585,-1.4436531925641775e-14
230.64150943396226,1.953819990060207e-15
230.79245283018867,-6.8520790338505335e-15
230.9433962264151,-3.0184839876654393e-15
231.0943396226415,-6.8597042733570834e-15
231.24528301886792,-2.635718819697091e-15
231.39622641509433,-1.8658286028252975e-15
231.54716981132074,-1.3401823856680708e-14
231.69811320754718,8.332153335543123e-15
231.8490566037736,-1.5492289155421666e-14
232.0,1.8754936732893897e-16
232.1509433962264,-2.5271166330157716e-15
232.30188679245282,-9.36223813988752e-15
232.45283018867926,-8.812930911276233e-16
232.60377358490567,-5.597663971795592e-15
232.75471698113208,-3.890816694294331e-15
232.9056603773585,-7.35262219606527e-15
233.0566037735849,1.3029585289063903e-15
233.20754716981133,-1.171390936817557e-14
233.35849056603774,1.632453810433256e-15
233.50943396226415,-8.073075337147756e-15
233.66037735849056,-4.103695025188322e-15
233.81132075471697,-1.7623023037123761e-15
233.96226415094338,-1.0787199802466684e-14
234.11320754716982,4.994563504663849e-15
234.26415094339623,-1.6154047637313575e-14
234.41509433962264,6.544210955349232e-15
234.56603773584905,-1.2223634100808579e-14
234.71698113207546,-2.639085299467054e-15
234.8679245283019,-4.26413542507014e-16
235.0188679245283,-1.2923510561678697e-14
235.16981132075472,3.988984089648651e-15
235.32075471698113,-8.719931659619729e-15
235.47169811320754,-8.452937953745489e-15
235.62264150943398,6.9979293459609476e-15
235.77358490566039,-1.9090974168899385e-14
235.9245283018868,5.3456476225320495e-15
236.0754716981132,-5.301463546016054e-15
236.22641509433961,-1.181902794848438e-14
236.37735849056602,3.764286968652299e-15
236.52830188679246,-7.780817532098036e-15
236.67924528301887,-8.404455420359759e-15
236.83018867924528,2.3661068828577645e-15
236.9811320754717,-1.0286075033280851e-14
237.1320754716981,-1.7768683324506377e-15
237.28301886792454,-7.632474348373174e-15
237.43396226415095,1.709820081418906e-15
237.58490566037736,-1.462364010925332e-14
237.73584905660377,5.109397691773279e-15
237.88679245283018,-1.0232693101067392e-14
238.03773584905662,-4.579943470485617e-15
238.18867924528303,-1.8975539931180866e-15
238.33962264150944,-6.9790375222736466e-15
238.49056603773585,-4.772849361541623e-15
238.64150943396226,-3.088409024665692e-15
238.79245283018867,-6.397000035664114e-15
238.9433962264151,-3.672887860344266e-15
239.0943396226415,-6.029906990398556e-15
239.24528301886792,-2.3067869847541715e-15
239.39622641509433,-8.160317955707323e-15
239.54716981132074,-1.8103741726204834e-15
239.69811320754718,-6.372037032814571e-15
239.8490566037736,-3.3991697581139602e-15
240.0,-8.619603646608292e-15
240.1509433962264,2.9609736837858987e-15
240.30188679245282,-1.4708238694590802e-14
240.45283018867926,3.572534873808977e-15
240.60377358490567,-9.667257534537755e-15
240.75471698113208,-1.6915114852335489e-15
240.9056603773585,-9.81189839228381e-15
241.0566037735849,3.3386201291160117e-15
241.20754716981133,-1.3406482769316629e-14
241.35849056603774,-1.8821918956648026e-16
241.50943396226415,-3.905109021098269e-15
241.66037735849056,-8.74508225798697e-15
241.81132075471697,-2.574807098703906e-15
241.96226415094338,-2.9555484615866517e-15
242.11320754716982,-9.683094607941356e-15
242.26415094339623,-1.1742297161242457e-15
242.41509433962264,-3.2272822663500434e-15
242.56603773584905,-1.4094562993854632e-14
242.71698113207546,1.0537054325746147e-14
242.8679245283019,-2.1515952856563566e-14
243.0188679245283,6.339912714009997e-15
243.16981132075472,-6.759216853802084e-15
243.32075471698113,-1.0987035835704474e-14
243.47169811320754,3.0823870127969936e-15
243.62264150943398,-8.774413876217176e-15
243.77358490566039,-7.38228311441948e-15
243.9245283018868,1.443539476738005e-15
244.0754716981132,-1.1202724790998274e-14
244.22641509433961,-1.3087611084800735e-15
244.37735849056602,-6.317699725850195e-15
244.52830188679246,-3.882059868277021e-15
244.67924528301887,-7.373179103831093e-15
244.83018867924528,-1.3924781661647971e-15
244.9811320754717,-8.112789722063027e-15
245.1320754716981,-3.831228532013965e-15
245.28301886792454,-4.507375815116825e-15
245.43396226415095,-4.7423676883690555e-15
245.58490566037736,-8.57934518583901e-15
245.73584905660377,2.199077358011704e-15
245.88679245283018,-1.3038107924494553e-14
246.03773584905662,-7.004429037186741e-16
246.18867924528303,-2.3729021465390743e-15
246.33962264150944,-1.432901120868986e-14
246.49056603773585,6.83941647514953e-15
246.64150943396226,-1.4247452491313298e-14
246.79245283018867,-1.6502308062726165e-15
246.9433962264151,-3.3619146082981377e-15
247.0943396226415,-8.561491120484783e-15
247.24528301886792,-2.7917836855249356e-15
247.39622641509433,-5.471813329294238e-15
247.54716981132074,-5.1853901138158334e-15
247.69811320754718,-5.7859445688522195e-15
247.8490566037736,-4.23813348840837e-15
248.0,-3.9803753789243884e-15
248.1509433962264,-9.436740875687085e-15
248.30188679245282,1.1336499683594361e-15
248.45283018867926,-1.0620848335676366e-14
248.60377358490567,-1.8228879240940847e-15
248.75471698113208,-6.8905877974314715e-15
248.9056603773585,-3.679639522641592e-15
249.0566037735849,-6.2674071934205446e-15
249.20754716981133,-5.596947248073181e-15
249.35849056603774,-2.209335981432495e-15
249.50943396226415,-1.0145652938017411e-14
249.66037735849056,4.502761211890172e-16
249.81132075471697,-1.0039921324088556e-14
249.96226415094338,-2.013468798243053e-15
250.11320754716982,-6.0600905919847016e-15
250.26415094339623,-6.698316044330863e-15
250.41509433962264,-1.8118902410924634e-15
250.56603773584905,-9.455311760567913e-15
250.71698113207546,-1.3395078472599022e-15
250.8679245283019,-7.353007562765886e-15
251.0188679245283,-5.967788575420467e-15
251.16981132075472,-1.0880929205906343e-15
251.32075471698113,-1.225843886927008e-14
251.47169811320754,3.3951741270574955e-15
251.62264150943398,-1.3977248947563268e-14
251.77358490566039,2.3093604289884165e-15
251.9245283018868,-1.0790577164755974e-14
252.0754716981132,-1.7712909391636833e-15
252.22641509433961,-8.039256658760147e-15
252.37735849056602,-8.736077380966372e-16
252.52830188679246,-1.294347315493505e-14
252.67924528301887,4.817705916170595e-15
252.83018867924528,-1.4656746235062936e-14
252.9811320754717,8.092825648279268e-17
253.1320754716981,-5.750723761066428e-15
253.28301886792454,-7.9647263639919e-15
253.43396226415095,-2.495199548412954e-15
253.58490566037736,-6.317539473765787e-15
253.73584905660377,-6.250609627413707e-15
253.88679245283018,-3.721427959581771e-15
254.03773584905662,-6.273997572287833e-15
254.18867924528303,-5.564869418074658e-15
254.33962264150944,-4.6502616378594674e-15
254.49056603773585,-5.216952405325566e-15
254.64150943396226,-7.100731496911009e-15
254.79245283018867,-2.9232848036479007e-15
254.9433962264151,-6.2135270721732e-15
255.0943396226415,-7.959380679191964e-15
255.24528301886792,-1.4537962122943018e-17
255.39622641509433,-1.0475205682952877e-14
255.54716981132074,-3.965285366526212e-15
255.69811320754718,-1.884886631195463e-15
255.8490566037736,-1.2452905452056141e-14
256.0,2.2287896744843383e-15
256.1509433962264,-1.1061713132135625e-14
256.3018867924528,-2.6883537931635165e-15
256.45283018867923,-6.55736253142601e-15
256.60377358490564,-3.1875328762280567e-15
256.75471698113205,-1.113273727535341e-14
256.9056603773585,3.678305565717673e-15
257.0566037735849,-1.521325758548865e-14
257.20754716981133,6.64904725891815e-16
257.35849056603774,-4.8274406277985015e-15
257.50943396226415,-1.2632717967243206e-14
257.66037735849056,4.273645651376286e-15
257.811320754717,-1.2464252793843246e-14
257.9622641509434,-4.68461698833189e-15
258.1132075471698,-7.514318251020723e-16
258.2641509433962,-1.2122356658688599e-14
258.41509433962267,-5.152880192956537e-16
258.5660377358491,-8.436734254539564e-15
258.7169811320755,-2.1382247381609236e-15
258.8679245283019,-1.1949274629774498e-14
259.0188679245283,3.667757785926611e-15
259.1698113207547,-1.4404587747355467e-14
259.3207547169811,-2.7628063808581364e-16
259.47169811320754,-6.345999143539515e-15
259.62264150943395,-7.646094762659604e-15
259.77358490566036,-2.7875662314094715e-15
259.92452830188677,-7.62289119037382e-15
260.07547169811323,-5.078369695588268e-15
260.22641509433964,-3.663648459806074e-15
260.37735849056605,-1.0232992615972064e-14
260.52830188679246,5.494286717742951e-16
260.6792452830189,-1.0734119632503463e-14
260.8301886792453,-3.424169677667064e-15
260.9811320754717,-4.728723181002739e-15
261.1320754716981,-8.55220074077873e-15
261.2830188679245,-1.1625952663771161e-15
261.4339622641509,-1.1755772114177007e-14
261.58490566037733,1.6824072071508085e-15
261.7358490566038,-1.2117489371664786e-14
261.8867924528302,-2.6461442686966583e-15
262.0377358490566,-3.8412329816520315e-15
262.188679245283,-1.118799846564104e-14
262.33962264150944,7.284539247995501e-16
262.49056603773585,-1.007793859920418e-14
262.64150943396226,-4.245997597454564e-15
262.79245283018867,-5.7514045848758e-15
262.9433962264151,-3.8093309992206714e-15
263.0943396226415,-1.1499898424370601e-14
263.24528301886795,3.0664587517685713e-15
263.39622641509436,-1.3780089651622002e-14
263.54716981132077,-1.8850707848385777e-15
263.6981132075472,-4.432700868028539e-15
263.8490566037736,-9.967883956454613e-15
264.0,-1.6703797718205854e-15
264.1509433962264,-7.721853471122211e-15
264.3018867924528,-5.624533158485583e-15
264.45283018867923,-5.368596018771346e-15
264.60377358490564,-5.4690908294005696e-15
264.75471698113205,-6.806655910862696e-15
264.9056603773585,-4.6719479263553554e-15
265.0566037735849,-6.108381090736309e-15
265.20754716981133,-6.3380645110756626e-15
265.35849056603774,-4.943112377117696e-15
265.50943396226415,-5.954015744953439e-15
265.66037735849056,-6.735927337703481e-15
265.811320754717,-4.342436761834759e-15
265.9622641509434,-6.41863215788171e-15
266.1132075471698,-6.885987601768625e-15
266.2641509433962,-3.9947730838877435e-15
266.41509433962267,-5.872570806176068e-15
266.5660377358491,-9.478414295085814e-15
266.7169811320755,6.982385257734636e-16
266.8679245283019,-1.1782802163615204e-14
267.0188679245283,-4.013261162264059e-15
267.1698113207547,-2.6528768971032495e-15
267.3207547169811,-1.1994302246053456e-14
267.47169811320754,8.425580505649169e-17
267.62264150943395,-9.764413293308019e-15
267.77358490566036,-3.796569967985212e-15
267.92452830188677,-7.535532510548348e-15
268.07547169811323,-3.548948227207388e-15
268.22641509433964,-8.935185276149638e-15
268.37735849056605,-2.9111369010660157e-15
268.52830188679246,-8.105246446643314e-15
268.6792452830189,-4.517156215893724e-15
268.8301886792453,-7.197956776677683e-15
268.9811320754717,-3.868390945818009e-15
269.1320754716981,-9.032413828477635e-15
269.2830188679245,-2.480131347974234e-15
269.4339622641509,-8.44407020060627e-15
269.58490566037733,-5.041728273940049e-15
269.7358490566038,-6.354509122587843e-15
269.8867924528302,-3.5699640980005865e-15
270.0377358490566,-1.203910212169587e-14
270.188679245283,2.759408052056109e-15
270.33962264150944,-1.3880819027584425e-14
270.49056603773585,-2.1570038270594743e-15
270.64150943396226,-5.120313025850146e-15
270.79245283018867,-9.373319356350807e-15
270.9433962264151,-2.9482326783679845e-15
271.0943396226415,-7.297251165302118e-15
271.24528301886795,-6.031862107957858e-15
271.39622641509436,-5.76649989884451e-15
271.54716981132077,-6.051191666342272e-15
271.6981132075472,-5.7531803151787465e-15
271.8490566037736,-7.062119997572999e-15
272.0,-4.531350391355279e-15
272.1509433962264,-7.0295483400071884e-15
272.3018867924528,-6.14158742534877e-15
272.45283018867923,-5.853313926888267e-15
272.60377358490564,-4.315518502695885e-15
272.75471698113205,-1.0893939312499454e-14
272.9056603773585,5.502095254369227e-16
273.0566037735849,-1.1611204896677635e-14
273.20754716981133,-3.6701004185415896e-15
273.35849056603774,-5.496477903745083e-15
273.50943396226415,-8.652890399032446e-15
273.66037735849056,-1.7753402598494825e-15
273.811320754717,-1.2612950372288238e-14
273.9622641509434,1.7051352572319372e-15
274.1132075471698,-1.2344253972170876e-14
274.2641509433962,-4.4846181097761854e-15
274.41509433962267,-2.8714130166514997e-15
274.5660377358491,-1.1504731095695353e-14
274.7169811320755,-1.819683211016471e-15
274.8679245283019,-8.959277982859551e-15
275.0188679245283,-2.4054581508976146e-15
275.1698113207547,-1.334403080436155e-14
275.3207547169811,3.763391834963163e-15
275.47169811320754,-1.4222260204835902e-14
275.62264150943395,-5.638868121521084e-15
275.77358490566036,2.612904012168836e-15
275.92452830188677,-1.937282099061743e-14
276.07547169811323,2.0933290599519487e-15
276.22641509433964,-2.964501885301623e-15
276.37735849056605,-1.8953541339619782e-14
276.52830188679246,6.500074483042233e-15
276.6792452830189,-9.81485869958548e-15
276.8301886792453,-1.2465156785762557e-14
276.9811320754717,2.017187159552679e-15
277.1320754716981,-7.508596615976482e-15
277.2830188679245,-1.4452597194712098e-14
277.4339622641509,6.7190768882057864e-15
277.58490566037733,-1.7288008195094967e-14
277.7358490566038,-4.2672245529372295e-16
277.8867924528302,-8.081443373758377e-15
278.0377358490566,-5.188486312837414e-15
278.188679245283,-8.95955523158792e-15
278.33962264150944,-2.1738667502989118e-15
278.49056603773585,-9.581888980547013e-15
278.64150943396226,-5.83974166862341e-15
278.79245283018867,-4.157454488744283e-15
278.9433962264151,-8.590507286173837e-15
279.0943396226415,-6.1144769032272786e-15
279.24528301886795,-4.820690080750858e-15
279.39622641509436,-6.217709092915993e-15
279.54716981132077,-1.1702767572870043e-14
279.6981132075472,5.1808700520367475e-15
279.8490566037736,-2.0790068029260895e-14
280.0,5.767957966412768e-15
280.1509433962264,-1.232445915754815e-14
280.3018867924528,-6.506151053819246e-15
280.45283018867923,-3.2336767473554463e-15
280.60377358490564,-8.802214216382692e-15
280.75471698113205,-6.421300008262943e-15
280.9056603773585,-4.447169942606189e-15
281.0566037735849,-8.274527204288546e-15
281.20754716981133,-6.093534340073829e-15
281.35849056603774,-5.108497039033174e-15
281.50943396226415,-7.44543651620131e-15
281.66037735849056,-7.965304114039698e-15
281.811320754717,-1.418751775602384e-15
281.9622641509434,-1.3003371205487355e-14
282.1132075471698,-1.4676721250232436e-15
282.2641509433962,-7.741910900233483e-15
282.41509433962267,-8.290481819218821e-15
282.5660377358491,-2.9240861841961046e-15
282.7169811320755,-1.1138193861834695e-14
282.8679245283019,7.761577056207623e-17
283.0188679245283,-1.4710193174091376e-14
283.1698113207547,1.3396210363775206e-15
283.3207547169811,-1.062352624853439e-14
283.47169811320754,-7.64571656718265e-15
283.62264150943395,-1.3158623621203173e-15
283.77358490566036,-1.20639160627447e-14
283.92452830188677,-3.782539747792874e-15
284.07547169811323,-5.744892640128563e-15
284.22641509433964,-7.965564420629022e-15
284.37735849056605,-8.185234721258538e-15
284.52830188679246,-4.3775411838983117e-16
284.6792452830189,-1.3850858290062827e-14
284.8301886792453,-3.0563883254132667e-15
284.9811320754717,-3.5000910512070442e-15
285.1320754716981,-1.3996383795847283e-14
285.2830188679245,6.265710667581534e-16
285.4339622641509,-9.674051719515675e-15
285.58490566037733,-8.422623961471774e-15
285.7358490566038,-9.131547635105375e-16
285.8867924528302,-1.3717284352884298e-14
286.0377358490566,-3.2300394160843754e-16
286.188679245283,-1.0359364677732622e-14
286.33962264150944,-4.9808877769395604e-15
286.49056603773585,-7.684989630452866e-15
286.64150943396226,-4.737522220121446e-15
286.79245283018867,-8.300759910362544e-15
286.9433962264151,-7.828850493708888e-15
287.0943396226415,-1.1093418775660747e-16
287.24528301886795,-1.783378606727459e-14
287.39622641509436,5.897920974687541e-15
287.54716981132077,-1.6820265687639257e-14
287.6981132075472,1.8549162385656792e-16
287.8490566037736,-1.1483520908269287e-14
288.0,-2.29942151607922e-15
288.1509433962264,-1.015148264543962e-14
288.3018867924528,-5.358342421814834e-15
288.45283018867923,-5.285432366159739e-15
288.60377358490564,-9.530178776311473e-15
288.75471698113205,-3.7952128909876995e-15
288.9056603773585,-9.187061511289496e-15
289.0566037735849,-4.079931190871405e-15
289.20754716981133,-8.872222848764497e-15
289.35849056603774,-6.94613224762925e-15
289.50943396226415,-2.3613255169979556e-15
289.66037735849056,-1.3744792918956796e-14
289.811320754717,-1.2690560629668695e-15
289.9622641509434,-6.75846152755445e-15
290.1132075471698,-1.1518621283481212e-14
290.2641509433962,-1.799671834280898e-15
290.41509433962267,-7.395547072059884e-15
290.5660377358491,-9.779882226824195e-15
290.7169811320755,-5.03234798653546e-15
290.8679245283019,-2.6623863169176015e-15
291.0188679245283,-1.6228978939410164e-14
291.1698113207547,4.073988179160016e-15
291.3207547169811,-1.5791502962043928e-14
291.47169811320754,4.231796826983371e-16
291.62264150943395,-1.2849037334083871e-14
291.77358490566036,-3.2716396632711673e-15
291.92452830188677,-4.836956870978199e-15
292.07547169811323,-1.4733984836120804e-14
292.22641509433964,3.3192107435454726e-15
292.37735849056605,-1.3201619759705193e-14
292.52830188679246,-7.417630883279289e-15
292.6792452830189,-9.303642921512478e-16
292.8301886792453,-1.2932052178438536e-14
292.9811320754717,-4.323531870287621e-15
293.1320754716981,-6.340091631304389e-15
293.2830188679245,-5.9213899000629564e-15
293.4339622641509,-1.2898170448630478e-14
293.58490566037733,3.484051380054535e-15
293.7358490566038,-1.6126009211256385e-14
293.8867924528302,-3.731753572734362e-15
294.0377358490566,-3.749763288160356e-15
294.188679245283,-1.0975530363906432e-14
294.33962264150944,-7.427655639568576e-15
294.49056603773585,-8.585477895838435e-16
294.64150943396226,-1.3583276318046578e-14
294.79245283018867,-5.139548427532596e-15
294.9433962264151,-2.6057732975414676e-15
295.0943396226415,-1.2819533004338806e-14
295.24528301886795,-4.777611344585658e-15
295.39622641509436,-3.8832886807077134e-15
295.54716981132077,-1.1416297895150472e-14
295.6981132075472,-5.835998625839e-15
295.8490566037736,-2.779822559793566e-15
296.0,-1.4099196188593097e-14
296.1509433962264,-1.7249249066773093e-16
296.3018867924528,-1.170531858635725e-14
296.45283018867923,-3.4505533375716576e-15
296.60377358490564,-1.0095836512088318e-14
296.75471698113205,-4.6882583941124965e-15
296.9056603773585,-7.104279936043424e-15
297.0566037735849,-8.855628013356208e-15
297.20754716981133,-5.064555691404201e-15
297.35849056603774,-6.464704330871611e-15
297.50943396226415,-1.1007138747174068e-14
297.66037735849056,2.670541011234361e-16
297.811320754717,-1.6703455615055622e-14
297.9622641509434,4.213314509827394e-15
298.1132075471698,-1.8192582129597088e-14
298.2641509433962,2.449777908378345e-15
298.41509433962267,-1.391889687917873e-14
298.5660377358491,-1.9579982069412922e-15
298.7169811320755,-1.1834914162560723e-14
298.8679245283019,-1.3132673546603136e-15
299.0188679245283,-1.3335046009299965e-14
299.1698113207547,-1.783121911088823e-15
299.3207547169811,-9.493147788873212e-15
299.47169811320754,-7.933999081577373e-15
299.62264150943395,-3.812954955413598e-15
299.77358490566036,-1.1151930869269073e-14
299.92452830188677,-2.9715806347695046e-15
300.07547169811323,-1.0908103533396927e-14
300.22641509433964,-4.275868195962794e-15
300.37735849056605,-7.123825606594293e-15
300.52830188679246,-1.0934094466906126e-14
300.6792452830189,-6.930455210689182e-16
300.8301886792453,-1.2405383514047954e-14
300.9811320754717,-5.977440586348858e-15
301.1320754716981,-4.2723805695455295e-15
301.2830188679245,-1.0661450431368492e-14
301.4339622641509,-5.8185229042484514e-15
301.58490566037733,-6.0152479354625514e-15
301.7358490566038,-8.832888864764441e-15
301.8867924528302,-5.951426872034492e-15
302.0377358490566,-7.97502426856715e-15
302.188679245283,-7.055734570149396e-15
302.33962264150944,-4.33981797203582e-15
302.49056603773585,-1.4759392457931124e-14
302.64150943396226,4.270076669687644e-15
302.79245283018867,-1.8946198516976735e-14
302.9433962264151,2.2802973825494356e-15
303.0943396226415,-1.4411342116196062e-14
303.24528301886795,-7.548586508031921e-16
303.39622641509436,-1.243526026529796e-14
303.54716981132077,-5.929865177302401e-15
303.6981132075472,-1.7012684935041253e-15
303.8490566037736,-1.874586732076202e-14
304.0,5.256929971588125e-15
304.1509433962264,-1.3444387757537564e-14
304.3018867924528,-1.2118432146131069e-14
304.45283018867923,8.447459752574128e-15
304.60377358490564,-2.795329453869036e-14
304.75471698113205,1.062314540830673e-14
304.9056603773585,-1.6326389331194865e-14
305.0566037735849,-7.60866092440614e-15
305.20754716981133,-1.9415848601786677e-15
305.35849056603774,-1.098404749495408e-14
305.50943396226415,-8.985062473685819e-15
305.66037735849056,-1.2052171997748981e-15
305.811320754717,-1.3052007082200517e-14
305.9622641509434,-5.631217996900307e-15
306.1132075471698,-4.5081170358098566e-15
306.2641509433962,-1.1696535728109028e-14
306.41509433962267,-3.91227440623515e-15
306.5660377358491,-9.197500427045077e-15
306.7169811320755,-5.632212333413208e-15
306.8679245283019,-9.101899674743237e-15
307.0188679245283,-6.941652323647196e-15
307.1698113207547,-4.339227044575003e-15
307.3207547169811,-1.323085252703082e-14
307.47169811320754,-1.5456881810459645e-15
307.62264150943395,-9.525872961929176e-15
307.77358490566036,-9.707290830653936e-15
307.92452830188677,-2.2440886241397208e-15
308.07547169811323,-1.2326879817527484e-14
308.22641509433964,-4.032841766028815e-15
308.37735849056605,-9.130655316708082e-15
308.52830188679246,-6.305973633628691e-15
308.6792452830189,-8.038240104937707e-15
308.8301886792453,-7.051263702075093e-15
308.9811320754717,-7.64881405812572e-15
309.1320754716981,-6.454366868232968e-15
309.2830188679245,-8.844604312503385e-15
309.4339622641509,-6.9400423644609384e-15
309.58490566037733,-4.793334683040372e-15
309.7358490566038,-1.335828238370158e-14
309.8867924528302,-4.750384522968922e-16
310.0377358490566,-1.1361102364178347e-14
310.188679245283,-9.168478566969467e-15
310.33962264150944,-5.328028045126711e-16
310.49056603773585,-1.5278436456242867e-14
310.64150943396226,-3.836837494312835e-15
310.79245283018867,-4.208466425173514e-15
310.9433962264151,-1.4825142111013172e-14
311.0943396226415,-2.1260675827476797e-15
311.24528301886795,-5.786591724953673e-15
311.39622641509436,-1.5095154810446394e-14
311.54716981132077,-1.1930716474281508e-16
311.6981132075472,-8.60396722936923e-15
311.8490566037736,-1.1945843680069195e-14
312.0,-4.3653924143788376e-15
312.1509433962264,-2.241987103010966e-15
312.3018867924528,-2.0929187435470253e-14
312.45283018867923,6.728984167594231e-15
312.60377358490564,-1.4344880408755968e-14
312.75471698113205,-9.728831497937254e-15
312.9056603773585,-1.3686822312150134e-15
313.0566037735849,-1.0790007063023495e-14
313.20754716981133,-9.944224093399279e-15
313.35849056603774,-6.41090723934549e-16
313.50943396226415,-1.651836074357333e-14
313.66037735849056,2.5536284446110686e-15
313.811320754717,-1.802564449260863e-14
313.9622641509434,1.641124906648986e-15
314.1132075471698,-1.2996710386104425e-14
314.2641509433962,-6.37455611771698e-15
314.41509433962267,-6.824146915699706e-15
314.5660377358491,-6.409175168098598e-15
314.7169811320755,-1.246537381057399e-14
314.8679245283019,-3.939434311834862e-16
315.0188679245283,-1.3055604555130186e-14
315.1698113207547,-7.314901973100031e-15
315.3207547169811,-1.6877232801356582e-15
315.47169811320754,-1.7220594554902654e-14
315.62264150943395,1.4129090106722981e-15
315.77358490566036,-1.1453220151165572e-14
315.92452830188677,-1.1379297144155924e-14
316.07547169811323,3.0675426182579333e-15
316.22641509433964,-2.098851312913299e-14
316.37735849056605,2.9853483412710208e-15
316.52830188679246,-1.1771854375364323e-14
316.6792452830189,-9.108555096955879e-15
316.8301886792453,-4.953594004063737e-15
316.9811320754717,-6.791244509352584e-15
317.1320754716981,-1.3184324123106824e-14
317.2830188679245,-2.562835157580883e-16
317.4339622641509,-1.2092790650006339e-14
317.58490566037733,-9.284702009641502e-15
317.7358490566038,-2.2593953788135766e-16
317.8867924528302,-1.747605916656958e-14
318.0377358490566,3.6326673414424934e-16
318.188679245283,-1.0823111466191185e-14
318.33962264150944,-1.0422371321810778e-14
318.49056603773585,4.576854892525532e-16
318.64150943396226,-1.9393238759579137e-14
318.79245283018867,4.877508963312919e-15
318.9433962264151,-1.7824433127285345e-14
319.0943396226415,-2.462322367818907e-15
319.24528301886795,-7.35109555340291e-15
319.39622641509436,-1.2281105138807524e-14
319.54716981132077,-1.0795437928552691e-15
319.6981132075472,-1.4292171025129087e-14
319.8490566037736,-2.743009968659954e-15
320.0,-9.889087600205515e-15
320.1509433962264,-8.409007418839014e-15
320.3018867924528,-6.1781314509404175e-15
320.45283018867923,-6.478092900931702e-15
320.60377358490564,-1.402380148416006e-14
320.75471698113205,1.307150134556468e-15
320.9056603773585,-1.3289869629865981e-14
321.0566037735849,-1.0690228222926988e-14
321.20754716981133,2.4492864276166854e-15
321.35849056603774,-1.833395835525339e-14
321.50943396226415,-3.1681898404180027e-15
321.66037735849056,-5.9376347157540526e-15
321.811320754717,-1.0801623502101232e-14
321.9622641509434,-9.235216204482022e-15
322.1132075471698,-6.959136147722796e-17
322.2641509433962,-1.903305820336768e-14
322.41509433962267,2.3365633139048465e-15
322.5660377358491,-1.2546063575278826e-14
322.7169811320755,-1.0842293235645923e-14
322.8679245283019,3.111579601866265e-15
323.0188679245283,-2.413058971407534e-14
323.1698113207547,1.0002638235458932e-14
323.3207547169811,-2.353592028864813e-14
323.47169811320754,4.1463734156680285e-15
323.62264150943395,-1.60748376127681e-14
323.77358490566036,-2.772780262746047e-15
323.92452830188677,-9.410325408134563e-15
324.07547169811323,-1.0788553416864261e-14
324.22641509433964,4.0045454475553536e-16
324.37735849056605,-2.0277869494947717e-14
324.52830188679246,5.588677320664297e-15
324.6792452830189,-1.8451904194622017e-14
324.8301886792453,-2.2092659644002035e-15
324.9811320754717,-9.116573896124429e-15
325.1320754716981,-8.851067624666103e-15
325.2830188679245,-6.3281633340830676e-15
325.4339622641509,-9.358066449469745e-15
325.58490566037733,-6.993111096654414e-15
325.7358490566038,-6.758355731072704e-15
325.8867924528302,-1.2256519366638121e-14
326.0377358490566,-9.90477437843442e-16
326.188679245283,-1.429786914326603e-14
326.33962264150944,-5.2099821661035146e-15
326.49056603773585,-5.908572042229223e-15
326.64150943396226,-1.2709160356777535e-14
326.79245283018867,-3.2070542568568803e-15
326.9433962264151,-1.076642643592757e-14
327.0943396226415,-6.688813337495984e-15
327.24528301886795,-8.753786153198013e-15
327.39622641509436,-6.678993152529275e-15
327.54716981132077,-9.403721866789691e-15
327.6981132075472,-6.824003267746494e-15
327.8490566037736,-8.562479562215614e-15
328.0,-7.266233885086392e-15
328.1509433962264,-9.142864249924878e-15
328.3018867924528,-6.5826282690742265e-15
328.45283018867923,-8.579218746622735e-15
328.60377358490564,-8.263300193663407e-15
328.75471698113205,-8.071350116965076e-15
328.9056603773585,-5.447286092202652e-15
329.0566037735849,-1.3605532155137302e-14
329.20754716981133,-1.0444570983919908e-15
329.35849056603774,-1.2441690218585469e-14
329.50943396226415,-9.504299301683225e-15
329.66037735849056,3.5631182552964184e-16
329.811320754717,-2.0300050739413986e-14
329.9622641509434,2.9457512524327665e-15
330.1132075471698,-1.2603078129332394e-14
330.2641509433962,-1.1395927061361633e-14
330.41509433962267,5.756635711733144e-16
330.5660377358491,-1.6426194539752676e-14
330.7169811320755,-3.597779545048469e-15
330.8679245283019,-8.930946647553556e-15
331.0188679245283,-7.249896184700816e-15
331.1698113207547,-1.041447165863791e-14
331.3207547169811,-6.6863044562041194e-15
331.47169811320754,-3.35289112511612e-15
331.62264150943395,-2.0981958953810298e-14
331.77358490566036,9.662451269747638e-15
331.92452830188677,-2.3604642429203024e-14
332.07547169811323,5.308056737834434e-16
332.22641509433964,-1.0196627081548018e-14
332.37735849056605,-8.334261982578716e-15
332.52830188679246,-8.50083505472847e-15
332.6792452830189,-6.767249542298425e-15
332.8301886792453,-8.94298130298004e-15
332.9811320754717,-8.015800293674155e-15
333.1320754716981,-8.107804817280877e-15
333.2830188679245,-7.821973428994096e-15
333.4339622641509,-7.002554793625006e-15
333.58490566037733,-1.3046525526679846e-14
333.7358490566038,1.7466482069274128e-15
333.8867924528302,-2.0724981322568542e-14
334.0377358490566,3.0919717731714367e-15
334.188679245283,-1.434134812301686e-14
334.33962264150944,-7.526895289779778e-15
334.49056603773585,-5.036069479305702e-15
334.64150943396226,-1.197629588640139e-14
334.79245283018867,-5.608924381361433e-15
334.9433962264151,-8.465305887278424e-15
335.0943396226415,-9.53384818167215e-15
335.24528301886795,-6.629925021036844e-15
335.39622641509436,-7.449110908150533e-15
335.54716981132077,-1.2376847621840646e-14
335.6981132075472,-1.4507248230624262e-15
335.8490566037736,-1.4034356060955992e-14
336.0,-6.2549799671211244e-15
336.1509433962264,-5.284570203076065e-15
336.3018867924528,-1.3838386881715993e-14
336.45283018867923,-2.6322487744931367e-15
336.60377358490564,-1.1731746229086078e-14
336.75471698113205,-6.4348017860137715e-15
336.9056603773585,-9.4046616614535e-15
337.0566037735849,-6.33341590948709e-15
337.20754716981133,-1.0724640162180634e-14
337.35849056603774,-5.724034559352664e-15
337.50943396226415,-9.77395140890079e-15
337.66037735849056,-7.539885279017884e-15
337.811320754717,-8.694241560837285e-15
337.9622641509434,-6.918214910126411e-15
338.1132075471698,-1.0483604185894534e-14
338.2641509433962,-5.80006319426371e-15
338.41509433962267,-9.452284302463437e-15
338.5660377358491,-8.579479588333519e-15
338.7169811320755,-7.467723570173035e-15
338.8679245283019,-7.246617396101947e-15
339.0188679245283,-1.1773277900657872e-14
339.1698113207547,-4.248449988546841e-15
339.3207547169811,-8.734801364503345e-15
339.47169811320754,-1.293398882311372e-14
339.62264150943395,-1.680683766390155e-15
339.77358490566036,-1.0246233730169255e-14
339.92452830188677,-1.4589586388818562e-14
340.07547169811323,3.485330076203863e-15
340.22641509433964,-1.761969076622352e-14
340.37735849056605,-7.416252070781046e-15
340.52830188679246,-1.094936710101107e-15
340.6792452830189,-1.701766928789103e-14
340.8301886792453,-4.894903689280909e-15
340.9811320754717,-3.790300718906652e-15
341.1320754716981,-1.7749022173576867e-14
341.2830188679245,9.772893625936536e-16
341.4339622641509,-1.3682275584896949e-14
341.58490566037733,-6.676105990932034e-15
341.7358490566038,-9.477352811416092e-15
341.8867924528302,-3.48049476697717e-15
342.0377358490566,-1.822401756959374e-14
342.188679245283,4.1192150435754805e-15
342.33962264150944,-1.82724538343425e-14
342.49056603773585,-4.021540788151278e-15
342.64150943396226,-8.276833312237428e-15
342.79245283018867,-7.989257436102587e-15
342.9433962264151,-1.2591170949603648e-14
343.0943396226415,-7.675707627118046e-16
343.24528301886795,-1.5588456037537233e-14
343.39622641509436,-3.746952873418942e-15
343.54716981132077,-1.1333091953140847e-14
343.6981132075472,-4.091384907979235e-15
343.8490566037736,-1.497623475282917e-14
344.0,-1.0238612883442963e-15
344.1509433962264,-1.3884184555269358e-14
344.3018867924528,-5.196456393652174e-15
344.45283018867923,-1.036278329050735e-14
344.60377358490564,-6.9942144000300096e-15
344.75471698113205,-6.850683932975062e-15
344.9056603773585,-1.6524123405033028e-14
345.0566037735849,8.091964540577301e-15
345.20754716981133,-2.971706865056678e-14
345.35849056603774,1.0192987934871245e-14
345.50943396226415,-1.6925382170869666e-14
345.66037735849056,-1.1559744947941266e-14
345.811320754717,1.7005085613284585e-15
345.9622641509434,-1.828837398515488e-14
346.1132075471698,-2.568028381841437e-15
346.2641509433962,-1.1011267421845404e-14
346.41509433962267,-6.400862155598295e-15
346.5660377358491,-1.0384740483280491e-14
346.7169811320755,-8.26500454613697e-15
346.8679245283019,-5.0009891055562055e-15
347.0188679245283,-1.4629437189808264e-14
347.1698113207547,-2.1551168037791435e-15
347.3207547169811,-1.2394082268112235e-14
347.47169811320754,-6.637321439324042e-15
347.62264150943395,-1.0073224644610065e-14
347.77358490566036,-5.346595538450192e-15
347.92452830188677,-1.1924601173126907e-14
348.07547169811323,-7.424513088956761e-15
348.22641509433964,-5.429150499829225e-15
348.37735849056605,-1.3277762892939585e-14
348.52830188679246,-6.005366267736316e-15
348.6792452830189,-6.374804108448456e-15
348.8301886792453,-1.3277208035501624e-14
348.9811320754717,-3.83489431464748e-15
349.1320754716981,-1.2101357926687005e-14
349.2830188679245,-4.4960775698286436e-15
349.4339622641509,-1.2952262262464326e-14
349.58490566037733,-5.977083168002082e-15
349.7358490566038,-6.065956145880124e-15
349.8867924528302,-1.5162755868356016e-14
350.0377358490566,-2.528985257478003e-15
350.188679245283,-7.432791054575007e-15
350.33962264150944,-1.9417899955548758e-14
350.49056603773585,9.588379948626809e-15
350.64150943396226,-2.6630702522387073e-14
350.79245283018867,2.1396321766496754e-15
350.9433962264151,-7.365591618073951e-15
351.0943396226415,-2.025218116583229e-14
351.24528301886795,7.840832562421662e-15
351.39622641509436,-2.1261346068741973e-14
351.54716981132077,-5.468754993282816e-15
351.6981132075472,-1.098340685961289e-15
351.8490566037736,-2.1717627869211597e-14
352.0,4.27173695422668e-15
352.1509433962264,-1.746758983356636e-14
352.3018867924528,-2.9675324185020603e-15
352.45283018867923,-1.2579927584984582e-14
352.60377358490564,-5.2599330747799414e-15
352.75471698113205,-1.0273691734819681e-14
352.9056603773585,-9.131287165849487e-15
353.0566037735849,-5.457437906782299e-15
353.20754716981133,-1.3831046573023054e-14
353.35849056603774,-1.581732358347424e-15
353.50943396226415,-1.5951483073574083e-14
353.66037735849056,-2.6273020381591315e-15
353.811320754717,-1.1277800548240967e-14
353.9622641509434,-9.457264348072071e-15
354.1132075471698,-4.9606884307631835e-15
354.2641509433962,-1.3323661745164526e-14
354.41509433962267,-4.062106916241554e-15
354.5660377358491,-1.1605936422458654e-14
354.7169811320755,-7.787882308150102e-15
354.8679245283019,-7.482781545253769e-15
355.0188679245283,-9.28963833646298e-15
355.1698113207547,-1.1150643528782128e-14
355.3207547169811,-2.1039541490823893e-15
355.47169811320754,-1.5617423903169962e-14
355.62264150943395,-6.044047835679452e-15
355.77358490566036,-4.420709583593769e-15
355.92452830188677,-1.6660136056176365e-14
356.07547169811323,-1.9645937518007536e-15
356.22641509433964,-1.0520738688781257e-14
356.37735849056605,-1.0443698197517238e-14
356.52830188679246,-6.154623915287234e-15
356.6792452830189,-9.80146066750434e-15
356.8301886792453,-7.988872669794043e-15
356.9811320754717,-9.743283743059509e-15
357.1320754716981,-8.08420946949415e-15
357.2830188679245,-5.6437534267664004e-15
357.4339622641509,-1.6539919447259843e-14
357.58490566037733,1.854186939737643e-15
357.7358490566038,-1.6650153268456082e-14
357.8867924528302,-7.288614492165887e-15
358.0377358490566,-2.0520416776927868e-15
358.188679245283,-2.1325371578138953e-14
358.33962264150944,6.224113649168018e-15
358.49056603773585,-2.088445291933981e-14
358.64150943396226,-2.5630902154061134e-15
358.79245283018867,-8.308999032574646e-15
358.9433962264151,-1.2244139297792858e-14
359.0943396226415,-5.9497103277744445e-15
359.24528301886795,-7.95851843961377e-15
359.39622641509436,-1.302487827361678e-14
359.54716981132077,-1.4016114543509237e-15
359.6981132075472,-1.7753486712535622e-14
359.8490566037736,7.701418567791923e-16
360.0,-1.6488046182010017e-14
360.1509433962264,-3.917180395518363e-15
360.3018867924528,-1.0318854918031339e-14
360.45283018867923,-9.045734064079523e-15
360.60377358490564,-7.29750549406412e-15
360.75471698113205,-1.057750045770974e-14
360.9056603773585,-7.1047639080473e-15
361.0566037735849,-8.087546704789984e-15
361.20754716981133,-1.320141979251393e-14
361.35849056603774,-7.465333888445983e-16
361.50943396226415,-1.6562789443733966e-14
361.66037735849056,-5.520532079453394e-15
361.811320754717,-4.865747252343541e-15
361.9622641509434,-1.7421206086780544e-14
362.1132075471698,-1.0630833754115296e-16
362.2641509433962,-1.3557361457232499e-14
362.41509433962267,-6.878647955623025e-15
362.5660377358491,-1.0810567899144572e-14
362.7169811320755,-5.298951748268662e-15
362.8679245283019,-9.888895638788456e-15
363.0188679245283,-1.4637395640787488e-14
363.1698113207547,4.773638682357787e-15
363.3207547169811,-2.4033124328947284e-14
363.47169811320754,8.327553160298159e-16
363.62264150943395,-9.930624377873363e-15
363.77358490566036,-1.0969929210111179e-14
363.92452830188677,-1.1003541204638318e-14
364.07547169811323,1.6534772075560714e-15
364.22641509433964,-2.3186207003332863e-14
364.37735849056605,1.7286905236435405e-15
364.52830188679246,-9.990736976960276e-15
364.6792452830189,-1.560986996353118e-14
364.8301886792453,9.39152123446648e-16
364.9811320754717,-1.653908004318277e-14
365.1320754716981,-4.287536498683024e-15
365.2830188679245,-1.0901576854816166e-14
365.4339622641509,-7.617360584664546e-15
365.58490566037733,-9.772780873387516e-15
365.7358490566038,-6.81218355536037e-15
365.8867924528302,-1.2963413995966223e-14
366.0377358490566,-1.9783505246335857e-15
366.188679245283,-1.6198111644550338e-14
366.33962264150944,-4.5857327474360395e-15
366.49056603773585,-6.363444436833888e-15
366.64150943396226,-1.768596304006811e-14
366.79245283018867,2.526930989406935e-15
366.9433962264151,-1.725291423807422e-14
367.0943396226415,-5.524772292830003e-15
367.24528301886795,-8.672493123200764e-15
367.39622641509436,-8.576420163240387e-15
367.54716981132077,-1.1025496263065982e-14
367.6981132075472,-6.750532680896767e-15
367.8490566037736,-6.2084380142055705e-15
368.0,-1.8647831264390813e-14
368.1509433962264,6.176867582246193e-15
368.3018867924528,-2.2680552835516584e-14
368.45283018867923,-2.1679430325357588e-15
368.60377358490564,-6.712341230985674e-15
368.75471698113205,-1.4990538834741682e-14
368.9056603773585,-6.024848608484979e-15
369.0566037735849,-3.784949908283992e-15
369.20754716981133,-1.9185765056903787e-14
369.35849056603774,-5.831295049972568e-16
369.50943396226415,-8.926527819777435e-15
369.66037735849056,-1.5677638515042497e-14
369.811320754717,-2.615977299305544e-15
369.9622641509434,-7.426805760267489e-15
370.1132075471698,-1.6940406619397844e-14
370.2641509433962,-2.689170321162492e-15
370.41509433962267,-4.609010452011114e-15
370.5660377358491,-2.282299856530975e-14
370.7169811320755,4.910327999832952e-15
370.8679245283019,-1.1891785951403993e-14
371.0188679245283,-1.740636005370453e-14
371.1698113207547,1.6871794450526058e-15
371.3207547169811,-1.0237957130397929e-14
371.47169811320754,-1.8638661052065465e-14
371.62264150943395,3.4919217977860522e-15
371.77358490566036,-1.2909620219747368e-14
371.92452830188677,-1.6108682453567496e-14
372.07547169811323,2.8941127638323166e-15
372.22641509433964,-1.5496602565550636e-14
372.37735849056605,-1.0905012567851562e-14
372.52830188679246,-2.807641210599889e-15
372.6792452830189,-1.1588730903175048e-14
372.8301886792453,-1.2253380370552651e-14
372.9811320754717,-3.0869110705849598e-15
373.1320754716981,-1.1068771672546403e-14
373.2830188679245,-1.2928886895869385e-14
373.4339622641509,-8.263959062046904e-16
373.58490566037733,-1.660175805470338e-14
373.7358490566038,-3.916679649669275e-15
373.8867924528302,-1.1737307029083189e-14
374.0377358490566,-6.211016820907351e-15
374.188679245283,-1.2115328621102389e-14
374.33962264150944,-5.841003467623559e-15
374.49056603773585,-1.1287735922927891e-14
374.64150943396226,-5.9347131971875365e-15
374.79245283018867,-1.4226900419323333e-14
374.9433962264151,-1.0500313308178707e-15
375.0943396226415,-1.679305104686038e-14
375.24528301886795,-4.2332598165518745e-15
375.39622641509436,-8.826687207352817e-15
375.54716981132077,-1.2413799351205032e-14
375.6981132075472,-4.7502647936085944e-15
375.8490566037736,-1.1505961729106067e-14
376.0,-8.294657698600997e-15
376.1509433962264,-8.472572159568613e-15
376.3018867924528,-9.17052837599417e-15
376.45283018867923,-9.49291386409919e-15
376.60377358490564,-7.587833814444983e-15
376.75471698113205,-1.0340719402787429e-14
376.9056603773585,-8.181437805614053e-15
377.0566037735849,-8.641763605674245e-15
377.20754716981133,-9.465322313074772e-15
377.35849056603774,-9.75245628379357e-15
377.50943396226415,-5.404769402973987e-15
377.66037735849056,-1.487645747336274e-14
377.811320754717,-2.4578381249795603e-15
377.9622641509434,-1.341469310000172e-14
378.1132075471698,-8.42791444289548e-15
378.2641509433962,-4.7349234033878115e-15
378.41509433962267,-1.6363885248131755e-14
378.5660377358491,-2.6005811638469957e-15
378.7169811320755,-8.446380485441113e-15
378.8679245283019,-1.9191518115203346e-14
379.0188679245283,7.202097405704914e-15
379.1698113207547,-2.1323463914334315e-14
379.3207547169811,-9.168836294760493e-15
379.47169811320754,5.093214502387087e-15
379.62264150943395,-2.9679608217928474e-14
379.77358490566036,8.870859657870105e-15
379.92452830188677,-1.8679614245859254e-14
380.07547169811323,-5.927103972536878e-15
380.22641509433964,-1.0078429856798731e-14
380.37735849056605,-6.133429516565984e-15
380.52830188679246,-1.3896040645155379e-14
380.6792452830189,-3.463622240717241e-15
380.8301886792453,-1.3755063170322037e-14
380.9811320754717,-4.901210298562038e-15
381.1320754716981,-1.2825597204221125e-14
381.2830188679245,-5.184360452486599e-15
381.4339622641509,-1.252119529170891e-14
381.58490566037733,-5.1470146621407144e-15
381.7358490566038,-1.4341445886061216e-14
381.8867924528302,-1.3293667872027968e-15
382.0377358490566,-1.791722809955527e-14
382.188679245283,-6.886539825316835e-16
382.33962264150944,-1.5493849689877766e-14
382.49056603773585,-3.914592412187449e-15
382.64150943396226,-1.322163382611806e-14
382.79245283018867,-5.77612122658265e-15
382.9433962264151,-1.0432206465751746e-14
383.0943396226415,-9.561404940051925e-15
383.24528301886795,-6.695167218688654e-15
383.39622641509436,-1.2712146843081401e-14
383.54716981132077,-4.01095687402807e-15
383.6981132075472,-1.457773203617888e-14
383.8490566037736,-4.2219124166014685e-15
384.0,-1.1212443436027875e-14
384.1509433962264,-1.0778537486669496e-14
384.3018867924528,-2.5905328546821172e-15
384.45283018867923,-1.9234054730905418e-14
384.60377358490564,2.534574608774614e-15
384.75471698113205,-1.8408759903464977e-14
384.9056603773585,-4.150495680223334e-15
385.0566037735849,-9.389725832405256e-15
385.20754716981133,-1.081121379269441e-14
385.35849056603774,-7.600548202538118e-15
385.50943396226415,-8.87295402107715e-15
385.66037735849056,-1.0200601851483373e-14
385.811320754717,-7.687755440977079e-15
385.9622641509434,-1.0340034560510404e-14
386.1132075471698,-7.010784308333295e-15
386.2641509433962,-1.2074883067712096e-14
386.41509433962267,-5.74322577335325e-15
386.5660377358491,-1.1048342268299113e-14
386.7169811320755,-8.347940865930016e-15
386.8679245283019,-1.0754591797032182e-14
387.0188679245283,-2.891001506319453e-15
387.1698113207547,-2.0439234198481006e-14
387.3207547169811,4.467607756145307e-15
387.47169811320754,-1.9324755770196064e-14
387.62264150943395,-5.6183828051236175e-15
387.77358490566036,-5.187137561116161e-15
387.92452830188677,-1.8002610130097438e-14
388.07547169811323,1.977111057095045e-15
388.22641509433964,-1.879772083621566e-14
388.37735849056605,-3.309416005404652e-15
388.52830188679246,-9.656309516239956e-15
388.6792452830189,-1.2028204643543286e-14
388.8301886792453,-5.298944448876165e-15
388.9811320754717,-1.2029200787347282e-14
389.1320754716981,-5.4438591088889315e-15
389.2830188679245,-1.570102764580915e-14
389.4339622641509,8.624976241736107e-16
389.58490566037733,-1.8765264174191222e-14
389.7358490566038,-4.0273955531080764e-15
389.8867924528302,-7.931142364815616e-15
390.0377358490566,-1.2947303446695297e-14
390.188679245283,-7.887815680508699e-15
390.33962264150944,-4.333670038099581e-15
390.49056603773585,-1.769128565810348e-14
390.64150943396226,-2.4047133532719242e-15
390.79245283018867,-7.976461810440445e-15
390.9433962264151,-1.889690057744791e-14
391.0943396226415,4.261304683325332e-15
391.24528301886795,-1.7322453967237814e-14
391.39622641509436,-1.1409528798908652e-14
391.54716981132077,2.1480638518669917e-15
391.6981132075472,-2.1441769859758197e-14
391.8490566037736,-2.805563426278221e-15
392.0,-8.022805489553912e-15
392.1509433962264,-1.2298585899863539e-14
392.3018867924528,-9.67466750498692e-15
392.45283018867923,-3.155853923449512e-15
392.60377358490564,-1.636478891245522e-14
392.75471698113205,-5.580865570165556e-15
392.9056603773585,-6.7974289777526385e-15
393.0566037735849,-1.4766145290815664e-14
393.20754716981133,-3.889032362140928e-15
393.35849056603774,-1.146965130492943e-14
393.50943396226415,-8.951444882814538e-15
393.66037735849056,-8.812812677119182e-15
393.811320754717,-8.449850820170193e-15
393.9622641509434,-1.0358954895203508e-14
394.1132075471698,-8.178045891293616e-15
394.2641509433962,-8.916385738793485e-15
394.41509433962267,-1.0019175191397167e-14
394.5660377358491,-8.17993775618742e-15
394.7169811320755,-9.394504169665542e-15
394.8679245283019,-9.141207656846618e-15
395.0188679245283,-9.34125833020351e-15
395.1698113207547,-8.001557620396729e-15
395.3207547169811,-1.0801353302775438e-14
395.47169811320754,-7.45118106510075e-15
395.62264150943395,-1.0038348234593786e-14
395.77358490566036,-8.63464889887812e-15
395.92452830188677,-9.987929142901452e-15
396.07547169811323,-6.799538692952535e-15
396.22641509433964,-1.2629472989162833e-14
396.37735849056605,-5.786833780358911e-15
396.52830188679246,-1.0495520456427582e-14
396.6792452830189,-9.306277154379546e-15
396.8301886792453,-1.0300752593134431e-14
396.9811320754717,-2.7669410091037457e-15
397.1320754716981,-2.119746880198822e-14
397.2830188679245,4.9053570326139224e-15
397.4339622641509,-1.9102260505862173e-14
397.58490566037733,-6.6700073915616395e-15
397.7358490566038,-4.665951048808002e-15
397.8867924528302,-1.68975080441474e-14
398.0377358490566,-1.4377009002320514e-15
398.188679245283,-1.422828644386115e-14
398.33962264150944,-8.001135727267718e-15
398.49056603773585,-5.769326305296726e-15
398.64150943396226,-1.5192157666820683e-14
398.79245283018867,-3.945057030531082e-15
398.9433962264151,-9.749568385589e-15
399.0943396226415,-1.3586281584976008e-14
399.24528301886795,-2.55204040534482e-15
399.39622641509436,-1.3513001995671995e-14
399.54716981132077,-8.27717927660613e-15
399.6981132075472,-9.202827825037664e-15
399.8490566037736,-5.344703279972674e-15
400.0,-1.7660534209721586e-14
400.1509433962264,-1.2470909112765773e-16
400.3018867924528,-1.1368210280776659e-14
400.45283018867923,-1.7816951603948482e-14
400.60377358490564,7.815716898398184e-15
400.75471698113205,-2.537000019193381e-14
400.9056603773585,-2.7810980533650764e-15
401.0566037735849,-2.5049850708801256e-15
401.20754716981133,-2.303745277397002e-14
401.35849056603774,2.304943343568733e-15
401.50943396226415,-1.163720497254873e-14
401.66037735849056,-1.4319080401741225e-14
401.811320754717,-1.8808561558674502e-15
401.9622641509434,-1.426468639424048e-14
402.1132075471698,-5.972795178612917e-15
402.2641509433962,-1.1567562407089013e-14
402.41509433962267,-8.42037463810864e-15
402.5660377358491,-5.101494609689728e-15
402.7169811320755,-1.8779569332907883e-14
402.8679245283019,2.835714706120058e-15
403.0188679245283,-1.779825144810795e-14
403.1698113207547,-7.0537345082204705e-15
403.3207547169811,-5.8246705977602274e-15
403.47169811320754,-1.339806602106877e-14
403.62264150943395,-7.496632007165224e-15
403.77358490566036,-7.991172374138531e-15
403.92452830188677,-9.933067696257194e-15
404.07547169811323,-1.1730381508211671e-14
404.22641509433964,-2.8028619759020494e-15
404.37735849056605,-1.6245348604890608e-14
404.52830188679246,-5.186239978943261e-15
404.6792452830189,-7.297380109614444e-15
404.8301886792453,-1.6544760325890257e-14
404.9811320754717,1.4218044726207795e-15
405.1320754716981,-1.9116044550609975e-14
405.2830188679245,-3.5134507999140897e-15
405.4339622641509,-7.425765916770747e-15
405.58490566037733,-1.8376243111193246e-14
405.7358490566038,3.83521084176875e-15
405.8867924528302,-1.8922678171403486e-14
406.0377358490566,-8.051600314092896e-15
406.188679245283,-1.6561294901367976e-15
406.33962264150944,-1.873124099361184e-14
406.49056603773585,-5.567256492226859e-15
406.64150943396226,-2.304092574723394e-15
406.79245283018867,-2.4265187381122416e-14
406.9433962264151,7.735271870776005e-15
407.0943396226415,-2.067496325596228e-14
407.24528301886795,-6.4218938445822295e-15
407.39622641509436,-4.818316532107874e-15
407.54716981132077,-1.4679993775895587e-14
407.6981132075472,-7.358653226884825e-15
407.8490566037736,-7.429351900475523e-15
408.0,-8.549590162853495e-15
408.1509433962264,-1.752512198996772e-14
408.3018867924528,6.197588805524006e-15
408.45283018867923,-2.366781474185855e-14
408.60377358490564,-3.3388043154768023e-15
408.75471698113205,-5.065651900026565e-15
408.9056603773585,-1.6474370774816433e-14
409.0566037735849,-6.4810435130149714e-15
409.20754716981133,-4.6571204604986304e-15
409.35849056603774,-1.638720960914047e-14
409.50943396226415,-4.9513544363259816e-15
409.66037735849056,-8.574484109382419e-15
409.811320754717,-1.0988441608696084e-14
409.9622641509434,-1.035714204542571e-14
410.1132075471698,-3.4129060085244396e-15
410.2641509433962,-1.7703002921858785e-14
410.41509433962267,4.924638217760543e-16
410.5660377358491,-1.9495804824352237e-14
410.7169811320755,2.2133484769589505e-15
410.8679245283019,-2.0293317812740344e-14
411.0188679245283,-7.81733453888805e-16
411.1698113207547,-1.2438798225110338e-14
411.3207547169811,-1.0363805896574268e-14
411.47169811320754,-6.986194776282207e-15
411.62264150943395,-7.59830986020706e-15
411.77358490566036,-1.622700702395771e-14
411.92452830188677,9.533934567062234e-16
412.07547169811323,-1.7169372096587136e-14
412.22641509433964,-6.024903431903976e-15
412.37735849056605,-9.007466949667021e-15
412.52830188679246,-8.248723137574473e-15
412.6792452830189,-1.3183609506476852e-14
412.8301886792453,-3.874636455817028e-15
412.9811320754717,-1.1664777868919323e-14
413.1320754716981,-1.1102826677038323e-14
413.2830188679245,-4.524755697060613e-15
413.4339622641509,-1.2949390149873316e-14
413.58490566037733,-7.462930217345215e-15
413.7358490566038,-1.0294488780660943e-14
413.8867924528302,-6.07215745207664e-15
414.0377358490566,-1.4169727994713333e-14
414.188679245283,-4.524209322987811e-15
414.33962264150944,-1.0688683696244243e-14
414.49056603773585,-1.1260046753866032e-14
414.64150943396226,-4.055302458237834e-15
414.79245283018867,-1.656401375300721e-14
414.9433962264151,5.62276587694757e-16
415.0943396226415,-1.992710827296182e-14
415.24528301886795,4.122347175373722e-17
415.39622641509436,-1.4001760843534004e-14
415.54716981132077,-8.398461039459151e-15
415.6981132075472,-8.886774950140624e-15
415.8490566037736,-6.817344927439517e-15
416.0,-1.4745873778988016e-14
416.1509433962264,-2.182052514212161e-15
416.3018867924528,-1.490710018856974e-14
416.45283018867923,-5.478728049574125e-15
416.60377358490564,-1.1098653724779078e-14
416.75471698113205,-7.702534357333678e-15
416.9056603773585,-1.0901546573845699e-14
417.0566037735849,-6.7729021433014315e-15
417.20754716981133,-1.1279502148933006e-14
417.35849056603774,-8.09480200929797e-15
417.50943396226415,-8.857571722576192e-15
417.66037735849056,-9.836586861959666e-15
417.811320754717,-8.807920763683756e-15
417.9622641509434,-8.819963898617754e-15
418.1132075471698,-9.433051726828964e-15
418.2641509433962,-9.800640709409436e-15
418.41509433962267,-6.564726726002202e-15
418.5660377358491,-1.3133440703067592e-14
418.7169811320755,-5.5784868045662995e-15
418.8679245283019,-1.0312213368306139e-14
419.0188679245283,-9.289556699243301e-15
419.1698113207547,-1.1596355881422719e-14
419.3207547169811,-2.369658003932225e-16
419.47169811320754,-2.3741830385512503e-14
419.62264150943395,6.149162176791677e-15
419.77358490566036,-1.9514231127048216e-14
419.92452830188677,-4.96791277632843e-15
420.07547169811323,-9.948526154731095e-15
420.22641509433964,-7.825712820137374e-15
420.37735849056605,-1.172986565907631e-14
420.52830188679246,-6.885436626723151e-15
420.6792452830189,-9.928620656590003e-15
420.8301886792453,-7.46107334818819e-15
420.9811320754717,-1.5066528789233266e-14
421.1320754716981,1.4067680394382696e-15
421.2830188679245,-1.9079424550365505e-14
421.4339622641509,-6.404233135225267e-15
421.58490566037733,-2.363793280576973e-15
421.7358490566038,-1.989320685482512e-14
421.8867924528302,-3.734414520475064e-15
422.0377358490566,-2.4470534320713223e-15
422.188679245283,-2.6205170598122506e-14
422.33962264150944,9.201322481082934e-15
422.49056603773585,-1.7585598763099395e-14
422.64150943396226,-1.5384639957240026e-14
422.79245283018867,7.0017824789076835e-15
422.9433962264151,-2.3416373178344442e-14
423.0943396226415,-6.038091486724326e-15
423.24528301886795,-6.335551578309714e-16
423.39622641509436,-2.0375939224608553e-14
423.54716981132077,-5.163741140856774e-15
423.6981132075472,-1.861252441492505e-15
423.8490566037736,-2.262459145386561e-14
424.0,1.4299582159985188e-15
424.1509433962264,-9.403069841587274e-15
424.3018867924528,-1.9299786849369012e-14
424.45283018867923,4.9548239059603644e-15
424.60377358490564,-1.7611803335821442e-14
424.75471698113205,-1.152790085366885e-14
424.9056603773585,1.9360275600615336e-15
425.0566037735849,-2.03096155340347e-14
425.20754716981133,-5.437538756810889e-15
425.35849056603774,-3.4965824844907643e-15
425.50943396226415,-1.898574086797529e-14
425.66037735849056,-2.0571665303695976e-15
425.811320754717,-8.384008121304316e-15
425.9622641509434,-1.7869507743501224e-14
426.1132075471698,4.50398274035233e-15
426.2641509433962,-2.23882042278026e-14
426.41509433962267,-3.702611724795565e-16
426.5660377358491,-1.1685866561667502e-14
426.7169811320755,-1.0547170705362304e-14
426.8679245283019,-7.002724290054092e-15
427.0188679245283,-9.74675976018999e-15
427.1698113207547,-8.827969198231905e-15
427.3207547169811,-1.1270237868974416e-14
427.47169811320754,-3.581615727222358e-15
427.62264150943395,-1.6879686998756272e-14
427.77358490566036,-1.11022804811188e-15
427.92452830188677,-1.5448462033936104e-14
428.07547169811323,-4.536862625756884e-15
428.22641509433964,-1.2461261591118556e-14
428.37735849056605,-5.803902204791111e-15
428.52830188679246,-1.2795894154874369e-14
428.6792452830189,-4.710790850969949e-15
428.8301886792453,-1.3553243122585677e-14
428.9811320754717,-5.246911215793384e-15
429.1320754716981,-1.1584970740848429e-14
429.2830188679245,-7.13389480379561e-15
429.4339622641509,-1.2286838234558256e-14
429.58490566037733,-2.7222005353208063e-15
429.7358490566038,-1.820499117806148e-14
429.8867924528302,3.109270135092904e-16
430.0377358490566,-1.5190174226236807e-14
430.188679245283,-8.02958978653483e-15
430.33962264150944,-5.769437585084497e-15
430.49056603773585,-1.3268017540328102e-14
430.64150943396226,-7.839258755762114e-15
430.79245283018867,-5.081939833862374e-15
430.9433962264151,-1.6810482410221827e-14
431.0943396226415,-1.5241167110207965e-15
431.24528301886795,-1.219271415230679e-14
431.39622641509436,-1.155960082928346e-14
431.54716981132077,-2.9732908921231273e-15
431.6981132075472,-1.4640078685190518e-14
431.8490566037736,-6.7913626790512814e-15
432.0,-8.153218430096388e-15
432.1509433962264,-9.783397811454564e-15
432.3018867924528,-1.194402696316089e-14
432.45283018867923,-1.5999303972380373e-15
432.60377358490564,-1.7841239776358136e-14
432.75471698113205,-4.208531208364997e-15
432.9056603773585,-5.700518048808127e-15
433.0566037735849,-1.9960030510290156e-14
433.20754716981133,3.929488417171239e-15
433.35849056603774,-1.677699240349967e-14
433.50943396226415,-9.835515905031593e-15
433.66037735849056,-2.3201958803828974e-15
433.811320754717,-1.58652973743209e-14
433.9622641509434,-5.3055215524298154e-15
434.1132075471698,-1.056518788853952e-14
434.2641509433962,-7.414557814487006e-15
434.41509433962267,-9.89452403323172e-15
434.5660377358491,-1.2644338454215088e-14
434.7169811320755,2.1539057271544335e-15
434.8679245283019,-2.5954076052655665e-14
435.0188679245283,7.631075649600573e-15
435.1698113207547,-1.8968291371628906e-14
435.3207547169811,-7.88812750582463e-15
435.47169811320754,-4.037315362276013e-15
435.62264150943395,-1.4990069185066356e-14
435.77358490566036,-5.490718407871263e-15
435.92452830188677,-9.614356715384485e-15
436.07547169811323,-9.475800305734862e-15
436.22641509433964,-9.081337854571706e-15
436.37735849056605,-8.03138303131034e-15
436.52830188679246,-9.89262198197327e-15
436.6792452830189,-9.01399010961764e-15
436.8301886792453,-7.968048618597655e-15
436.9811320754717,-1.0226837004437796e-14
437.1320754716981,-8.241953419319049e-15
437.2830188679245,-9.087751265420874e-15
437.4339622641509,-8.92924748990939e-15
437.58490566037733,-9.589573195860225e-15
437.7358490566038,-7.633342142165242e-15
437.8867924528302,-1.0550619994729135e-14
438.0377358490566,-7.781206065601477e-15
438.188679245283,-9.530069053915604e-15
438.33962264150944,-8.593939953824183e-15
438.49056603773585,-9.837919513753198e-15
438.64150943396226,-7.24516783864401e-15
438.79245283018867,-1.1098118627711091e-14
438.9433962264151,-7.237084171353924e-15
439.0943396226415,-9.763471151592037e-15
439.24528301886795,-8.588230931185878e-15
439.39622641509436,-1.0041186687561902e-14
439.54716981132077,-6.3286390970963225e-15
439.6981132075472,-1.2519468957811161e-14
439.8490566037736,-6.214448686159263e-15
440.0,-9.507196017343271e-15
440.1509433962264,-9.502260348617773e-15
440.3018867924528,-1.0530433721843455e-14
440.45283018867923,-2.5369338649927978e-15
440.60377358490564,-1.907400529015924e-14
440.75471698113205,1.188152569007725e-16
440.9056603773585,-1.2185156785874984e-14
441.0566037735849,-1.168457937481802e-14
441.20754716981133,-4.997985369091098e-15
441.35849056603774,-8.469747067833831e-15
441.50943396226415,-1.4924505771619726e-14
441.66037735849056,-1.735839522037201e-15
441.811320754717,-1.1514178056367616e-14
441.9622641509434,-1.276002188184586e-14
442.1132075471698,-2.3677561683035696e-15
442.2641509433962,-1.2385118374022509e-14
442.41509433962267,-1.1294217668751567e-14
442.5660377358491,-3.196521369493421e-15
442.7169811320755,-1.2196670834355935e-14
442.8679245283019,-1.2754556092822711e-14
443.0188679245283,2.3565577743696684e-15
443.1698113207547,-2.3306802911432565e-14
443.3207547169811,2.692351834523202e-15
443.47169811320754,-1.383603099497434e-14
443.62264150943395,-1.0385596214797582e-14
443.77358490566036,-4.5862053848913384e-15
443.92452830188677,-1.1626968010075388e-14
444.07547169811323,-1.01919796655259e-14
444.22641509433964,-4.439767032666025e-15
444.37735849056605,-1.3436564361122566e-14
444.52830188679246,-6.440212571061139e-15
444.6792452830189,-9.918257088653176e-15
444.8301886792453,-7.172466266005908e-15
444.9811320754717,-1.1218696484397655e-14
445.1320754716981,-9.295752743445468e-15
445.2830188679245,-2.2169214277281463e-15
445.4339622641509,-2.1198647887528366e-14
445.58490566037733,4.2839845975508226e-15
445.7358490566038,-1.8066204900207402e-14
445.8867924528302,-4.128518900053169e-15
446.0377358490566,-1.2827677698441992e-14
446.188679245283,-2.1174140923128186e-15
446.33962264150944,-1.7736773101943765e-14
446.49056603773585,-2.8461130809961927e-15
446.64150943396226,-6.496754921262661e-15
446.79245283018867,-2.1241676178551744e-14
446.9433962264151,9.565343365102644e-15
447.0943396226415,-2.5550648698033618e-14
447.24528301886795,-1.1297768430039517e-15
447.39622641509436,-4.884890309933519e-15
447.54716981132077,-2.1354787952124456e-14
447.6981132075472,5.3175461216328795e-15
447.8490566037736,-1.781651107591799e-14
448.0,-8.538159770727936e-15
448.1509433962264,-1.6738606932011913e-15
448.3018867924528,-1.8576734939003826e-14
448.45283018867923,-2.196581461213012e-15
448.60377358490564,-9.154639341888557e-15
448.75471698113205,-1.3900100965985894e-14
448.9056603773585,-2.2178249888860705e-15
449.0566037735849,-1.3442859500487852e-14
449.20754716981133,-6.493899817249782e-15
449.35849056603774,-1.1721131674443482e-14
449.50943396226415,-2.4004615242053927e-15
449.66037735849056,-1.8533759239727448e-14
449.811320754717,5.999401826565377e-16
449.9622641509434,-1.3888258298411773e-14
450.1132075471698,-9.229142483128553e-15
450.2641509433962,-5.246654583635489e-15
450.41509433962267,-1.1848737428883951e-14
450.5660377358491,-8.371065965309882e-15
450.7169811320755,-7.1558389632081e-15
450.8679245283019,-1.0522855728714296e-14
451.0188679245283,-8.338082637989959e-15
451.1698113207547,-8.439420294797508e-15
451.3207547169811,-8.278674690935315e-15
451.47169811320754,-1.1316317011160143e-14
451.62264150943395,-4.944605966111819e-15
451.77358490566036,-1.176126407268792e-14
451.92452830188677,-8.209872912320052e-15
452.07547169811323,-8.136236343700944e-15
452.22641509433964,-7.0349198751828946e-15
452.37735849056605,-1.5699839691924225e-14
452.52830188679246,2.050290676667304e-15
452.6792452830189,-1.830947682275423e-14
452.8301886792453,-5.3446993481378966e-15
452.9811320754717,-6.175902924644816e-15
453.1320754716981,-1.2051668113749588e-14
453.2830188679245,-1.0487391741831811e-14
453.4339622641509,-1.3139168386300176e-15
453.58490566037733,-1.6857222428680785e-14
453.7358490566038,-5.97739488876223e-15
453.8867924528302,-5.1290813199565084e-15
454.0377358490566,-1.3827529337243975e-14
454.188679245283,-8.3824120560037e-15
454.33962264150944,-2.950304380157584e-15
454.49056603773585,-1.602891648827904e-14
454.64150943396226,-6.213716420437696e-15
454.79245283018867,-4.649731538972566e-15
454.9433962264151,-1.5179482678207152e-14
455.0943396226415,-6.1720208641684715e-15
455.24528301886795,-4.9701149882572734e-15
455.39622641509436,-1.5309594705615406e-14
455.54716981132077,-5.546876722973604e-15
455.6981132075472,-4.896155139867909e-15
455.8490566037736,-1.750768229171782e-14
456.0,-9.314924738411267e-16
456.1509433962264,-1.0417134702395119e-14
456.3018867924528,-1.3344989061072424e-14
456.45283018867923,-2.4441060432009433e-15
456.60377358490564,-1.035852970786455e-14
456.75471698113205,-1.5062467775347852e-14
456.9056603773585,3.887172437256668e-15
457.0566037735849,-2.1993554594030488e-14
457.20754716981133,2.775559012544229e-16
457.35849056603774,-1.2400885143923349e-14
457.50943396226415,-7.24975352382618e-15
457.66037735849056,-1.1340344612993664e-14
457.811320754717,-4.426565741364117e-15
457.9622641509434,-1.1279860538327544e-14
458.1132075471698,-1.1899216599779107e-14
458.2641509433962,1.5434993130466026e-15
458.41509433962267,-2.2478229123839688e-14
458.5660377358491,2.7238171229156207e-15
458.7169811320755,-1.3430375111990326e-14
458.8679245283019,-9.932875311557681e-15
459.0188679245283,-5.988070976666876e-15
459.1698113207547,-8.169147949849225e-15
459.3207547169811,-1.345219702572802e-14
459.47169811320754,-1.880630667739356e-15
459.62264150943395,-1.4171667768573574e-14
459.77358490566036,-6.445075361837388e-15
459.92452830188677,-7.397703685828427e-15
460.07547169811323,-1.155259304619506e-14
460.22641509433964,-7.214321936713294e-15
460.37735849056605,-6.439434944528989e-15
460.52830188679246,-1.2725510897214627e-14
460.6792452830189,-8.34368925271479e-15
460.8301886792453,-2.1483823956762746e-16
460.9811320754717,-2.4204181523651118e-14
461.1320754716981,5.6768389050609004e-15
461.2830188679245,-1.3116588707683474e-14
461.4339622641509,-1.4615796042153364e-14
461.58490566037733,-5.164679789354342e-16
461.7358490566038,-8.82047555114761e-15
461.8867924528302,-1.8875099856249054e-14
462.0377358490566,5.114653685506007e-15
462.188679245283,-1.5789120593837622e-14
462.33962264150944,-1.2373138747945824e-14
462.49056603773585,1.7434923086875938e-15
462.64150943396226,-1.6431072095492864e-14
462.79245283018867,-1.0113273026840831e-14
462.9433962264151,2.3432563644676818e-15
463.0943396226415,-2.300511770545262e-14
463.24528301886795,1.946493284064671e-15
463.39622641509436,-1.1425598256785429e-14
463.54716981132077,-1.1883669825042569e-14
463.6981132075472,-3.9958847241094136e-15
463.8490566037736,-1.047746083690152e-14
464.0,-9.429658899586215e-15
464.1509433962264,-8.324555707837052e-15
464.3018867924528,-4.924506875155575e-15
464.45283018867923,-1.6014830553104265e-14
464.60377358490564,-1.0071199551531014e-15
464.75471698113205,-1.1825887792929205e-14
464.9056603773585,-1.140926374102297e-14
465.0566037735849,-1.5433132079508137e-15
465.20754716981133,-1.5394180260044977e-14
465.35849056603774,-5.726334255144264e-15
465.50943396226415,-6.522334779074349e-15
465.66037735849056,-1.2835591852866527e-14
465.811320754717,-5.854273003129822e-15
465.9622641509434,-7.413063652131392e-15
466.1132075471698,-1.2960855308040207e-14
466.2641509433962,-2.4112082151772877e-15
466.41509433962267,-1.5753452399656807e-14
466.5660377358491,2.383402064465404e-16
466.7169811320755,-1.8556454985206112e-14
466.8679245283019,7.48117827917059e-16
467.0188679245283,-1.4398465991411872e-14
467.1698113207547,-7.135698664613822e-15
467.3207547169811,-6.656983376752142e-15
467.47169811320754,-1.104304906589685e-14
467.62264150943395,-7.340490933969416e-15
467.77358490566036,-7.759305376857544e-15
467.92452830188677,-1.0441501562991776e-14
468.07547169811323,-6.4710048367778585e-15
468.22641509433964,-9.836947407866538e-15
468.37735849056605,-7.911591027925353e-15
468.52830188679246,-8.920330663950553e-15
468.6792452830189,-7.253470569695295e-15
468.8301886792453,-1.1083992980517798e-14
468.9811320754717,-5.021339141839788e-15
469.1320754716981,-1.1265548202424448e-14
469.2830188679245,-7.597088480009382e-15
469.4339622641509,-8.19040138726508e-15
469.58490566037733,-7.0156171956654364e-15
469.7358490566038,-1.4316825485195226e-14
469.8867924528302,1.2572039363577072e-15
470.0377358490566,-1.7811846498928232e-14
470.188679245283,-4.286164256899959e-15
470.33962264150944,-6.259569472180255e-15
470.49056603773585,-1.3207630774619182e-14
470.64150943396226,-6.873191109569436e-15
470.79245283018867,-3.887123832419899e-15
470.9433962264151,-1.6708945104617452e-14
471.0943396226415,-2.6949375386286115e-15
471.24528301886795,-6.09993208244195e-15
471.39622641509436,-1.925353122514757e-14
471.54716981132077,5.095047194824693e-15
471.6981132075472,-1.6435970603907616e-14
471.8490566037736,-1.0364015866198185e-14
472.0,8.62814339247986e-16
472.1509433962264,-1.815049287491538e-14
472.3018867924528,-3.2183871536190654e-15
472.45283018867923,-9.540103527719206e-15
472.60377358490564,-7.351213062845206e-15
472.75471698113205,-1.1788736205587185e-14
472.9056603773585,-5.040696479480202e-15
473.0566037735849,-6.372565916097891e-15
473.20754716981133,-1.8797246328639115e-14
473.35849056603774,6.902441376786431e-15
473.50943396226415,-2.0029772395543757e-14
473.66037735849056,-7.367322521369906e-15
473.811320754717,4.97196478411415e-16
473.9622641509434,-1.8905916748341284e-14
474.1132075471698,-5.294396554169414e-15
474.2641509433962,-1.1345700580927974e-15
474.41509433962267,-2.0969255571477828e-14
474.5660377358491,1.2258511998708609e-15
474.7169811320755,-9.22820946392466e-15
474.8679245283019,-1.6032743788809652e-14
475.0188679245283,2.8874435370927833e-15
475.1698113207547,-1.7002640584742308e-14
475.3207547169811,-6.329667985719488e-15
475.47169811320754,-3.2993564765345824e-15
475.62264150943395,-1.7675651775604067e-14
475.77358490566036,1.2145933938206234e-15
475.92452830188677,-1.529340933768618e-14
476.07547169811323,-4.148887900836389e-15
476.22641509433964,-1.1198542827647646e-14
476.37735849056605,-5.886585125522935e-15
476.52830188679246,-9.643358058055393e-15
476.6792452830189,-9.265679635553123e-15
476.8301886792453,-4.918488184171644e-15
476.9811320754717,-1.3509743740406802e-14
477.1320754716981,-1.7109372612124538e-15
477.2830188679245,-1.634845010623015e-14
477.4339622641509,6.920118182960512e-16
477.58490566037733,-1.6569488259904014e-14
477.7358490566038,-2.874112177507123e-15
477.8867924528302,-9.648242500983444e-15
478.0377358490566,-1.0612837915744629e-14
478.188679245283,-4.094016789762565e-15
478.33962264150944,-1.1635845548940798e-14
478.49056603773585,-8.376821986443283e-15
478.64150943396226,-3.771801923552991e-15
478.79245283018867,-1.5342670088719005e-14
478.9433962264151,-2.4964627706207048e-15
479.0943396226415,-9.488619137880284e-15
479.24528301886795,-1.181495514848228e-14
479.39622641509436,-2.7090071861970463e-15
479.54716981132077,-1.2569680310732837e-14
479.6981132075472,-6.00165134704112e-15
479.8490566037736,-1.0430688174955257e-14
480.0,-3.699128900088181e-15
480.1509433962264,-1.5287732359125363e-14
480.3018867924528,-1.2132566721330362e-15
480.45283018867923,-1.2165567748317468e-14
480.60377358490564,-8.769114205557648e-15
480.75471698113205,-4.00428300951629e-15
480.9056603773585,-1.4192872224105257e-14
481.0566037735849,-2.669638481334208e-15
481.20754716981133,-1.134863559786523e-14
481.35849056603774,-8.57298221176033e-15
481.50943396226415,-5.786282074447254e-15
481.66037735849056,-8.321829926030176e-15
481.811320754717,-1.4841922973044276e-14
481.9622641509434,4.933511833984257e-15
482.1132075471698,-2.1302378000169623e-14
482.2641509433962,-3.4055469928985704e-15
482.41509433962267,-1.526840198553492e-15
482.5660377358491,-2.1632912204236563e-14
482.7169811320755,3.727258863313166e-15
482.8679245283019,-1.3283925376939726e-14
483.0188679245283,-8.975621218961562e-15
483.1698113207547,-6.04395786704299e-15
483.3207547169811,-8.211721332433787e-15
483.47169811320754,-9.942284112364422e-15
483.62264150943395,-6.910009412338509e-15
483.77358490566036,-7.933976805895136e-15
483.92452830188677,-7.960981138455874e-15
484.07547169811323,-1.141453178292494e-14
484.22641509433964,-1.6244119834408655e-15
484.37735849056605,-1.484208465312761e-14
484.52830188679246,-5.147764529823941e-15
484.6792452830189,-5.9422892523109884e-15
484.8301886792453,-1.3693827885988467e-14
484.9811320754717,-2.449801952276691e-15
485.1320754716981,-1.1823530592681129e-14
485.2830188679245,-6.322313161639913e-15
485.4339622641509,-9.376675340294568e-15
485.58490566037733,-6.340720944378466e-15
485.7358490566038,-1.0410304879619208e-14
485.8867924528302,-5.8832460872639285e-15
486.0377358490566,-9.93407681756548e-15
486.188679245283,-6.3553783385999106e-15
486.33962264150944,-1.0225455629069626e-14
486.49056603773585,-5.659357047622525e-15
486.64150943396226,-1.0152207165970437e-14
486.79245283018867,-6.789575299236437e-15
486.9433962264151,-9.475217468412552e-15
487.0943396226415,-4.852297851020667e-15
487.24528301886795,-1.3975091958275822e-14
487.39622641509436,-7.400744011488302e-16
487.54716981132077,-1.4582712850319273e-14
487.6981132075472,-3.4811480045448278e-15
487.8490566037736,-1.1339111097061568e-14
488.0,-5.188375503130337e-15
488.1509433962264,-1.0178416734643343e-14
488.3018867924528,-7.891912778044429e-15
488.45283018867923,-5.637144756213291e-15
488.60377358490564,-1.2256208670802195e-14
488.75471698113205,-3.401800725412779e-15
488.9056603773585,-1.2079224240373022e-14
489.0566037735849,-5.211761787617757e-15
489.20754716981133,-8.935568903736811e-15
489.35849056603774,-9.55571670635708e-15
489.50943396226415,-4.4142523981227444e-15
489.66037735849056,-1.2168901603271552e-14
489.811320754717,-5.491004013057302e-15
489.9622641509434,-6.747223214345295e-15
490.1132075471698,-1.4375625708622666e-14
490.2641509433962,2.8440979780173214e-15
490.41509433962267,-2.0012669696236358e-14
490.5660377358491,4.185479120087884e-16
490.7169811320755,-9.782345684795878e-15
490.8679245283019,-1.128329331158975e-14
491.0188679245283,-4.811207208863446e-15
491.1698113207547,-6.713978333751345e-15
491.3207547169811,-1.2829418547405158e-14
491.47169811320754,-4.8660299938639345e-15
491.62264150943395,-4.6891523167318026e-15
491.77358490566036,-1.723836055786635e-14
491.92452830188677,2.9516303409089864e-15
492.07547169811323,-1.6761166377073018e-14
492.22641509433964,-1.6649427458665764e-15
492.37735849056605,-1.2989477700049314e-14
492.52830188679246,-4.2224147513114125e-15
492.6792452830189,-8.63761184569514e-15
492.8301886792453,-1.084691427734493e-14
492.9811320754717,-3.9278234545943245e-15
493.1320754716981,-9.06224820842471e-15
493.2830188679245,-1.1288460865029933e-14
493.4339622641509,-2.672503493049874e-15
493.58490566037733,-1.0221016377161572e-14
493.7358490566038,-1.1448897051170598e-14
493.8867924528302,-1.7834295800903428e-16
494.0377358490566,-1.4869901087061684e-14
494.188679245283,-5.990031149757627e-15
494.33962264150944,-4.4587691100719085e-15
494.49056603773585,-1.2890739507437117e-14
494.64150943396226,-6.427872087828713e-15
494.79245283018867,-2.7623680411969973e-15
494.9433962264151,-1.8925892628488206e-14
495.0943396226415,5.49394229126992e-15
495.24528301886795,-1.9279577442610396e-14
495.39622641509436,-1.4727469105607163e-15
495.54716981132077,-8.267898081848876e-15
495.6981132075472,-1.2494536725443657e-14
495.8490566037736,-5.998244760478046e-16
496.0,-1.4482206329953732e-14
496.1509433962264,-5.215395111033058e-15
496.3018867924528,-4.190919239582212e-15
496.45283018867923,-1.7626011511901656e-14
496.60377358490564,4.935898455560037e-15
496.75471698113205,-1.8834687823844623e-14
496.9056603773585,-2.258128933249759e-15
497.0566037735849,-7.577903607796295e-15
497.20754716981133,-1.1127986476866252e-14
497.35849056603774,-5.162332039808025e-15
497.50943396226415,-7.736231855847134e-15
497.66037735849056,-9.986652678383738e-15
497.811320754717,-5.880216860951004e-15
497.9622641509434,-7.743281474106281e-15
498.1132075471698,-9.072533123075719e-15
498.2641509433962,-8.202100515940035e-15
498.41509433962267,-3.3216031983676807e-15
498.5660377358491,-1.5600442454207647e-14
498.7169811320755,-3.362111190736174e-16
498.8679245283019,-1.0982483145909342e-14
499.0188679245283,-9.876749167686173e-15
499.1698113207547,-2.5828138429985395e-15
499.3207547169811,-1.2630495011028446e-14
499.47169811320754,-5.23316953282735e-15
499.62264150943395,-8.276956002266608e-15
499.77358490566036,-7.58521622802606e-15
499.92452830188677,-8.839469835035451e-15
500.07547169811323,-5.7967718404877016e-15
500.22641509433964,-9.502895709330815e-15
500.37735849056605,-7.06587604242028e-15
500.52830188679246,-7.435105121970704e-15
500.6792452830189,-7.916920122571502e-15
500.8301886792453,-8.708098260361223e-15
500.9811320754717,-5.61581605903769e-15
501.1320754716981,-9.597093438372062e-15
501.2830188679245,-7.503827821373178e-15
501.4339622641509,-6.453532459596191e-15
501.58490566037733,-8.11707135246041e-15
501.7358490566038,-1.0759094500332554e-14
501.8867924528302,-8.011493891234911e-16
502.0377358490566,-1.5486438541378515e-14
502.188679245283,-3.653881830568137e-15
502.33962264150944,-4.753973250960825e-15
502.49056603773585,-1.6856355083660955e-14
502.64150943396226,3.3925991533900265e-15
502.79245283018867,-1.5632379212790663e-14
502.9433962264151,-5.0991592307943584e-15
503.0943396226415,-6.048165993542636e-15
503.24528301886795,-1.1027773932979054e-14
503.39622641509436,-3.5382119448832005e-15
503.54716981132077,-1.3117716441963495e-14
503.6981132075472,-5.753055965313291e-16
503.8490566037736,-1.474844724832306e-14
504.0,-3.1451648431853118e-15
504.1509433962264,-7.739523124674175e-15
504.3018867924528,-1.1573027113015578e-14
504.45283018867923,-1.8702153429355142e-15
504.60377358490564,-1.2072820474214434e-14
504.75471698113205,-7.009055289378283e-15
504.9056603773585,-3.910669711303417e-15
505.0566037735849,-1.34098382181823e-14
505.20754716981133,-3.326002019034947e-15
505.35849056603774,-7.787519584200751e-15
505.50943396226415,-1.1390381426821159e-14
505.66037735849056,-1.9310514399323546e-15
505.811320754717,-1.3050407687909706e-14
505.9622641509434,-2.9698496264492897e-15
506.1132075471698,-1.16156717433389e-14
506.2641509433962,-4.150942456229023e-15
506.41509433962267,-9.836636046048388e-15
506.5660377358491,-6.235369469477147e-15
506.7169811320755,-9.77442832964441e-15
506.8679245283019,-2.2377580391341434e-15
507.0188679245283,-1.6182185220098628e-14
507.1698113207547,1.5213298936753298e-15
507.3207547169811,-1.2812404527125637e-14
507.47169811320754,-8.401746070352012e-15
507.62264150943395,-2.267051659613211e-15
507.77358490566036,-1.2381562980051178e-14
507.92452830188677,-7.51560361828388e-15
508.07547169811323,-1.960135750929811e-15
508.22641509433964,-1.504905423563381e-14
508.37735849056605,-3.658155170891146e-15
508.52830188679246,-3.668322010768708e-15
508.6792452830189,-1.8653524194700623e-14
508.8301886792453,6.1258983050379055e-15
508.9811320754717,-1.7333522214336424e-14
509.1320754716981,-4.881697423898708e-15
509.2830188679245,-4.6308363635260094e-15
509.4339622641509,-1.0556106568852835e-14
509.58490566037733,-8.356113826623413e-15
509.7358490566038,-2.9072797060111184e-15
509.8867924528302,-1.1908303660242309e-14
510.0377358490566,-6.636518166011446e-15
510.188679245283,-4.276859733872398e-15
510.33962264150944,-1.286086892268926e-14
510.49056603773585,-1.1802662400377098e-15
510.64150943396226,-1.4662946883698707e-14
510.79245283018867,8.143336563718325e-16
510.9433962264151,-1.533013277803955e-14
511.0943396226415,-2.3919395186164974e-15
511.24528301886795,-7.99296206369781e-15
511.39622641509436,-1.0730292858907093e-14
511.54716981132077,-2.752809047221593e-15
511.6981132075472,-1.0665088283759477e-14
511.8490566037736,-7.022248732137291e-15
512.0,-5.593459095734337e-15
512.1509433962265,-9.127199348294114e-15
512.3018867924528,-8.126145322439902e-15
512.4528301886793,-3.8858350084944355e-15
512.6037735849056,-1.089132907168155e-14
512.7547169811321,-8.04223600374861e-15
512.9056603773585,-1.2244312953869395e-15
513.0566037735849,-1.4883220124435383e-14
513.2075471698113,-5.6316977746313945e-15
513.3584905660377,5.305980548386552e-16
513.5094339622641,-2.1698836219028423e-14
513.6603773584906,5.609780348967611e-15
513.811320754717,-1.2626898459465266e-14
513.9622641509434,-1.0909486141139388e-14
514.1132075471698,2.0252102810211213e-15
514.2641509433962,-1.855822047862098e-14
514.4150943396227,2.8177155643911413e-15
514.566037735849,-1.4677431276562736e-14
514.7169811320755,-3.7252947769026696e-15
514.8679245283018,-7.175426584718542e-15
515.0188679245283,-1.0074666398964933e-14
515.1698113207547,-3.864946567375252e-15
515.3207547169811,-9.721429271387013e-15
515.4716981132076,-6.5474367794310936e-15
515.622641509434,-7.110719651099655e-15
515.7735849056604,-7.11327631523474e-15
515.9245283018868,-8.560582601634122e-15
516.0754716981132,-5.571343336756535e-15
516.2264150943396,-8.018946456410816e-15
516.377358490566,-8.048931001603165e-15
516.5283018867924,-6.455652265180455e-15
516.6792452830189,-5.5485472216172985e-15
516.8301886792453,-1.2883092964411815e-14
516.9811320754717,5.188416940033427e-16
517.1320754716982,-1.2553296583105587e-14
517.2830188679245,-9.276822422492455e-15
517.433962264151,3.3476138104619716e-15
517.5849056603773,-2.1884008159864788e-14
517.7358490566038,3.2947610986969703e-15
517.8867924528302,-7.595982538504018e-15
518.0377358490566,-1.598611769929957e-14
518.188679245283,2.947476149548509e-15
518.3396226415094,-1.0194218529817997e-14
518.4905660377359,-1.4621621330529053e-14
518.6415094339623,6.672604873536062e-15
518.7924528301887,-2.0195927183052686e-14
518.9433962264151,-7.219650999236955e-16
519.0943396226415,-5.693825609715594e-15
519.2452830188679,-1.4949010829059272e-14
519.3962264150944,4.019727688634251e-15
519.5471698113207,-1.905019916491219e-14
519.6981132075472,2.8028718602265697e-15
519.8490566037735,-1.3166618001197136e-14
520.0,-6.087643221852643e-15
520.1509433962265,-4.253468704307206e-15
520.3018867924528,-1.118919302197845e-14
520.4528301886793,-5.573003113233197e-15
520.6037735849056,-4.130092624931204e-15
520.7547169811321,-1.3865297170215343e-14
520.9056603773585,-2.7277238172263217e-16
521.0566037735849,-1.0061522162907089e-14
521.2075471698113,-1.021362633154692e-14
521.3584905660377,8.930553646497767e-16
521.5094339622641,-1.6771210754981564e-14
521.6603773584906,8.557033674771807e-16
521.811320754717,-1.1543654112093376e-14
521.9622641509434,-6.89810397122631e-15
522.1132075471698,-2.6835827418658963e-15
522.2641509433962,-1.582626624327902e-14
522.4150943396227,3.5834298125341336e-15
522.566037735849,-1.527786406156967e-14
522.7169811320755,-5.09170733071999e-15
522.8679245283018,-3.3417389987348737e-15
523.0188679245283,-1.1504026214799502e-14
523.1698113207547,-7.351155004847838e-15
523.3207547169811,-1.4621796820123215e-15
523.4716981132076,-1.2744025871832673e-14
523.622641509434,-7.798532897401812e-15
523.7735849056604,2.1064639470478198e-15
523.9245283018868,-2.0157213175169435e-14
524.0754716981132,2.499583090985348e-15
524.2264150943396,-7.796790890921881e-15
524.377358490566,-1.4584139443891626e-14
524.5283018867924,3.6456398409280695e-15
524.6792452830189,-1.4787033629755884e-14
524.8301886792453,-5.1385234898772894e-15
524.9811320754717,-4.035368675024985e-15
525.1320754716982,-1.1706795270116533e-14
525.2830188679245,-3.0158775846381066e-15
525.433962264151,-9.667452040541327e-15
525.5849056603773,-5.157368786959484e-15
525.7358490566038,-8.218142697247829e-15
525.8867924528302,-6.548855874599555e-15
526.0377358490566,-6.799616391291226e-15
526.188679245283,-6.670348664202918e-15
526.3396226415094,-8.716591915185138e-15
526.4905660377359,-4.599793408896024e-15
526.6415094339623,-7.152966054572573e-15
526.7924528301887,-1.1165655948156949e-14
526.9433962264151,5.288637474772212e-16
527.0943396226415,-1.3148120831404556e-14
527.2452830188679,-6.237999993312998e-15
527.3962264150944,-2.252534720631478e-15
527.5471698113207,-1.2280232412489645e-14
527.6981132075472,-5.84237592143898e-15
527.8490566037735,-3.2653453147371363e-15
528.0,-1.0843666824162857e-14
528.1509433962265,-7.647986970457087e-15
528.3018867924528,-8.934822824603985e-16
528.4528301886793,-1.4025270957202862e-14
528.6037735849056,-3.1785646213665738e-15
528.7547169811321,-6.695561494074977e-15
528.9056603773585,-7.455772355190652e-15
529.0566037735849,-9.452356936164931e-15
529.2075471698113,-8.497824130012819e-16
529.3584905660377,-1.4452185467961546e-14
529.5094339622641,1.6500494433338961e-15
529.6603773584906,-1.7995519402391124e-14
529.811320754717,8.150053250488083e-15
529.9622641509434,-2.339944572733735e-14
530.1132075471698,6.0076088914259994e-15
530.2641509433962,-1.1816393670007003e-14
530.4150943396227,-9.518670862549396e-15
530.566037735849,-5.822741257509705e-16
530.7169811320755,-1.200942905201037e-14
530.8679245283018,-4.873541784257175e-15
531.0188679245283,-6.119119269883028e-15
531.1698113207547,-8.442764077631051e-15
531.3207547169811,-5.369532596210874e-15
531.4716981132076,-7.773100546658254e-15
531.622641509434,-6.226308626529928e-15
531.7735849056604,-7.089653099050309e-15
531.9245283018868,-6.0149243042245445e-15
532.0754716981132,-9.4235943896416e-15
532.2264150943396,-1.3045535237510182e-15
532.377358490566,-1.4182216018735126e-14
532.5283018867924,2.974165438369684e-17
532.6792452830189,-1.0498164556355125e-14
532.8301886792453,-6.640946618713869e-15
532.9811320754717,-4.5146574752439816e-15
533.1320754716982,-9.602975095631675e-15
533.2830188679245,-4.287838566234513e-15
533.433962264151,-8.213012904719912e-15
533.5849056603773,-7.073603792738356e-15
533.7358490566038,-3.740803213126253e-15
533.8867924528302,-1.1745728317534574e-14
534.0377358490566,-1.867683739194828e-15
534.188679245283,-9.645520843584554e-15
534.3396226415094,-4.740523636679168e-15
534.4905660377359,-1.0134120418866998e-14
534.6415094339623,-1.75964195091682e-15
534.7924528301887,-8.872390243319762e-15
534.9433962264151,-1.2181725639939162e-14
535.0943396226415,6.132515371609066e-15
535.2452830188679,-1.95710888113486e-14
535.3962264150944,-2.1448108855863533e-15
535.5471698113207,-8.799573145412536e-16
535.6981132075472,-1.6065902725028304e-14
535.8490566037735,-3.157125354117663e-15
536.0,1.1203054072128431e-16
536.1509433962265,-1.962741352537341e-14
536.3018867924528,3.799979813908954e-15
536.4528301886793,-7.774357373791169e-15
536.6037735849056,-1.499061486027127e-14
536.7547169811321,5.457033045406666e-15
536.9056603773585,-1.518675899268386e-14
537.0566037735849,-5.348777337569945e-15
537.2075471698113,-1.9575414383129346e-15
537.3584905660377,-1.2740830928661587e-14
537.5094339622641,-2.6093453766674852e-15
537.6603773584906,-7.970386831555322e-15
537.811320754717,-5.689225091725363e-15
537.9622641509434,-9.151656143591625e-15
538.1132075471698,-2.3781091106309247e-15
538.2641509433962,-1.018641576816901e-14
538.4150943396227,-5.668734693495426e-15
538.566037735849,-5.301177033375945e-15
538.7169811320755,-6.497474002836737e-15
538.8679245283018,-1.1440911114342695e-14
539.0188679245283,2.9935146717489704e-15
539.1698113207547,-1.5941110967237974e-14
539.3207547169811,-3.33917315481099e-15
539.4716981132076,-1.2087682462589031e-15
539.622641509434,-1.688297145264881e-14
539.7735849056604,2.427597977306313e-15
539.9245283018868,-9.706083927757043e-15
540.0754716981132,-8.910237664181245e-15
540.2264150943396,-1.262223203043925e-15
540.377358490566,-1.2668230787496844e-14
540.5283018867924,5.010475435726794e-16
540.6792452830189,-1.4424890263378e-14
540.8301886792453,1.2402280241050854e-15
540.9811320754717,-1.222274669127632e-14
541.1320754716982,-3.334096951457426e-15
541.2830188679245,-8.415454003616285e-15
541.433962264151,-3.279161767425016e-15
541.5849056603773,-1.2161492500118561e-14
541.7358490566038,1.1919262997374966e-16
541.8867924528302,-9.476078570047758e-15
542.0377358490566,-1.1796667306129208e-14
542.188679245283,9.080430417383507e-15
542.3396226415094,-2.8381051989932543e-14
542.4905660377359,1.3346663052325321e-14
542.6415094339623,-1.511542729470872e-14
542.7924528301887,-1.1860175238921732e-14
542.9433962264151,7.432258161493235e-15
543.0943396226415,-1.7947294724362956e-14
543.2452830188679,-4.6430696759294225e-15
543.3962264150944,1.2890012578256913e-16
543.5471698113207,-1.2536966615456516e-14
543.6981132075472,-8.750913286705941e-15
543.8490566037735,5.0356621254876666e-15
544.0,-1.918376064903963e-14
544.1509433962265,-1.9448427741701548e-15
544.3018867924528,1.7735964245868553e-15
544.4528301886793,-2.2743793235536462e-14
544.6037735849056,9.36360605790284e-15
544.7547169811321,-1.4920213412668696e-14
544.9056603773585,-5.005519975747767e-15
545.0566037735849,-4.9686468572925155e-15
545.2075471698113,-6.337739506767004e-15
545.3584905660377,-8.083876529489566e-15
545.5094339622641,-4.961144952074665e-15
545.6603773584906,-6.302521877951733e-15
545.811320754717,-5.712716584938222e-15
545.9622641509434,-1.0411076067983162e-14
546.1132075471698,1.425821279284688e-15
546.2641509433962,-1.4014814713647504e-14
546.4150943396227,-3.0827219127894277e-15
546.566037735849,-3.628859594891105e-15
546.7169811320755,-1.1943977568507003e-14
546.8679245283018,-1.881076309210707e-15
547.0188679245283,-7.78632067597085e-15
547.1698113207547,-5.3772626758528025e-15
547.3207547169811,-9.925040468017468e-15
547.4716981132076,8.881682710369175e-16
547.622641509434,-1.3857152086880428e-14
547.7735849056604,-2.3365562707027478e-15
547.9245283018868,-4.6491915937457536e-15
548.0754716981132,-1.1625327657388019e-14
548.2264150943396,-4.942893430282954e-16
548.377358490566,-9.787948164432892e-15
548.5283018867924,-5.095152856293393e-15
548.6792452830189,-6.295544599965859e-15
548.8301886792453,-5.6179893755090856e-15
548.9811320754717,-7.93084563618094e-15
549.1320754716982,-3.804678805058144e-15
549.2830188679245,-8.223746140056608e-15
549.433962264151,-5.378534054305804e-15
549.5849056603773,-5.715017471428323e-15
549.7358490566038,-6.962261394464123e-15
549.8867924528302,-6.560408822054638e-15
550.0377358490566,-3.854695000386204e-15
550.188679245283,-9.185839829046753e-15
550.3396226415094,-5.242048739186876e-15
550.4905660377359,-2.870597274955151e-15
550.6415094339623,-1.2562580240308448e-14
550.7924528301887,-6.981619865323428e-16
550.9433962264151,-6.454183758912277e-15
551.0943396226415,-1.1720390442686452e-14
551.2452830188679,2.0790884848162344e-15
551.3962264150944,-1.2378908915728642e-14
551.5471698113207,-3.4846530981822382e-15
551.6981132075472,-8.01984042902235e-15
551.8490566037735,-4.481075989611738e-17
552.0,-1.833353400604521e-14
552.1509433962265,9.072350569556655e-15
552.3018867924528,-1.778874662996435e-14
552.4528301886793,-2.903526993776597e-15
552.6037735849056,-7.466867347943547e-17
552.7547169811321,-1.774690999317758e-14
552.9056603773585,6.1910750597492335e-15
553.0566037735849,-1.4904503880996364e-14
553.2075471698113,-2.4294707094095773e-15
553.3584905660377,-4.404326307883409e-15
553.5094339622641,-1.219290448526635e-14
553.6603773584906,3.3389849360284833e-15
553.811320754717,-1.665469309305857e-14
553.9622641509434,3.1666548473764413e-15
554.1132075471698,-1.1110485406515963e-14
554.2641509433962,-6.917205830761229e-15
554.4150943396227,1.2223179199308819e-15
554.566037735849,-1.7934540130664688e-14
554.7169811320755,7.152777184456457e-15
554.8679245283018,-1.6412084062112708e-14
555.0188679245283,-8.203320330371761e-16
555.1698113207547,-6.112665623759092e-15
555.3207547169811,-8.539809697533896e-15
555.4716981132076,-3.4497354305138257e-15
555.622641509434,-6.9972558807781036e-15
555.7735849056604,-6.320892774171495e-15
555.9245283018868,-5.157541886681321e-15
556.0754716981132,-6.435703105596767e-15
556.2264150943396,-5.920298891690596e-15
556.377358490566,-5.8945254547713644e-15
556.5283018867924,-5.617272517617474e-15
556.6792452830189,-6.792317853375841e-15
556.8301886792453,-4.754432899419437e-15
556.9811320754717,-6.975838758196472e-15
557.1320754716982,-5.2881917519484416e-15
557.2830188679245,-6.22914531250412e-15
557.433962264151,-5.403305706547051e-15
557.5849056603773,-7.077933514604217e-15
557.7358490566038,-4.062453581169293e-15
557.8867924528302,-7.747024840507808e-15
558.0377358490566,-4.749453237852094e-15
558.188679245283,-6.245643264355587e-15
558.3396226415094,-5.312783745298854e-15
558.4905660377359,-7.894890280228083e-15
558.6415094339623,-2.176235434810802e-15
558.7924528301887,-9.628114600095988e-15
558.9433962264151,-4.191426926108934e-15
559.0943396226415,-5.205046849168478e-15
559.2452830188679,-5.56760944624826e-15
559.3962264150944,-1.1544880875501034e-14
559.5471698113207,6.682347259679406e-15
559.6981132075472,-2.0979964011150984e-14
559.8490566037735,4.8012978896309e-15
560.0,-7.204971309924952e-15
560.1509433962265,-1.2438115692771478e-14
560.3018867924528,3.1920901972715898e-15
560.4528301886793,-1.179742907236344e-14
560.6037735849056,-4.17355534653079e-15
560.7547169811321,-5.52182247408232e-15
560.9056603773585,-4.903261103057501e-15
561.0566037735849,-8.036864598076367e-15
561.2075471698113,-4.914650971132243e-15
561.3584905660377,-2.4747607940603636e-15
561.5094339622641,-1.282170501024591e-14
561.6603773584906,1.6440913556814137e-15
561.811320754717,-1.0034942714097857e-14
561.9622641509434,-5.176461993956123e-15
562.1132075471698,-5.097241621655475e-15
562.2641509433962,-4.0908196945858675e-15
562.4150943396227,-1.1439806444911986e-14
562.566037735849,2.3216640811984655e-15
562.7169811320755,-1.1013345981460449e-14
562.8679245283018,-8.811051104386736e-15
563.0188679245283,7.630663472408907e-15
563.1698113207547,-2.477138787487801e-14
563.3207547169811,1.0613671999521663e-14
563.4716981132076,-1.2892083482735924e-14
563.622641509434,-7.248299234489075e-15
563.7735849056604,-1.2044909188158492e-15
563.9245283018868,-7.124056801681153e-15
564.0754716981132,-9.139561587835958e-15
564.2264150943396,1.1639269330117113e-15
564.377358490566,-1.4018618419843794e-14
564.5283018867924,3.7379408590608335e-15
564.6792452830189,-1.5677965321345954e-14
564.8301886792453,3.2564185467399724e-15
564.9811320754717,-1.089736448140148e-14
565.1320754716982,-5.049457859240418e-15
565.2830188679245,-3.152946154634737e-15
565.433962264151,-8.082315701176618e-15
565.5849056603773,-5.051187181642566e-15
565.7358490566038,-5.115456181472562e-15
565.8867924528302,-4.760356992873766e-15
566.0377358490566,-8.918440187991454e-15
566.188679245283,-1.2119511720562966e-15
566.3396226415094,-8.891049359505384e-15
566.4905660377359,-3.604645422546006e-15
566.6415094339623,-7.654686973745882e-15
566.7924528301887,-3.3174133215444557e-15
566.9433962264151,-5.058627397336955e-15
567.0943396226415,-1.2115350773843741e-14
567.2452830188679,6.279264310098395e-15
567.3962264150944,-1.7144915820389093e-14
567.5471698113207,1.4445923768152212e-18
567.6981132075472,-3.8377574241472105e-15
567.8490566037735,-1.0862468288536667e-14
568.0,-1.010953310263062e-15
568.1509433962265,-7.331754719302776e-15
568.3018867924528,-5.971781281575903e-15
568.4528301886793,-3.392125476883874e-15
568.6037735849056,-9.551800046168504e-15
568.7547169811321,7.476943699767207e-16
568.9056603773585,-1.3237061302725143e-14
569.0566037735849,2.367018918961755e-15
569.2075471698113,-1.2552714995443452e-14
569.3584905660377,9.189877349650724e-16
569.5094339622641,-1.1683301805602289e-14
569.6603773584906,4.290141231069693e-16
569.811320754717,-1.0284119983079187e-14
569.9622641509434,-1.9256527432826154e-15
570.1132075471698,-9.115003133743276e-15
570.2641509433962,6.46082351939057e-16
570.4150943396227,-1.4726768127717646e-14
570.566037735849,4.937307966038609e-15
570.7169811320755,-1.3711442650907204e-14
570.8679245283018,-2.2856027753364256e-16
571.0188679245283,-9.569141076282531e-15
571.1698113207547,-2.4885759343604555e-17
571.3207547169811,-1.1206913321334217e-14
571.4716981132076,-3.2831902644442234e-15
571.622641509434,-1.3614805561026194e-17
571.7735849056604,-1.772065233910514e-14
571.9245283018868,7.885204783170742e-15
572.0754716981132,-1.1326515936641052e-14
572.2264150943396,-1.2020698342888183e-14
572.377358490566,1.245577587146765e-14
572.5283018867924,-2.6909844595748193e-14
572.6792452830189,1.1191660231623113e-14
572.8301886792453,-1.2661401437020658e-14
572.9811320754717,-4.853423091015835e-15
573.1320754716982,-5.089856662039589e-15
573.2830188679245,-2.1668606550871957e-15
573.433962264151,-1.0939241926664809e-14
573.5849056603773,-2.035709773097811e-15
573.7358490566038,-2.2769900517379485e-15
573.8867924528302,-1.4316303900144644e-14
574.0377358490566,5.066555170025558e-15
574.188679245283,-1.1990439459680045e-14
574.3396226415094,-4.095518426989564e-15
574.4905660377359,-2.842465095742792e-15
574.6415094339623,-9.061579034457379e-15
574.7924528301887,-2.4760936110489373e-16
574.9433962264151,-1.3054505234390675e-14
575.0943396226415,5.0633736247428205e-15
575.2452830188679,-1.4784992459151433e-14
575.3962264150944,-6.95307330821902e-16
575.5471698113207,-4.1366151516878585e-15
575.6981132075472,-8.16997849644185e-15
575.8490566037735,-5.66008086234103e-15
576.0,1.482350421147531e-16
576.1509433962265,-1.2339957636774636e-14
576.3018867924528,-1.4542049443293364e-15
576.4528301886793,-3.24875769613505e-15
576.6037735849056,-1.1066767299022603e-14
576.7547169811321,4.0992329651445444e-16
576.9056603773585,-7.793251426058676e-15
577.0566037735849,-5.351323982801863e-15
577.2075471698113,-4.746221186621047e-15
577.3584905660377,-3.952489689754125e-15
577.5094339622641,-7.846145221380645e-15
577.6603773584906,-3.2314685723972444e-15
577.811320754717,-4.724065425467257e-15
577.9622641509434,-7.132913149089563e-15
578.1132075471698,-4.821611225836589e-15
578.2641509433962,-1.4515153681613567e-15
578.4150943396227,-1.1925180525327392e-14
578.566037735849,7.137986748109499e-16
578.7169811320755,-6.531782263440602e-15
578.8679245283018,-8.522018541378972e-15
579.0188679245283,5.640090407188476e-16
579.1698113207547,-1.0842630617902213e-14
579.3207547169811,5.032769403350649e-16
579.4716981132076,-1.1979218463828151e-14
579.622641509434,3.2183993408910998e-15
579.7735849056604,-1.226913193953781e-14
579.9245283018868,-3.570087494114246e-15
580.0754716981132,1.6386579781575405e-15
580.2264150943396,-1.7406597814966688e-14
580.377358490566,5.1957856659182514e-15
580.5283018867924,-5.842528549286951e-15
580.6792452830189,-1.5093946284302502e-14
580.8301886792453,9.019634784687994e-15
580.9811320754717,-1.2894068145148372e-14
581.1320754716982,-1.0070167611457955e-14
581.2830188679245,1.0636809518617035e-14
581.433962264151,-2.135476428308651e-14
581.5849056603773,4.402920692495876e-16
581.7358490566038,5.010321703075379e-15
581.8867924528302,-2.465200002855366e-14
582.0377358490566,1.1572952725847556e-14
582.188679245283,-9.024057056796577e-15
582.3396226415094,-1.248405670755302e-14
582.4905660377359,3.329304199165864e-15
582.6415094339623,-3.535255641384281e-15
582.7924528301887,-1.7734095866522225e-14
582.9433962264151,1.0450669650976053e-14
583.0943396226415,-1.2575959178929759e-14
583.2452830188679,-8.768080880751756e-15
583.3962264150944,4.365519065544568e-15
583.5471698113207,-1.0134019601161751e-14
583.6981132075472,-9.931377533769267e-15
583.8490566037735,8.50421008300701e-15
584.0,-2.018926849425314e-14
584.1509433962265,6.130798768585206e-15
584.3018867924528,-1.0817900355447107e-14
584.4528301886793,-1.3275263532308644e-15
584.6037735849056,-9.373212643564663e-15
584.7547169811321,8.990674534038144e-16
584.9056603773585,-1.0530110813760971e-14
585.0566037735849,-1.4236661678436992e-15
585.2075471698113,-5.692750868840818e-15
585.3584905660377,-5.587932374619734e-15
585.5094339622641,-5.133860670718949e-15
585.6603773584906,-2.3835435256548128e-15
585.811320754717,-8.06619124165858e-15
585.9622641509434,-4.990431919002804e-15
586.1132075471698,1.2315371681659434e-15
586.2641509433962,-1.565294121583466e-14
586.4150943396227,6.279129890144513e-15
586.566037735849,-1.3008508674929357e-14
586.7169811320755,9.770907108387022e-17
586.8679245283018,-8.30071134060906e-15
587.0188679245283,-2.152480579795766e-15
587.1698113207547,-5.740965862751682e-15
587.3207547169811,-7.085248386815896e-15
587.4716981132076,3.681861921581131e-16
587.622641509434,-1.1092278440149972e-14
587.7735849056604,3.2192070294122443e-16
587.9245283018868,-7.865252662930672e-15
588.0754716981132,-3.2681821957876533e-15
588.2264150943396,-6.2154796936204635e-15
588.377358490566,-2.511187044890747e-15
588.5283018867924,-7.995949793243952e-15
588.6792452830189,-1.4889699494437253e-15
588.8301886792453,-7.243808515103584e-15
588.9811320754717,-3.50656777526723e-15
589.1320754716982,-5.456328116180538e-15
589.2830188679245,-3.478492258123219e-15
589.433962264151,-7.57988548993251e-15
589.5849056603773,-7.875873534231234e-16
589.7358490566038,-7.996869012935786e-15
589.8867924528302,-4.299177814378185e-15
590.0377358490566,-2.2803630122588757e-15
590.188679245283,-7.679515909265666e-15
590.3396226415094,-4.115235556867346e-15
590.4905660377359,-2.6468544652921392e-15
590.6415094339623,-7.400840946017539e-15
590.7924528301887,-2.959723411563351e-15
590.9433962264151,-7.193244025854863e-15
591.0943396226415,2.3973072631731267e-15
591.2452830188679,-1.898850021539988e-14
591.3962264150944,1.5392436666382747e-14
591.5471698113207,-2.5751639295969097e-14
591.6981132075472,1.1937892502851442e-14
591.8490566037735,-1.3919043058966005e-14
592.0,-1.7881677968395187e-15
592.1509433962265,-5.110903724583045e-15
592.3018867924528,-2.9842774532063044e-15
592.4528301886793,-8.276398309444164e-15
592.6037735849056,-1.2990787614565808e-15
592.7547169811321,-5.335527818936824e-15
592.9056603773585,-6.694264330679565e-15
593.0566037735849,-1.892815832929491e-15
593.2075471698113,-6.2655383034312814e-15
593.3584905660377,-3.960002338477028e-15
593.5094339622641,-5.424528034224019e-15
593.6603773584906,-4.016382643758811e-15
593.811320754717,-2.639725360932623e-15
593.9622641509434,-1.0998391090218398e-14
594.1132075471698,4.7069199054233426e-15
594.2641509433962,-1.2504103614980304e-14
594.4150943396227,-1.1840640587449103e-15
594.566037735849,-4.977067761769493e-15
594.7169811320755,-2.2111255201638138e-15
594.8679245283018,-1.2271761370894989e-14
595.0188679245283,5.853480746939256e-15
595.1698113207547,-1.0237812836858264e-14
595.3207547169811,-9.653887143341163e-15
595.4716981132076,9.906805629613417e-15
595.622641509434,-1.9650524639142957e-14
595.7735849056604,1.6752227935549278e-15
595.9245283018868,1.3034043751154072e-15
596.0754716981132,-1.7243335183022798e-14
596.2264150943396,5.657555057481177e-15
596.377358490566,-5.16548879613812e-15
596.5283018867924,-1.3531567490173854e-14
596.6792452830189,7.615111358386345e-15
596.8301886792453,-1.1090224689943895e-14
596.9811320754717,-8.403474367488816e-15
597.1320754716982,8.238962190205966e-15
597.2830188679245,-1.987623313273302e-14
597.433962264151,8.03941765751082e-15
597.5849056603773,-1.3063964180595261e-14
597.7358490566038,2.710514173419124e-15
597.8867924528302,-1.2035753503064358e-14
598.0377358490566,1.3015811596840434e-15
598.188679245283,-3.966921401025422e-15
598.3396226415094,-1.2843428105499678e-14
598.4905660377359,7.679858494890045e-15
598.6415094339623,-1.2937727083264127e-14
598.7924528301887,-4.3386075206627924e-15
598.9433962264151,2.5776170276727057e-15
599.0943396226415,-1.304560813875128e-14
599.2452830188679,8.409816810733943e-16
599.3962264150944,-4.97652352359247e-15
599.5471698113207,-6.960549614303729e-15
599.6981132075472,-3.279745944562707e-16
599.8490566037735,-1.0630175477883927e-14
600.0,6.196849605031701e-15
600.1509433962265,-2.033245667506678e-14
600.3018867924528,1.4392800730395173e-14
600.4528301886793,-2.0686171903675416e-14
600.6037735849056,4.837040328838368e-15
600.7547169811321,-6.038710364142717e-15
600.9056603773585,-5.967855160347354e-15
601.0566037735849,-5.2874157683294484e-15
601.2075471698113,1.9312389850819323e-15
601.3584905660377,-1.3855894296043555e-14
601.5094339622641,3.5957449012687576e-15
601.6603773584906,-7.622988969192332e-15
601.811320754717,-4.9589867805538485e-15
601.9622641509434,-2.4417337431867717e-15
602.1132075471698,-6.261361253196561e-15
602.2641509433962,-1.191095188743799e-15
602.4150943396227,-9.836350573077253e-15
602.566037735849,2.1848520853362713e-15
602.7169811320755,-7.589796648611877e-15
602.8679245283018,-8.117909849953457e-15
603.0188679245283,6.643764822089588e-15
603.1698113207547,-1.7665503874738573e-14
603.3207547169811,5.487250542765119e-15
603.4716981132076,-7.80296039384514e-15
603.622641509434,-4.470604101727785e-15
603.7735849056604,-4.944408535454668e-15
603.9245283018868,-6.65925796607849e-16
604.0754716981132,-8.735521348542386e-15
604.2264150943396,-2.2889812408929382e-15
604.377358490566,-2.3611690662608386e-15
604.5283018867924,-8.732921607349382e-15
604.6792452830189,1.194890484121216e-15
604.8301886792453,-1.0216974568088674e-14
604.9811320754717,2.688268218171673e-15
605.1320754716982,-1.1412982122375394e-14
605.2830188679245,7.465022032250077e-16
605.433962264151,-3.850954405274739e-15
605.5849056603773,-1.1037347997138474e-14
605.7358490566038,6.731337271214061e-15
605.8867924528302,-1.4157437491063098e-14
606.0377358490566,-1.3087559790849434e-16
606.188679245283,-5.701873049598136e-16
606.3396226415094,-1.2951653419689211e-14
606.4905660377359,4.874136036807002e-15
606.6415094339623,-1.003938308343089e-14
606.7924528301887,-1.2375691955244322e-15
606.9433962264151,-6.461993927908066e-15
607.0943396226415,-1.8172168479367427e-15
607.2452830188679,-4.139501037670625e-15
607.3962264150944,-9.2106819319058e-15
607.5471698113207,5.612933461098964e-15
607.6981132075472,-1.5263080491800242e-14
607.8490566037735,5.344800906633653e-15
608.0,-1.1348295922239669e-14
608.1509433962265,1.5398361516060197e-15
608.3018867924528,-7.898765277710225e-15
608.4528301886793,-3.5454790261858472e-15
608.6037735849056,-1.375453638855615e-15
608.7547169811321,-7.541871858848083e-15
608.9056603773585,-3.378013241711921e-15
609.0566037735849,-1.0484031951532982e-15
609.2075471698113,-8.329658921453362e-15
609.3584905660377,-2.5650158376721365e-15
609.5094339622641,-8.664478482212933e-16
609.6603773584906,-1.0696962140089394e-14
609.811320754717,2.851587639120935e-15
609.9622641509434,-8.86925244363361e-15
610.1132075471698,-1.582502180773705e-15
610.2641509433962,-5.613838455017609e-15
610.4150943396227,-1.8763477350360437e-15
610.566037735849,-7.180775148964259e-15
610.7169811320755,-7.325243669706188e-16
610.8679245283018,-6.46784120714641e-15
611.0188679245283,-2.6322892171423626e-15
611.1698113207547,-5.262774941581121e-15
611.3207547169811,-1.791025915528175e-15
611.4716981132076,-7.366500423232514e-15
611.622641509434,-7.296834513735048e-16
611.7735849056604,-5.756028268611779e-15
611.9245283018868,-3.565090256676585e-15
612.0754716981132,-5.407418511639334e-15
612.2264150943396,9.37900566893071e-16
612.377358490566,-1.2441781545590363e-14
612.5283018867924,4.852609224639683e-15
612.6792452830189,-9.001481256860055e-15
612.8301886792453,-4.6942971876349306e-15
612.9811320754717,8.502650449596161e-16
613.1320754716982,-8.901459088213102e-15
613.2830188679245,-2.1853355560632738e-15
613.433962264151,-2.119892638532318e-15
613.5849056603773,-6.7886048423528146e-15
613.7358490566038,-3.4265833623927902e-15
613.8867924528302,-1.0726351734661884e-15
614.0377358490566,-7.263907329355504e-15
614.188679245283,-4.880746784715041e-15
614.3396226415094,3.213329758311032e-15
614.4905660377359,-1.3204967261469432e-14
614.6415094339623,2.250833560550468e-16
614.7924528301887,1.1875011940523128e-15
614.9433962264151,-1.4577055052971555e-14
615.0943396226415,3.5033916517018735e-15
615.2452830188679,-1.4074055079218003e-15
615.3962264150944,-1.487359955364407e-14
615.5471698113207,7.610016430468155e-15
615.6981132075472,-8.158839927556316e-15
615.8490566037735,-7.965346989831568e-15
616.0,3.092385732686986e-15
616.1509433962265,-7.136973158094496e-15
616.3018867924528,-5.5243082913257134e-15
616.4528301886793,-2.254211667183531e-15
616.6037735849056,5.185766844170628e-16
616.7547169811321,-1.4072160044196277e-14
616.9056603773585,4.945612420891541e-15
617.0566037735849,-2.9059100686089127e-15
617.2075471698113,-1.5468585972676346e-14
617.3584905660377,1.0370909417308416e-14
617.5094339622641,-9.858188014210414e-15
617.6603773584906,-9.87390889160965e-15
617.811320754717,8.076336452917647e-15
617.9622641509434,-1.0043993173261654e-14
618.1132075471698,-1.0812950227749136e-14
618.2641509433962,1.4396456442305753e-14
618.4150943396227,-2.2659614527179775e-14
618.566037735849,4.165823005336618e-15
618.7169811320755,3.669324481775113e-15
618.8679245283018,-2.058781629489676e-14
619.0188679245283,1.0252612326156711e-14
619.1698113207547,-5.895233568067037e-15
619.3207547169811,-1.2759336910879667e-14
619.4716981132076,7.064616692573487e-15
619.622641509434,-6.606059819669819e-15
619.7735849056604,-1.1450595299917871e-14
619.9245283018868,8.81147987725192e-15
620.0754716981132,-1.2284018820939838e-14
620.2264150943396,-4.635819184875482e-15
620.377358490566,5.598363134900248e-15
620.5283018867924,-1.566008706233514e-14
620.6792452830189,4.668596815068073e-15
620.8301886792453,-5.759658809740933e-15
620.9811320754717,-6.6263585123385404e-15
621.1320754716982,7.0450599326164e-16
621.2830188679245,-6.843974730429114e-15
621.433962264151,-2.34515720545981e-15
621.5849056603773,-4.411950978030272e-15
621.7358490566038,-2.3106442301434185e-15
621.8867924528302,-5.8041119689746725e-15
622.0377358490566,-1.9248560940915164e-15
622.188679245283,-3.883243933572623e-15
622.3396226415094,-4.700292016388502e-15
622.4905660377359,-3.3899671570060578e-15
622.6415094339623,-9.505080171175369e-16
622.7924528301887,-9.654153784563775e-15
622.9433962264151,3.2158787882323883e-15
623.0943396226415,-7.287585510094779e-15
623.2452830188679,-6.459784999695267e-15
623.3962264150944,5.778154510931905e-15
623.5471698113207,-1.6136606371068653e-14
623.6981132075472,6.7844116318741645e-15
623.8490566037735,-8.197400155485526e-15
624.0,-4.9800698778164595e-15
624.1509433962265,5.748516262225881e-16
624.3018867924528,-6.735181957473351e-15
624.4528301886793,-3.48740093261631e-15
624.6037735849056,-1.6682883676930033e-15
624.7547169811321,-4.888685481913902e-15
624.9056603773585,-4.68878214559774e-15
625.0566037735849,-1.2641099617161688e-15
625.2075471698113,-3.575164432434782e-15
625.3584905660377,-8.577560234570476e-15
625.5094339622641,5.157417966019725e-15
625.6603773584906,-1.1070090388310708e-14
625.811320754717,-1.889665371162597e-15
625.9622641509434,6.35287775767063e-16
626.1132075471698,-8.822388855520942e-15
626.2641509433962,-2.4560663064159158e-15
626.4150943396227,4.605463552847065e-16
626.566037735849,-8.500780786392419e-15
626.7169811320755,-2.8471533305746137e-15
626.8679245283018,1.7225255967592886e-15
627.0188679245283,-1.1701709193020449e-14
627.1698113207547,3.1127048414658615e-15
627.3207547169811,-6.9795460542131865e-15
627.4716981132076,-7.981315207667272e-16
627.622641509434,-9.015855924826365e-15
627.7735849056604,5.549837453371964e-15
627.9245283018868,-1.3014672409614208e-14
628.0754716981132,2.2527047574465354e-15
628.2264150943396,-3.611654463343514e-15
628.377358490566,-7.26597277504931e-15
628.5283018867924,6.692753274507834e-16
628.6792452830189,-5.3476328784461365e-15
628.8301886792453,-4.216465209736741e-15
628.9811320754717,-1.565387977412221e-15
629.1320754716982,-4.762757837990448e-15
629.2830188679245,-3.5505393802926386e-15
629.433962264151,-2.529493916699476e-15
629.5849056603773,-3.77051698814128e-15
629.7358490566038,-4.9982066688250945e-15
629.8867924528302,-9.089786187538491e-18
630.0377358490566,-7.070237633888486e-15
630.188679245283,-1.901062482087537e-15
630.3396226415094,-2.2556637656574542e-15
630.4905660377359,-4.4911500693092635e-15
630.6415094339623,-7.399138178374144e-15
630.7924528301887,8.531814693156134e-15
630.9433962264151,-2.0664528050808094e-14
631.0943396226415,1.1767315203584501e-14
631.2452830188679,-9.385642528509224e-15
631.3962264150944,-8.584218822045419e-15
631.5471698113207,9.216554586960984e-15
631.6981132075472,-1.7418838017974238e-14
631.8490566037735,7.777868486987403e-15
632.0,-1.055395962967507e-14
632.1509433962265,9.666376401644196e-16
632.3018867924528,-7.020068405970242e-15
632.4528301886793,1.819263684666501e-15
632.6037735849056,-1.1474668303783977e-14
632.7547169811321,7.181621807113172e-15
632.9056603773585,-1.371776317591043e-14
633.0566037735849,3.4249506032007732e-15
633.2075471698113,-4.5829768047820535e-15
633.3584905660377,-6.412078075763622e-15
633.5094339622641,-1.3167214090045092e-17
633.6603773584906,-2.538951384739043e-15
633.811320754717,-9.894022393612006e-15
633.9622641509434,6.403678545633092e-15
634.1132075471698,-1.0373940737195176e-14
634.2641509433962,-4.529943815960466e-15
634.4150943396227,7.224244834047441e-15
634.566037735849,-1.758656538182613e-14
634.7169811320755,5.368848835667082e-15
634.8679245283018,-1.7603184916713183e-16
635.0188679245283,-1.5638038887270893e-14
635.1698113207547,8.36727826296122e-15
635.3207547169811,-5.231210276901426e-15
635.4716981132076,-1.1335988596436165e-14
635.622641509434,6.3013836383934595e-15
635.7735849056604,-5.017790624346126e-15
635.9245283018868,-1.1483815001899653e-14
636.0754716981132,8.8249098815974e-15
636.2264150943396,-1.1133980921930504e-14
636.377358490566,-2.9158131079457855e-15
636.5283018867924,1.0669847742124198e-15
636.6792452830189,-7.197682971719194e-15
636.8301886792453,-2.1549206180740602e-15
636.9811320754717,-2.6382926736486367e-15
637.1320754716982,-3.2790576691871882e-15
637.2830188679245,-4.173765155493219e-15
637.433962264151,-2.8366509975085645e-15
637.5849056603773,-2.077095176727725e-15
637.7358490566038,-4.401638126337062e-15
637.8867924528302,-4.867641894823144e-15
638.0377358490566,2.3036499986969113e-15
638.188679245283,-9.823320190494044e-15
638.3396226415094,-5.801009762058679e-16
638.4905660377359,1.6165706225565708e-15
638.6415094339623,-1.4160245171234491e-14
638.7924528301887,8.745127091400106e-15
638.9433962264151,-1.1465042657830368e-14
639.0943396226415,1.1139748272844492e-15
639.2452830188679,-6.620979599253388e-15
639.3962264150944,1.416667558489062e-15
639.5471698113207,-6.7981799056206714e-15
639.6981132075472,-4.679881610401242e-15
639.8490566037735,4.919849652837244e-15
640.0,-1.4226961733039982e-14
640.1509433962265,4.846135876511091e-15
640.3018867924528,-4.2395822672210045e-15
640.4528301886793,-8.090876799346883e-15
640.6037735849056,3.5097704553571837e-15
640.7547169811321,-7.204754175253696e-15
640.9056603773585,-2.978167719958402e-15
641.0566037735849,-1.7152838458135635e-15
641.2075471698113,-2.1215545328787577e-15
641.3584905660377,-8.864134046243422e-15
641.5094339622641,5.880343527760325e-15
641.6603773584906,-1.1106342390513599e-14
641.811320754717,1.2681920656031547e-16
641.9622641509434,-1.0931041000772285e-15
642.1132075471698,-7.744345918416163e-15
642.2641509433962,8.701368451722459e-16
642.4150943396227,-4.8227097101157794e-15
642.566037735849,-2.9933738132666384e-15
642.7169811320755,-3.051929252711331e-15
642.8679245283018,-2.420850954868656e-15
643.0188679245283,-4.14245432689546e-15
643.1698113207547,-2.4106352467605724e-15
643.3207547169811,-2.941266310987665e-15
643.4716981132076,-3.6925109965186586e-15
643.622641509434,-2.566157021936642e-15
643.7735849056604,-3.101044312973755e-15
643.9245283018868,-3.27993898329889e-15
644.0754716981132,-3.033734479108114e-15
644.2264150943396,-2.5853664116096067e-15
644.377358490566,-3.852068767760541e-15
644.5283018867924,-2.2920113154536665e-15
644.6792452830189,-3.4491944108205947e-15
644.8301886792453,-2.8786248420588163e-15
644.9811320754717,-3.2848806939820532e-15
645.1320754716982,-2.377951702781051e-15
645.2830188679245,-4.0217531125133966e-15
645.433962264151,-2.0204516131071283e-15
645.5849056603773,-3.672801124387996e-15
645.7358490566038,-2.6857466032547164e-15
645.8867924528302,-3.3907043619120865e-15
646.0377358490566,-2.1362598846309292e-15
646.188679245283,-4.360484045086212e-15
646.3396226415094,-1.6669035448350786e-15
646.4905660377359,-3.6763660520856135e-15
646.6415094339623,-2.946073813517774e-15
646.7924528301887,-3.253504014670781e-15
646.9433962264151,-1.49942712446793e-15
647.0943396226415,-5.4820182580905356e-15
647.2452830188679,-1.1765424243577475e-15
647.3962264150944,-2.1111548041320794e-15
647.5471698113207,-6.7268605950212966e-15
647.6981132075472,1.5196215549031787e-15
647.8490566037735,-4.592519465506345e-15
648.0,-7.145390196958561e-15
648.1509433962265,7.81180725651362e-15
648.3018867924528,-1.8180295641756915e-14
648.4528301886793,1.2536284790416207e-14
648.6037735849056,-1.4453360072398882e-14
648.7547169811321,2.910472326863052e-15
648.9056603773585,-4.655986412092173e-15
649.0566037735849,-2.470209697456743e-15
649.2075471698113,-3.695010955189334e-15
649.3584905660377,-2.0513185994794317e-15
649.5094339622641,-3.401799638908889e-15
649.6603773584906,-2.502253748351432e-15
649.811320754717,-3.641146295864402e-15
649.9622641509434,-2.576135123899542e-15
650.1132075471698,-1.2227874093678147e-15
650.2641509433962,-7.55652750563719e-15
650.4150943396227,3.9417074320661935e-15
650.566037735849,-9.832197214575387e-15
650.7169811320755,2.363714864623673e-15
650.8679245283018,-6.149214396811638e-15
651.0188679245283,-5.022020505974842e-16
651.1698113207547,-5.69926595005185e-15
651.3207547169811,7.03678855330359e-16
651.4716981132076,-6.245401797323477e-15
651.622641509434,-8.376081742181518e-16
651.7735849056604,-3.80210433104855e-15
651.9245283018868,-1.0227473411546598e-15
652.0754716981132,-7.672544347521049e-15
652.2264150943396,4.9430645279297894e-15
652.377358490566,-1.1003677090645897e-14
652.5283018867924,2.1210657168949452e-15
652.6792452830189,-2.564529209984719e-15
652.8301886792453,-7.545000419412587e-15
652.9811320754717,2.9539218467837618e-15
653.1320754716982,-5.699887534342314e-15
653.2830188679245,-5.0286351373439926e-15
653.433962264151,3.203679249952539e-15
653.5849056603773,-8.73284176786786e-15
653.7358490566038,-1.0652753250678459e-15
653.8867924528302,1.1572829818309026e-15
654.0377358490566,-1.078252448345784e-14
654.188679245283,5.442920680526415e-15
654.3396226415094,-7.965208016548283e-15
654.4905660377359,-1.5447777983948446e-15
654.6415094339623,-2.6883304177110782e-15
654.7924528301887,6.394664248402596e-17
654.9433962264151,-1.1180475995150394e-14
655.0943396226415,9.13103420689519e-15
655.2452830188679,-1.2494264152277487e-14
655.3962264150944,-7.771941683609153e-17
655.5471698113207,7.737382432030499e-16
655.6981132075472,-6.330000476199513e-15
655.8490566037735,-5.375746394808405e-15
656.0,5.924870208875726e-15
656.1509433962265,-1.0640059592981722e-14
656.3018867924528,-3.1572491618822986e-15
656.4528301886793,6.634978509132512e-15
656.6037735849056,-1.383332112305321e-14
656.7547169811321,7.189928328539716e-16
656.9056603773585,5.123056131634541e-15
657.0566037735849,-1.7684906676601897e-14
657.2075471698113,1.1266970334561748e-14
657.3584905660377,-1.0515487481033699e-14
657.5094339622641,-6.177658204248712e-16
657.6603773584906,-3.348637127609289e-15
657.811320754717,-8.406544789496099e-16
657.9622641509434,-4.1190294727114375e-15
658.1132075471698,-6.534196145902767e-15
658.2641509433962,9.44766707039629e-15
658.4150943396227,-2.1634969712160568e-14
658.566037735849,1.7874338747514113e-14
658.7169811320755,-2.047594269130484e-14
658.8679245283018,1.1143430881943322e-14
659.0188679245283,-1.3607630644966582e-14
659.1698113207547,5.051565711637391e-15
659.3207547169811,-4.818731797606577e-15
659.4716981132076,-8.157535946397318e-15
659.622641509434,8.619816800923616e-15
659.7735849056604,-1.4598608880431526e-14
659.9245283018868,4.873785488517047e-15
660.0754716981132,-4.39119962999566e-15
660.2264150943396,-5.162333496981681e-15
660.377358490566,1.9578668990652347e-15
660.5283018867924,-8.515460891938897e-15
660.6792452830189,3.8631400327796105e-15
660.8301886792453,-8.449704001668797e-15
660.9811320754717,3.562992391800618e-16
661.1320754716982,-1.754429883605673e-15
661.2830188679245,-6.686901043282358e-15
661.433962264151,2.3204005874591448e-15
661.5849056603773,-6.393738710609222e-15
661.7358490566038,-1.0054764176475799e-15
661.8867924528302,-2.7766603075357015e-15
662.0377358490566,-2.5490392481969115e-15
662.188679245283,-3.8826780192055246e-15
662.3396226415094,-1.3974405012459783e-16
662.4905660377359,-5.121531685386285e-15
662.6415094339623,-1.80587476454728e-15
662.7924528301887,-1.2660392169909127e-15
662.9433962264151,-4.300505955845551e-15
663.0943396226415,-3.812254568726451e-15
663.2452830188679,3.004249569700854e-15
663.3962264150944,-1.0153852477117633e-14
663.5471698113207,1.7634739260449383e-15
663.6981132075472,-5.285854550557349e-16
663.8490566037735,-9.688492406352496e-15
664.0,5.40188710132848e-15
664.1509433962265,-9.04790596122032e-15
664.3018867924528,2.8167843336313804e-15
664.4528301886793,-7.33896004100514e-15
664.6037735849056,-1.0084419661959998e-15
664.7547169811321,2.565480691987056e-15
664.9056603773585,-1.4125102613232079e-14
665.0566037735849,9.412787398376621e-15
665.2075471698113,-7.782686956620189e-15
665.3584905660377,-6.123784499272846e-15
665.5094339622641,4.569720326952986e-15
665.6603773584906,-5.337372727591696e-15
665.811320754717,-8.63584554272885e-15
665.9622641509434,1.0944733600765566e-14
666.1132075471698,-1.8330014196700917e-14
666.2641509433962,1.0066982466326602e-14
666.4150943396227,-8.20625215233347e-15
666.566037735849,-5.361891806972054e-15
666.7169811320755,7.4223861059854e-15
666.8679245283018,-1.576200276949618e-14
667.0188679245283,9.637336511543434e-15
667.1698113207547,-1.160971354396734e-14
667.3207547169811,4.1423446511224774e-15
667.4716981132076,-8.150071564223926e-15
667.622641509434,1.8886790686773693e-15
667.7735849056604,-4.223118514381038e-15
667.9245283018868,-4.436597265847872e-15
668.0754716981132,1.955668817210154e-15
668.2264150943396,-7.170393843117086e-15
668.377358490566,4.757963132143649e-16
668.5283018867924,-3.6869221094258465e-15
668.6792452830189,-1.942026581850084e-15
668.8301886792453,-3.620585773758037e-15
668.9811320754717,-7.439665766194858e-16
669.1320754716982,-3.984045034693966e-15
669.2830188679245,-2.132257112475871e-15
669.433962264151,-1.9608770316554003e-15
669.5849056603773,-2.6128205706980875e-15
669.7358490566038,-3.853676099808267e-15
669.8867924528302,-2.896705611940783e-16
670.0377358490566,-3.143340060150913e-15
670.188679245283,-5.314569435261134e-15
670.3396226415094,3.1954710023403015e-15
670.4905660377359,-7.708875545355373e-15
670.6415094339623,-1.0756737739647669e-15
670.7924528301887,9.490477275933456e-16
670.9433962264151,-8.87481823842289e-15
671.0943396226415,4.171799638558862e-15
671.2452830188679,-7.640305558979824e-15
671.3962264150944,1.219286123642257e-15
671.5471698113207,-5.319747511494138e-15
671.6981132075472,1.0743792559598082e-16
671.8490566037735,-5.051105223531109e-15
672.0,9.664990763786681e-16
672.1509433962265,-7.599256124164405e-15
672.3018867924528,4.361912973403488e-15
672.4528301886793,-9.38548883433806e-15
672.6037735849056,3.3218104639399174e-15
672.7547169811321,-7.538570977907141e-15
672.9056603773585,3.525824459969695e-15
673.0566037735849,-8.709518687338277e-15
673.2075471698113,5.727762091006495e-16
673.3584905660377,1.2921458168651473e-15
673.5094339622641,-1.1597103563165481e-14
673.6603773584906,6.054293644302872e-15
673.811320754717,-4.146186110834696e-15
673.9622641509434,-8.20845252902446e-15
674.1132075471698,6.617648702033776e-15
674.2641509433962,-9.90863720845258e-15
674.4150943396227,2.0566713549325276e-15
674.566037735849,-5.052376910418709e-15
674.7169811320755,-4.796602571597118e-16
674.8679245283018,-2.990823050327191e-15
675.0188679245283,-4.345540757602256e-15
675.1698113207547,2.103101691720607e-15
675.3207547169811,-7.736047154631881e-15
675.4716981132076,1.6226277868034194e-15
675.622641509434,-3.967285670794357e-15
675.7735849056604,-2.581043443436225e-15
675.9245283018868,-2.1090467754848844e-15
676.0754716981132,-1.3686711852985771e-15
676.2264150943396,-4.4403634224273475e-15
676.377358490566,-1.148436615598613e-15
676.5283018867924,-6.987555895683135e-16
676.6792452830189,-7.044580427315622e-15
676.8301886792453,3.0548764599785157e-15
676.9811320754717,-6.077332315919864e-15
677.1320754716982,-5.12736707469784e-16
677.2830188679245,-4.158265861866137e-15
677.433962264151,2.7639225598552085e-16
677.5849056603773,-3.819882051724612e-15
677.7358490566038,-5.1109666741125284e-15
677.8867924528302,4.820822839024728e-15
678.0377358490566,-9.86557383482651e-15
678.188679245283,6.882076911599806e-16
678.3396226415094,-4.081807864809317e-16
678.4905660377359,-4.195689456818781e-15
678.6415094339623,-6.68769623983063e-15
678.7924528301887,9.74771066811049e-15
678.9433962264151,-1.7697897461752615e-14
679.0943396226415,9.759399308803584e-15
679.2452830188679,-7.505664132375786e-15
679.3962264150944,-2.903970908952794e-15
679.5471698113207,-1.165344564100332e-16
679.6981132075472,-2.1091807056366005e-15
679.8490566037735,-6.784559422221289e-15
680.0,5.475372809574818e-15
680.1509433962265,-1.0806531323234713e-14
680.3018867924528,4.6369956845528194e-15
680.4528301886793,-7.278352082361247e-15
680.6037735849056,1.4986411138030655e-15
680.7547169811321,-5.4809474687934314e-15
680.9056603773585,3.723095115853896e-17
681.0566037735849,-3.753599725340168e-15
681.2075471698113,-1.132665026353383e-15
681.3584905660377,-3.639066382715229e-15
681.5094339622641,-1.421471438222267e-15
681.6603773584906,-1.2658933757947803e-15
681.811320754717,-6.080704231824637e-15
681.9622641509434,3.6579952606141384e-15
682.1132075471698,-8.705347365760163e-15
682.2641509433962,3.002886847821789e-15
682.4150943396227,-5.76019127002396e-15
682.566037735849,-2.689093289369225e-16
682.7169811320755,-3.7483924844149726e-15
682.8679245283018,-3.880718782436297e-16
683.0188679245283,-5.040455518578111e-15
683.1698113207547,9.806783487903896e-16
683.3207547169811,-4.876437795807758e-15
683.4716981132076,-1.2609967415064594e-15
683.622641509434,-2.138555195317976e-15
683.7735849056604,-1.4181315097540566e-15
683.9245283018868,-6.287132814315043e-15
684.0754716981132,5.127990570078523e-15
684.2264150943396,-1.033886918522356e-14
684.377358490566,2.321751847448011e-15
684.5283018867924,-2.5618886927302443e-16
684.6792452830189,-1.0542986001028999e-14
684.8301886792453,8.60613237653346e-15
684.9811320754717,-1.0728552637748901e-14
685.1320754716982,7.51880403970722e-16
685.2830188679245,-5.734739424943618e-18
685.433962264151,-7.025394434663388e-15
685.5849056603773,2.2449934029794795e-15
685.7358490566038,-5.085305366787992e-15
685.8867924528302,-7.570813322789957e-16
686.0377358490566,-3.270166834988527e-15
686.188679245283,-9.002732528619017e-16
686.3396226415094,-4.129422004048907e-15
686.4905660377359,1.0693563300236037e-16
686.6415094339623,-4.4798289722910385e-15
686.7924528301887,-7.818261467557512e-16
686.9433962264151,-2.5487842228719716e-15
687.0943396226415,-2.0699026299965668e-15
687.2452830188679,-4.12673172601874e-15
687.3962264150944,2.7173402158436055e-15
687.5471698113207,-9.191209700527453e-15
687.6981132075472,3.981211291293869e-15
687.8490566037735,-5.147655841877292e-15
688.0,-2.96236379948823e-15
688.1509433962265,1.1270283567103834e-15
688.3018867924528,-7.017578082268536e-15
688.4528301886793,3.571550178499305e-15
688.6037735849056,-8.334088939776492e-15
688.7547169811321,3.068710022021494e-15
688.9056603773585,-5.111654454706131e-15
689.0566037735849,-2.8247820347155783e-15
689.2075471698113,2.522565374925046e-15
689.3584905660377,-1.0532635751152992e-14
689.5094339622641,7.92847849460499e-15
689.6603773584906,-1.1121264694157029e-14
689.811320754717,2.69623408736546e-15
689.9622641509434,-1.788944386246857e-15
690.1132075471698,-6.590438781504384e-15
690.2641509433962,2.8142702236534734e-15
690.4150943396227,-3.943513117149196e-15
690.566037735849,-5.427844550556955e-15
690.7169811320755,4.402517693155665e-15
690.8679245283018,-7.969035139447565e-15
691.0188679245283,-7.740976821354967e-16
691.1698113207547,1.4574185736235136e-15
691.3207547169811,-8.457422498882722e-15
691.4716981132076,3.56251856230132e-15
691.622641509434,-5.6266832437396026e-15
691.7735849056604,-4.446912934261067e-16
691.9245283018868,-3.8655166983542724e-15
692.0754716981132,7.12292616908437e-16
692.2264150943396,-5.852432660526699e-15
692.377358490566,8.556072736655405e-16
692.5283018867924,-3.4022317636120735e-15
692.6792452830189,-1.879367784215743e-15
692.8301886792453,-3.9528889586967975e-15
692.9811320754717,3.239428575561265e-15
693.1320754716982,-1.0597124042076297e-14
693.2830188679245,6.169094450157938e-15
693.433962264151,-6.773979260884979e-15
693.5849056603773,-2.620016403804904e-15
693.7358490566038,1.8797284377133196e-15
693.8867924528302,-6.3623784607999785e-15
694.0377358490566,-7.618285338089289e-16
694.188679245283,4.1571043234531037e-16
694.3396226415094,-7.65059731307095e-15
694.4905660377359,4.283434447979904e-15
694.6415094339623,-7.38528749231773e-15
694.7924528301887,3.9245022849882576e-16
694.9433962264151,-1.25943549008409e-15
695.0943396226415,-5.900838127146914e-15
695.2452830188679,3.2414406619511697e-15
695.3962264150944,-8.247768575883729e-15
695.5471698113207,5.1312995245242274e-15
695.6981132075472,-1.1271375715786721e-14
695.8490566037735,8.295537104251928e-15
696.0,-1.1351078899172274e-14
696.1509433962265,3.2112128818545176e-15
696.3018867924528,-2.725852895978332e-15
696.4528301886793,-4.609001084235012e-15
696.6037735849056,7.653247667519918e-16
696.7547169811321,-3.4959479990366635e-15
696.9056603773585,-2.443039286957734e-15
697.0566037735849,-1.0359724460976947e-15
697.2075471698113,-2.8816439905628307e-15
697.3584905660377,-2.0328458959086363e-15
697.5094339622641,-1.8246499337735207e-15
697.6603773584906,-2.1160591600947813e-15
697.811320754717,-2.768262088326698e-15
697.9622641509434,-9.356564906343948e-16
698.1132075471698,-3.1124342446923904e-15
698.2641509433962,-1.905873197400178e-15
698.4150943396227,-1.496004423023935e-15
698.566037735849,-2.5897084560037753e-15
698.7169811320755,-2.8089089130733795e-15
698.8679245283018,-2.4651008849420137e-16
699.0188679245283,-3.3371769655808545e-15
699.1698113207547,-3.7034336270956394e-15
699.3207547169811,3.0482681529890106e-15
699.4716981132076,-8.665580207465054e-15
699.622641509434,1.713781523383426e-15
699.7735849056604,7.899654760656219e-16
699.9245283018868,-1.2385084778981094e-14
700.0754716981132,1.1795555011558221e-14
700.2264150943396,-1.2896200936822615e-14
700.377358490566,3.904135187740886e-16
700.5283018867924,4.098160940185875e-15
700.6792452830189,-1.2079815811006578e-14
700.8301886792453,4.740470729813009e-15
700.9811320754717,-6.283236605477376e-16
701.1320754716982,-1.2130242802737578e-14
701.2830188679245,1.182372465994294e-14
701.433962264151,-1.2674453346240512e-14
701.5849056603773,4.502046134276627e-17
701.7358490566038,4.274580318348449e-15
701.8867924528302,-1.1834912442451597e-14
702.0377358490566,4.149479583689338e-15
702.188679245283,6.090650808672587e-17
702.3396226415094,-1.25533478328879e-14
702.4905660377359,1.2034305681781571e-14
702.6415094339623,-1.3219140732889984e-14
702.7924528301887,1.938175311900285e-15
702.9433962264151,8.064807982547486e-17
703.0943396226415,-5.146923606429758e-15
703.2452830188679,-3.165972408606667e-15
703.3962264150944,4.099012121794231e-15
703.5471698113207,-9.450911666006964e-15
703.6981132075472,1.4704781696783953e-15
703.8490566037735,4.390221561052573e-16
704.0,-8.427520537364656e-15
704.1509433962265,3.840148857622848e-15
704.3018867924528,-4.580361434439949e-15
704.4528301886793,-2.3517990651664428e-15
704.6037735849056,-2.157926431043203e-15
704.7547169811321,1.803584403480951e-15
704.9056603773585,-1.0444684368764876e-14
705.0566037735849,7.469691335413014e-15
705.2075471698113,-6.19827184586256e-15
705.3584905660377,-8.50561162341776e-15
705.5094339622641,1.4113177038072844e-14
705.6603773584906,-2.0621646260492115e-14
705.811320754717,1.0990296273739377e-14
705.9622641509434,-7.47571063160409e-15
706.1132075471698,1.947181060260501e-17
706.2641509433962,-5.268242127844622e-15
706.4150943396227,1.4901394430515547e-15
706.566037735849,-7.867340016164046e-16
706.7169811320755,-1.0919877868409138e-14
706.8679245283018,1.0301435171942472e-14
707.0188679245283,-8.865147558257572e-15
707.1698113207547,-7.36968735708055e-15
707.3207547169811,1.3812501353502982e-14
707.4716981132076,-1.8859852585536904e-14
707.622641509434,4.896228559652739e-15
707.7735849056604,5.049125154615646e-15
707.9245283018868,-1.7428787443648458e-14
708.0754716981132,1.0725601060075335e-14
708.2264150943396,-4.648197320701112e-15
708.377358490566,-8.585305195236202e-15
708.5283018867924,6.8744883529646e-15
708.6792452830189,-7.566751044210088e-15
708.8301886792453,-4.599322009864607e-16
708.9811320754717,-2.4049983662101404e-15
709.1320754716982,-1.0998405382988503e-15
709.2830188679245,-2.31499855933539e-15
709.433962264151,-4.7281111665714204e-15
709.5849056603773,4.1827912576856525e-15
709.7358490566038,-9.564044809300959e-15
709.8867924528302,3.73005750654453e-15
710.0377358490566,-4.621057226644567e-15
710.188679245283,-1.2087594243741687e-15
710.3396226415094,-3.716431550635603e-15
710.4905660377359,1.660588751984042e-15
710.6415094339623,-5.921074741710352e-15
710.7924528301887,-1.0780372859771119e-15
710.9433962264151,1.405057071832373e-15
711.0943396226415,-7.571441002846867e-15
711.2452830188679,6.391740134221058e-16
711.3962264150944,2.649512109436301e-15
711.5471698113207,-1.4476213140613073e-14
711.6981132075472,1.376508719142605e-14
711.8490566037735,-1.446455485030445e-14
712.0,2.8554490630366286e-15
712.1509433962265,-6.454769583218314e-16
712.3018867924528,-4.048976818954271e-15
712.4528301886793,-4.39481034632922e-15
712.6037735849056,5.157530698966441e-15
712.7547169811321,-9.843927406655965e-15
712.9056603773585,1.7201534343658124e-15
713.0566037735849,-2.1659626578868072e-16
713.2075471698113,-6.9586754567822e-15
713.3584905660377,2.4096581830245212e-15
713.5094339622641,-3.890407130534757e-15
713.6603773584906,-2.2559379380422154e-15
713.811320754717,-1.3162281126946954e-15
713.9622641509434,-1.9791376843505155e-15
714.1132075471698,-2.7936511037525058e-15
714.2641509433962,-1.2465740451396092e-15
714.4150943396227,-2.012165277616072e-15
714.566037735849,-3.0629677543554326e-15
714.7169811320755,-2.0634215214147884e-16
714.8679245283018,-3.791681663396681e-15
715.0188679245283,-1.200899614312273e-15
715.1698113207547,-1.5378882704223616e-15
715.3207547169811,-2.5989638744326615e-15
715.4716981132076,-3.658678936840034e-15
715.622641509434,3.4696696186008833e-15
715.7735849056604,-1.016102610688196e-14
715.9245283018868,5.0714433349258735e-15
716.0754716981132,-4.496209080922114e-15
716.2264150943396,-4.363885157856178e-15
716.377358490566,1.8432349501172942e-15
716.5283018867924,-3.2859580158155806e-15
716.6792452830189,-4.801503710848337e-15
716.8301886792453,2.817784740581625e-15
716.9811320754717,-4.979427003688319e-15
717.1320754716982,-4.056465128981898e-15
717.2830188679245,5.774511559874358e-15
717.433962264151,-1.353400906543631e-14
717.5849056603773,9.346131067299229e-15
717.7358490566038,-8.649286278764695e-15
717.8867924528302,-3.365116886036885e-15
718.0377358490566,7.214398954684113e-15
718.188679245283,-1.4588419862778202e-14
718.3396226415094,7.0676089197106165e-15
718.4905660377359,-2.9702722978352028e-15
718.6415094339623,-7.589772686150681e-15
718.7924528301887,3.2374451802443184e-15
718.9433962264151,-6.549976109601261e-16
719.0943396226415,-9.40762367941084e-15
719.2452830188679,3.935675286873666e-15
719.3962264150944,1.1353653144473976e-15
719.5471698113207,-1.4284413574398075e-14
719.6981132075472,1.1087406144114839e-14
719.8490566037735,-6.45098132369648e-15
720.0,-8.431866654025022e-15
720.1509433962265,8.654659879042686e-15
720.3018867924528,-7.770483204551397e-15
720.4528301886793,-4.69057568149663e-15
720.6037735849056,4.8028848514949525e-15
720.7547169811321,-5.7003109886111184e-15
720.9056603773585,-4.657907583321091e-15
721.0566037735849,3.745232593308068e-15
721.2075471698113,-4.617315745961791e-15
721.3584905660377,-6.241366717785551e-15
721.5094339622641,7.576172237145247e-15
721.6603773584906,-1.198485575750154e-14
721.811320754717,4.0232917705981045e-15
721.9622641509434,-3.415883274837129e-15
722.1132075471698,-2.0713934423973918e-15
722.2641509433962,-4.7605436223449474e-15
722.4150943396227,5.276675112525598e-15
722.566037735849,-1.0811564848132076e-14
722.7169811320755,2.4994513505635616e-15
722.8679245283018,9.690105333447872e-16
723.0188679245283,-8.587964426983317e-15
723.1698113207547,-1.1186173175854523e-15
723.3207547169811,9.98009600518202e-15
723.4716981132076,-2.5050377016997936e-14
723.622641509434,2.1756443732685085e-14
723.7735849056604,-1.5389627591584765e-14
723.9245283018868,-2.8134842295039293e-15
724.0754716981132,7.910101127493534e-15
724.2264150943396,-1.2408579725027369e-14
724.377358490566,3.486411360600682e-15
724.5283018867924,-3.1183357520647406e-15
724.6792452830189,-1.4407071323265336e-15
724.8301886792453,-4.675264488698492e-15
724.9811320754717,1.8448179038936564e-15
725.1320754716982,-4.051334318167215e-15
725.2830188679245,-3.3105975903818338e-15
725.433962264151,4.533617073728729e-16
725.5849056603773,-1.411734942893386e-15
725.7358490566038,-7.500555209461316e-15
725.8867924528302,5.1496239883332485e-15
726.0377358490566,-4.958474177758764e-15
726.188679245283,-6.450350892372682e-15
726.3396226415094,7.297335701493062e-15
726.4905660377359,-1.0285139598754384e-14
726.6415094339623,9.310281327515952e-16
726.7924528301887,1.3764828243995649e-16
726.9433962264151,-5.782475642933065e-15
727.0943396226415,1.2522615953933e-16
727.2452830188679,-1.7734950414640091e-15
727.3962264150944,-3.275346588696647e-15
727.5471698113207,-1.3115282403820893e-15
727.6981132075472,-1.7188330718202603e-15
727.8490566037735,-2.7336746999746492e-15
728.0,-1.5325583156790579e-15
728.1509433962265,-2.11553570063653e-15
728.3018867924528,-2.180554683854353e-15
728.4528301886793,-1.5316399960674777e-15
728.6037735849056,-2.8961916068271166e-15
728.7547169811321,-1.3673311151302128e-15
728.9056603773585,-1.1347641753348207e-15
729.0566037735849,-5.199313960871374e-15
729.2075471698113,2.5004456078772024e-15
729.3584905660377,-5.70974680799652e-15
729.5094339622641,-7.514933878501463e-16
729.6603773584906,-7.565065465470008e-16
729.811320754717,-5.540780379821941e-15
729.9622641509434,4.267875194322692e-15
730.1132075471698,-1.1469039459852469e-14
730.2641509433962,8.61469952651152e-15
730.4150943396227,-9.428187608832358e-15
730.566037735849,-1.4940338955602826e-15
730.7169811320755,3.687422769467578e-15
730.8679245283018,-9.306030987272804e-15
731.0188679245283,1.9613578736926606e-15
731.1698113207547,-1.0807942783995872e-15
731.3207547169811,-6.5990924351678815e-15
731.4716981132076,4.524787512293937e-15
731.622641509434,-1.0044974281415962e-14
731.7735849056604,7.120330312565097e-15
731.9245283018868,-1.0760862692901871e-14
732.0754716981132,3.767993166751854e-15
732.2264150943396,-3.248365928635751e-15
732.377358490566,-4.572921945822866e-15
732.5283018867924,1.0497414648730856e-15
732.6792452830189,-2.079558107808303e-15
732.8301886792453,-6.407010351219054e-15
732.9811320754717,5.078110100990022e-15
733.1320754716982,-8.869181382985017e-15
733.2830188679245,2.596747644440339e-15
733.433962264151,-4.393571044935452e-15
733.5849056603773,-1.1825041373919127e-15
733.7358490566038,-2.1832113802725814e-15
733.8867924528302,-1.807508148808321e-15
734.0377358490566,-2.986090029983251e-15
734.188679245283,-7.618962969530789e-16
734.3396226415094,-1.9450887644430986e-15
734.4905660377359,-5.329471251599749e-15
734.6415094339623,4.487912720391596e-15
734.7924528301887,-9.676086998952253e-15
734.9433962264151,4.145990986652861e-15
735.0943396226415,-6.347447674437119e-15
735.2452830188679,2.4658327590324676e-15
735.3962264150944,-9.132481420427415e-15
735.5471698113207,7.471365641402548e-15
735.6981132075472,-1.1061165134130617e-14
735.8490566037735,3.1449018554592744e-15
736.0,-2.4460815734730684e-15
736.1509433962265,-4.683931947595412e-15
736.3018867924528,8.660012315325666e-16
736.4528301886793,-3.562927826236715e-15
736.6037735849056,-2.0917116737293126e-15
736.7547169811321,-1.0975311244645239e-15
736.9056603773585,-3.3943429083144517e-15
737.0566037735849,-7.527680551825658e-16
737.2075471698113,-2.7842397842535093e-15
737.3584905660377,-2.2678061064681036e-15
737.5094339622641,-1.6668690124718485e-15
737.6603773584906,-7.324757409987296e-16
737.811320754717,-6.6424180259680395e-15
737.9622641509434,5.050971910788606e-15
738.1132075471698,-8.722192024140883e-15
738.2641509433962,9.848479617221825e-16
738.4150943396227,-5.401681376537476e-16
738.566037735849,-6.53620568671264e-15
738.7169811320755,2.639678211951565e-15
738.8679245283018,-5.14400156581233e-15
739.0188679245283,-9.492910929805976e-16
739.1698113207547,-2.0314138861100268e-15
739.3207547169811,-2.1816742975658902e-15
739.4716981132076,-2.7611552360397914e-15
739.622641509434,-4.0625506692812635e-16
739.7735849056604,-3.842335202765709e-15
739.9245283018868,-1.9046487683539795e-15
740.0754716981132,5.632650791403562e-16
740.2264150943396,-7.0403340979180665e-15
740.377358490566,2.9559708449135547e-15
740.5283018867924,-4.442789272437068e-15
740.6792452830189,-4.299555213890435e-15
740.8301886792453,5.168145810295866e-15
740.9811320754717,-1.3410531183885563e-14
741.1320754716982,1.0918000599395612e-14
741.2830188679245,-1.3093033584757132e-14
741.433962264151,2.9115136148253844e-15
741.5849056603773,1.4685921587601361e-15
741.7358490566038,-1.3782979465594036e-14
741.8867924528302,1.4063278446428838e-14
742.0377358490566,-1.7086254363540192e-14
742.188679245283,6.327439537237781e-15
742.3396226415094,-8.366908631396727e-16
742.4905660377359,-1.2658322696328645e-14
742.6415094339623,1.3753578208453644e-14
742.7924528301887,-1.6679231663648205e-14
742.9433962264151,4.478910691717513e-15
743.0943396226415,3.02379326810527e-15
743.2452830188679,-1.7275757511976038e-14
743.3962264150944,1.6466091886869336e-14
743.5471698113207,-1.6233736419896473e-14
743.6981132075472,3.5637001741871844e-15
743.8490566037735,-1.427694813624523e-15
744.0,-3.5830990940515805e-15
744.1509433962265,-3.600919111232446e-15
744.3018867924528,1.1587194321947618e-15
744.4528301886793,-2.7714240149725094e-15
744.6037735849056,-7.008947508934704e-15
744.7547169811321,6.497868843242879e-15
744.9056603773585,-9.07935334963395e-15
745.0566037735849,-1.0828200622910543e-15
745.2075471698113,2.089483230165385e-15
745.3584905660377,-6.4977346734241935e-15
745.5094339622641,-2.722190167844255e-15
745.6603773584906,4.4484599576647206e-15
745.811320754717,-1.1194132630468788e-14
745.9622641509434,5.001276858485096e-15
746.1132075471698,-6.050699820761314e-15
746.2641509433962,1.2572191763328674e-15
746.4150943396227,-8.496536779893255e-15
746.566037735849,7.70781379895678e-15
746.7169811320755,-1.2188068583403351e-14
746.8679245283018,3.9083837688442375e-15
747.0188679245283,-2.514525180275056e-15
747.1698113207547,-5.542505046142634e-15
747.3207547169811,1.501661526275459e-15
747.4716981132076,-3.574393881084249e-15
747.622641509434,-3.0309690465795837e-15
747.7735849056604,-4.792035879078386e-16
747.9245283018868,-3.0364822659105805e-15
748.0754716981132,-2.483497268043024e-15
748.2264150943396,-1.324164516437858e-15
748.377358490566,-2.3552236785723083e-15
748.5283018867924,-3.1315372071768705e-15
748.6792452830189,-4.890320219834196e-16
748.8301886792453,-3.3039914114102644e-15
748.9811320754717,-2.465343533363702e-15
749.1320754716982,-7.275286750857656e-16
749.2830188679245,-3.122635353644718e-15
749.433962264151,-3.15252609707261e-15
749.5849056603773,2.3695462196362605e-16
749.7358490566038,-3.1580700906228775e-15
749.8867924528302,-5.410016796419244e-15
750.0377358490566,5.0605496464314716e-15
750.188679245283,-9.38804000735972e-15
750.3396226415094,1.468585652974036e-16
750.4905660377359,1.9617165357903405e-15
750.6415094339623,-9.414037194982245e-15
750.7924528301887,2.463823819114882e-15
750.9433962264151,-7.632266823553738e-16
751.0943396226415,-7.989677253106686e-15
751.2452830188679,1.983284906012439e-15
751.3962264150944,1.638540946816232e-15
751.5471698113207,-1.5737367875235212e-14
751.6981132075472,1.5778677828215237e-14
751.8490566037735,-1.4998789267031555e-14
752.0,-1.3896292138538942e-15
752.1509433962265,7.171025672344205e-15
752.3018867924528,-1.1990205998905675e-14
752.4528301886793,-1.9192524379825598e-15
752.6037735849056,8.927127724231896e-15
752.7547169811321,-1.7033940127301348e-14
752.9056603773585,5.39813444574973e-15
753.0566037735849,2.907645509416689e-15
753.2075471698113,-1.6002314860840696e-14
753.3584905660377,9.958086965742262e-15
753.5094339622641,-3.815936875464944e-15
753.6603773584906,-1.2619654153172917e-14
753.811320754717,1.423939757962096e-14
753.9622641509434,-1.7088231820974397e-14
754.1132075471698,7.700692452648687e-15
754.2641509433962,-8.972042512222125e-15
754.4150943396227,4.383676639085878e-15
754.566037735849,-9.020700240106049e-15
754.7169811320755,2.3969935374279755e-15
754.8679245283018,-2.7006628638054676e-15
755.0188679245283,-5.069279490648192e-15
755.1698113207547,8.95377280603968e-16
755.3207547169811,-3.0964861457300023e-15
755.4716981132076,-3.800876700443046e-15
755.622641509434,-2.5748264098946592e-17
755.7735849056604,-3.419611364698481e-15
755.9245283018868,-2.0681271936857148e-15
756.0754716981132,-2.906753886963282e-15
756.2264150943396,1.742486920977024e-16
756.377358490566,-5.9656078430962324e-15
756.5283018867924,8.122072285970212e-16
756.6792452830189,-3.1912768056055808e-15
756.8301886792453,-2.419374258831039e-15
756.9811320754717,-4.146468629828488e-15
757.1320754716982,4.0925333466379376e-15
757.2830188679245,-1.1926463226596482e-14
757.433962264151,6.409858426539019e-15
757.5849056603773,-5.972838280250022e-15
757.7358490566038,-3.813053334548682e-15
757.8867924528302,1.2147319523376583e-15
758.0377358490566,-4.031764038526679e-15
758.188679245283,-2.9759447614316586e-15
758.3396226415094,-1.3595115922910812e-15
758.4905660377359,-1.2565059994387368e-15
758.6415094339623,-4.15302479828761e-15
758.7924528301887,-3.280132748773468e-15
758.9433962264151,3.73158560152268e-15
759.0943396226415,-1.0523645536978286e-14
759.2452830188679,2.172342359232528e-15
759.3962264150944,7.372093028215488e-16
759.5471698113207,-1.0476123809197412e-14
759.6981132075472,4.552832111106759e-15
759.8490566037735,-2.713606472092723e-15
760.0,-7.955351997811191e-15
760.1509433962265,4.58073145942033e-15
760.3018867924528,-5.806935435276081e-15
760.4528301886793,-2.2608939579696933e-15
760.6037735849056,-3.196243606533356e-15
760.7547169811321,3.710936117719494e-15
760.9056603773585,-1.3145654480381778e-14
761.0566037735849,8.151559475223007e-15
761.2075471698113,-6.871623187530151e-15
761.3584905660377,-4.404661817773503e-15
761.5094339622641,1.5988679171876628e-15
761.6603773584906,-2.1745508761436803e-15
761.811320754717,-8.177924787432573e-15
761.9622641509434,5.416416912182784e-15
762.1132075471698,-6.409379906006738e-15
762.2641509433962,-4.397970006581901e-15
762.4150943396227,3.701337913952362e-15
762.566037735849,-7.916088356790272e-15
762.7169811320755,-1.4388465780122013e-16
762.8679245283018,-1.5203726989319535e-15
763.0188679245283,-3.636320766306403e-15
763.1698113207547,-2.6792740433908767e-15
763.3207547169811,-4.841410951422918e-16
763.4716981132076,-3.807435696907511e-15
763.622641509434,-3.0974668137851353e-15
763.7735849056604,4.248345068488167e-16
763.9245283018868,-4.996820452009774e-15
764.0754716981132,-2.0125162868861484e-15
764.2264150943396,-7.496434234862247e-16
764.377358490566,-2.786125827391359e-15
764.5283018867924,-6.4441707731239876e-15
764.6792452830189,6.290294702029731e-15
764.8301886792453,-1.1652302274537583e-14
764.9811320754717,2.297787911195326e-15
765.1320754716982,7.483438705508119e-18
765.2830188679245,-9.427624922306183e-15
765.433962264151,3.630504376087665e-15
765.5849056603773,-2.5516984494142955e-15
765.7358490566038,-8.098988704803305e-15
765.8867924528302,4.299502011671263e-15
766.0377358490566,-4.551002530700257e-15
766.188679245283,-5.5112072317028e-15
766.3396226415094,1.2609661601410234e-15
766.4905660377359,-1.8420440764984617e-15
766.6415094339623,-5.764505757827603e-15
766.7924528301887,-3.4423861439391164e-15
766.9433962264151,8.743972192075555e-15
767.0943396226415,-2.1140402441667496e-14
767.2452830188679,1.4229281362315534e-14
767.3962264150944,-8.310909837740925e-15
767.5471698113207,-7.498294409628647e-15
767.6981132075472,5.81239602592253e-15
767.8490566037735,-5.313527919417995e-15
768.0,-6.773425419681092e-15
768.1509433962265,3.823460275935081e-15
768.3018867924528,-3.731429024962677e-15
768.4528301886793,-8.20399714058705e-15
768.6037735849056,6.643752548964486e-15
768.7547169811321,-9.440465015158082e-15
768.9056603773585,7.519227813353413e-16
769.0566037735849,-4.88800067461452e-15
769.2075471698113,3.3908701559940485e-15
769.3584905660377,-1.2290949671253926e-14
769.5094339622641,7.667802943738896e-15
769.6603773584906,-8.24757781414887e-15
769.811320754717,-2.3820590170641915e-15
769.9622641509434,6.368481535800676e-16
770.1132075471698,-5.035677110512933e-15
770.2641509433962,-2.0323666869091705e-15
770.4150943396227,-1.65916297866364e-15
770.566037735849,-3.3392844918685666e-15
770.7169811320755,-1.0177306325503289e-15
770.8679245283018,-6.084062157724082e-15
771.0188679245283,3.625343152691054e-15
771.1698113207547,-9.098325664798875e-15
771.3207547169811,1.7413391368909571e-15
771.4716981132076,-2.7299749926487334e-15
771.622641509434,-5.610385727398207e-15
771.7735849056604,2.0898978223401566e-15
771.9245283018868,-6.563654298355256e-15
772.0754716981132,-5.542824998085668e-16
772.2264150943396,-1.2475553520540589e-15
772.377358490566,-6.756073874375808e-15
772.5283018867924,2.811783746015814e-15
772.6792452830189,-6.1782840899112144e-15
772.8301886792453,-1.9903586362127562e-15
772.9811320754717,-4.227104409466902e-16
773.1320754716982,-6.023253787767633e-15
773.2830188679245,2.312992688715672e-15
773.433962264151,-9.4687255540716e-15
773.5849056603773,6.2408891307813025e-15
773.7358490566038,-1.0626115629186154e-14
773.8867924528302,1.6102320138470502e-15
774.0377358490566,-1.2771116451305453e-15
774.188679245283,-7.484881518113619e-15
774.3396226415094,2.5033817531548387e-15
774.4905660377359,-4.884433095032081e-15
774.6415094339623,-2.971520799920297e-15
774.7924528301887,-1.7333934539453079e-15
774.9433962264151,-1.2399406149270693e-15
775.0943396226415,-6.068072706521206e-15
775.2452830188679,3.183080933279135e-16
775.3962264150944,-1.4115082189716435e-15
775.5471698113207,-8.358960696315782e-15
775.6981132075472,4.4008761702367014e-15
775.8490566037735,-5.078036065597578e-15
776.0,-8.27281254209659e-15
776.1509433962265,1.0079651083093298e-14
776.3018867924528,-1.6452452351630507e-14
776.4528301886793,6.5984481075958305e-15
776.6037735849056,-5.641947549892154e-15
776.7547169811321,-1.6771623614476096e-15
776.9056603773585,-6.757248920665547e-15
777.0566037735849,6.193544122461689e-15
777.2075471698113,-1.1381102071794725e-14
777.3584905660377,-6.600744320989301e-16
777.5094339622641,5.208620333841152e-15
777.6603773584906,-1.652227014935857e-14
777.811320754717,1.0746481112915055e-14
777.9622641509434,-1.1490459888764594e-14
778.1132075471698,2.763677797808159e-15
778.2641509433962,-7.331230284692122e-15
778.4150943396227,1.9868343681500013e-15
778.566037735849,-4.735775232714988e-15
778.7169811320755,-5.176196251168121e-15
778.8679245283018,3.25965209268793e-15
779.0188679245283,-7.466179790619065e-15
779.1698113207547,-2.4462848480607143e-15
779.3207547169811,1.2428580112649146e-15
779.4716981132076,-6.49899521635289e-15
779.622641509434,-2.5762792550273587e-15
779.7735849056604,1.5477358923208764e-15
779.9245283018868,-9.074836022217182e-15
780.0754716981132,4.340400581165072e-15
780.2264150943396,-1.0397521857056454e-14
780.377358490566,6.4869947136143485e-15
780.5283018867924,-1.2178864714231443e-14
780.6792452830189,4.034020570374794e-15
780.8301886792453,-3.3852157503523844e-15
780.9811320754717,-8.212619998500961e-15
781.1320754716982,5.612986679412452e-15
781.2830188679245,-8.744461589577431e-15
781.433962264151,-1.781826035468808e-15
781.5849056603773,1.0066002947572596e-15
781.7358490566038,-8.701946682443172e-15
781.8867924528302,4.305005547571689e-15
782.0377358490566,-1.0847051496959621e-14
782.188679245283,6.5982780847076615e-15
782.3396226415094,-1.158756102753037e-14
782.4905660377359,3.3391071289103575e-15
782.6415094339623,-4.575702944830618e-15
782.7924528301887,-4.189078036556077e-15
782.9433962264151,-2.4687664094074847e-16
783.0943396226415,-3.9193700797712655e-15
783.2452830188679,-3.797105223244101e-15
783.3962264150944,1.5295323761177795e-16
783.5471698113207,-5.997844989770583e-15
783.6981132075472,-5.48695764854866e-16
783.8490566037735,-3.3757935691845905e-15
784.0,-2.3697211916388593e-15
784.1509433962265,-5.253356187786801e-15
784.3018867924528,3.452440355289822e-15
784.4528301886793,-1.1617995507892894e-14
784.6037735849056,5.604693347531188e-15
784.7547169811321,-7.590213239485759e-15
784.9056603773585,-2.2770731693363794e-15
785.0566037735849,-2.996378856586731e-16
785.2075471698113,-5.921975814092895e-15
785.3584905660377,-9.37981234144085e-16
785.5094339622641,-1.8724292678284924e-15
785.6603773584906,-6.95344428327013e-15
785.811320754717,3.897362276065901e-15
785.9622641509434,-9.77511773050761e-15
786.1132075471698,1.569335134290942e-15
786.2641509433962,-2.1782131090690603e-15
786.4150943396227,-8.720036446115978e-15
786.566037735849,6.280797762027425e-15
786.7169811320755,-1.1138779049036584e-14
786.8679245283018,7.714689682247216e-16
787.0188679245283,6.779428921128388e-16
787.1698113207547,-1.2674340976285056e-14
787.3207547169811,9.8670100522529e-15
787.4716981132076,-1.3710184194926544e-14
787.622641509434,3.096877445416913e-15
787.7735849056604,-3.493034377931305e-15
787.9245283018868,-5.233893594380355e-15
788.0754716981132,-4.484664711968406e-16
788.2264150943396,-2.6539188656440767e-15
788.377358490566,-6.588803184366266e-15
788.5283018867924,3.4026887606304907e-15
788.6792452830189,-9.190448590220874e-15
788.8301886792453,1.9708239652485078e-15
788.9811320754717,-6.8964782106687315e-15
789.1320754716982,2.2501119691584276e-15
789.2830188679245,-8.817314005610083e-15
789.433962264151,4.888416005568679e-16
789.5849056603773,-9.559379848421296e-18
789.7358490566038,-1.1350415749004656e-14
789.8867924528302,5.7490994482366485e-15
790.0377358490566,-5.419331669923861e-15
790.188679245283,-8.709482404066513e-15
790.3396226415094,8.84435257623847e-15
790.4905660377359,-1.6281142730455667e-14
790.6415094339623,8.816321355759892e-15
790.7924528301887,-1.0473023620539022e-14
790.9433962264151,-2.0196150915479174e-15
791.0943396226415,4.596477961547067e-15
791.2452830188679,-1.7017388286296555e-14
791.3962264150944,1.1658674403333931e-14
791.5471698113207,-1.0306179947201292e-14
791.6981132075472,-6.911570126002617e-15
791.8490566037735,9.978214732223707e-15
792.0,-1.6641371653584694e-14
792.1509433962265,2.7114504752114493e-15
792.3018867924528,3.63863021973113e-15
792.4528301886793,-1.853691642885613e-14
792.6037735849056,1.3509700223408704e-14
792.7547169811321,-1.2796921123270684e-14
792.9056603773585,-1.9795965141294962e-15
793.0566037735849,2.347799015544113e-15
793.2075471698113,-1.0730554769199841e-14
793.3584905660377,5.0831263045933715e-15
793.5094339622641,-1.0243087250888725e-14
793.6603773584906,1.9983692651762464e-15
793.811320754717,-3.760951063143653e-15
793.9622641509434,-6.3106302262570046e-15
794.1132075471698,1.3598060663368185e-15
794.2641509433962,-4.231542838527582e-15
794.4150943396227,-6.2373757897701365e-15
794.566037735849,1.993871007952786e-15
794.7169811320755,-5.032292347568738e-15
794.8679245283018,-6.5765651928346024e-15
795.0188679245283,4.735075872525018e-15
795.1698113207547,-1.0601883290429878e-14
795.3207547169811,8.396910513820303e-16
795.4716981132076,-3.1602029080084112e-15
795.622641509434,-2.962213298738387e-15
795.7735849056604,-6.943238483557717e-15
795.9245283018868,5.40751709313203e-15
796.0754716981132,-1.2224953300043899e-14
796.2264150943396,1.2475764032728278e-15
796.377358490566,1.0148734817047742e-15
796.5283018867924,-1.3769566597800298e-14
796.6792452830189,8.713182324874505e-15
796.8301886792453,-1.060377882791059e-14
796.9811320754717,-4.136927550486806e-16
797.1320754716982,-4.539540993474345e-15
797.2830188679245,1.2689467845032715e-15
797.433962264151,-1.0116983459578284e-14
797.5849056603773,2.5670832349159466e-15
797.7358490566038,-3.579045972674966e-15
797.8867924528302,-7.06040677072172e-15
798.0377358490566,1.5349994107886292e-15
798.188679245283,-5.972922895021861e-15
798.3396226415094,-2.8146611595121875e-17
798.4905660377359,-1.0024480504435371e-14
798.6415094339623,8.820552301268972e-15
798.7924528301887,-1.7219790593542395e-14
798.9433962264151,9.2880229830894e-15
799.0943396226415,-1.1749194152823132e-14
799.2452830188679,2.195775735864098e-15
799.3962264150944,-6.382602670640107e-15
799.5471698113207,-1.0413933321076939e-15
799.6981132075472,-4.0296103735485586e-15
799.8490566037735,-4.055329322762113e-15
800.0,4.50409921129627e-16
800.1509433962265,-9.221464488062243e-15
800.3018867924528,3.622274933256076e-15
800.4528301886793,-7.845200213879112e-15
800.6037735849056,-2.1623428862862304e-15
800.7547169811321,-8.021373113421127e-16
800.9056603773585,-7.525580781928321e-15
801.0566037735849,2.7106069717864515e-15
801.2075471698113,-1.0772953253155336e-14
801.3584905660377,5.679977052903089e-15
801.5094339622641,-1.1124681529978207e-14
801.6603773584906,1.3444986354934022e-15
801.811320754717,-3.3035580380363445e-15
801.9622641509434,-6.072454917021091e-15
802.1132075471698,2.0679005693939685e-16
802.2641509433962,-5.2278692820486596e-15
802.4150943396227,-2.835326553084539e-15
802.566037735849,-2.6214290923960154e-15
802.7169811320755,-3.8461361880540084e-15
802.8679245283018,-2.9022577412922776e-15
803.0188679245283,-3.189254518248412e-15
803.1698113207547,-3.33755637251238e-15
803.3207547169811,-3.304161868814568e-15
803.4716981132076,-2.5547285879830032e-15
803.622641509434,-4.649236667144317e-15
803.7735849056604,-1.442448051898391e-15
803.9245283018868,-4.421848749468302e-15
804.0754716981132,-3.343243306982485e-15
804.2264150943396,-2.5834569017184086e-15
804.377358490566,-2.2764695950708813e-15
804.5283018867924,-7.67782143569587e-15
804.6792452830189,4.0437797340311814e-15
804.8301886792453,-1.0285700401923643e-14
804.9811320754717,1.9969902676137242e-17
805.1320754716982,-1.5635481475755455e-15
805.2830188679245,-8.251174885853142e-15
805.433962264151,1.8247574966948927e-15
805.5849056603773,-6.0944075401876606e-15
805.7358490566038,-3.089664905088362e-15
805.8867924528302,-2.3875891343392158e-15
806.0377358490566,-3.196460010444396e-15
806.188679245283,-5.322189562436037e-15
806.3396226415094,-6.343861490011349e-16
806.4905660377359,-3.774054949079568e-15
806.6415094339623,-6.977237330732209e-15
806.7924528301887,3.4065154881312544e-15
806.9433962264151,-9.292639607664437e-15
807.0943396226415,-1.7359726819809266e-15
807.2452830188679,1.896481997789099e-16
807.3962264150944,-9.405243311757974e-15
807.5471698113207,1.859444425053198e-15
807.6981132075472,-6.027541137692513e-15
807.8490566037735,-2.0926270826112183e-15
808.0,-5.2480311712301e-15
808.1509433962265,-1.7751943586766175e-16
808.3018867924528,-6.0167937037668935e-15
808.4528301886793,-3.712609912887317e-15
808.6037735849056,6.545849110536234e-16
808.7547169811321,-8.672237004068035e-15
808.9056603773585,-9.459867111773544e-16
809.0566037735849,4.1774013431615215e-16
809.2075471698113,-1.364102061883245e-14
809.3584905660377,1.0146137153026374e-14
809.5094339622641,-1.5169745495825826e-14
809.6603773584906,2.4284424967391567e-15
809.811320754717,-2.0338600663354743e-15
809.9622641509434,-9.564116844966587e-15
810.1132075471698,3.260578317903288e-15
810.2641509433962,-7.453083364881363e-15
810.4150943396227,-2.0397999240747756e-15
810.566037735849,-3.82640815040461e-15
810.7169811320755,-3.567751787761402e-15
810.8679245283018,-7.964264078022006e-16
811.0188679245283,-1.047305130768351e-14
811.1698113207547,7.391855567946609e-15
811.3207547169811,-1.5476494244379195e-14
811.4716981132076,8.018031051545512e-15
811.622641509434,-1.4164432760395508e-14
811.7735849056604,5.850227377569297e-15
811.9245283018868,-8.657654412923604e-15
812.0754716981132,-4.810291733129437e-15
812.2264150943396,2.8268465740774544e-15
812.377358490566,-8.803489059854877e-15
812.5283018867924,-4.616667090249087e-15
812.6792452830189,4.589759652313656e-15
812.8301886792453,-1.4264009189565053e-14
812.9811320754717,5.778867518518698e-15
813.1320754716982,-1.0389045037198093e-14
813.2830188679245,2.5109533259698533e-15
813.433962264151,-9.08132801555662e-15
813.5849056603773,-1.55465814704079e-16
813.7358490566038,-2.7533406211330147e-15
813.8867924528302,-7.223641267620987e-15
814.0377358490566,-1.1406532350811074e-15
814.188679245283,-6.318984006104122e-16
814.3396226415094,-1.1425598791653013e-14
814.4905660377359,4.765217587398104e-15
814.6415094339623,-7.23044568408484e-15
814.7924528301887,-5.326786860130524e-15
814.9433962264151,-9.893192381420112e-17
815.0943396226415,-3.862354325781635e-15
815.2452830188679,-7.922699160804781e-15
815.3962264150944,3.173951721891078e-15
815.5471698113207,-9.06399839892977e-15
815.6981132075472,-1.3996117066523299e-15
815.8490566037735,-2.666193819190202e-15
816.0,-5.378808438258447e-15
816.1509433962265,-3.6105050567386065e-15
816.3018867924528,-5.646230422799713e-16
816.4528301886793,-7.29939137540288e-15
816.6037735849056,-3.950157411414276e-15
816.7547169811321,3.868953157110659e-15
816.9056603773585,-1.5753201787949465e-14
817.0566037735849,6.638966931978748e-15
817.2075471698113,-6.8692046353674794e-15
817.3584905660377,-6.696169569364735e-15
817.5094339622641,1.2971087127330164e-15
817.6603773584906,-7.278728362072974e-15
817.811320754717,-6.570953438755068e-16
817.9622641509434,-6.998430172087949e-15
818.1132075471698,-2.1813526576122247e-15
818.2641509433962,1.5594339764128336e-15
818.4150943396227,-1.7100013645296685e-14
818.566037735849,1.2784735231236773e-14
818.7169811320755,-1.417121979303175e-14
818.8679245283018,-3.719960607440256e-15
819.0188679245283,3.004087724133953e-15
819.1698113207547,-8.202519772712485e-15
819.3207547169811,-6.3294685625852015e-15
819.4716981132076,3.006062505296453e-15
819.622641509434,-6.355446675805208e-15
819.7735849056604,-1.0359673176310881e-14
819.9245283018868,1.0481285303226333e-14
820.0754716981132,-1.8268132655182145e-14
820.2264150943396,4.5708300752068545e-15
820.377358490566,-3.266875232753179e-15
820.5283018867924,-1.1029288383879536e-14
820.6792452830189,6.967040680657515e-15
820.8301886792453,-1.459267365968167e-14
820.9811320754717,5.0295441090717775e-15
821.1320754716982,-8.37918150634194e-15
821.2830188679245,-4.663950730420548e-15
821.433962264151,2.7176069080200646e-15
821.5849056603773,-1.320144739149323e-14
821.7358490566038,4.621337843051071e-15
821.8867924528302,-7.604649804509652e-15
822.0377358490566,-5.126128627108683e-15
822.188679245283,8.726084662046943e-16
822.3396226415094,-8.663609929604479e-15
822.4905660377359,-6.762912979392687e-16
822.6415094339623,-4.6300454645570006e-15
822.7924528301887,-4.231454198937261e-15
822.9433962264151,-3.412744425447684e-15
823.0943396226415,-2.944943545308184e-15
823.2452830188679,-5.895987844438396e-15
823.3962264150944,-1.810804108558007e-15
823.5471698113207,-3.4957229435541755e-15
823.6981132075472,-7.449607803699203e-15
823.8490566037735,1.819268524045757e-15
824.0,-8.376184118252585e-15
824.1509433962265,-2.623904873268601e-15
824.3018867924528,-1.518028671303297e-15
824.4528301886793,-8.403796544627261e-15
824.6037735849056,2.223431583561866e-15
824.7547169811321,-1.123632543231085e-14
824.9056603773585,4.290759578536466e-15
825.0566037735849,-1.0848814720100573e-14
825.2075471698113,-2.944342215726002e-17
825.3584905660377,-3.7646809565240754e-15
825.5094339622641,-6.778683265149806e-15
825.6603773584906,8.073972336455433e-17
825.811320754717,-7.42100278364023e-15
825.9622641509434,-1.4178100338539053e-15
826.1132075471698,-4.802888195770118e-15
826.2641509433962,-4.53478356013348e-15
826.4150943396227,-2.6304412163746173e-15
826.566037735849,-3.4670516552321948e-15
826.7169811320755,-7.829250317223398e-15
826.8679245283018,2.3999783623497613e-15
827.0188679245283,-8.399113088880469e-15
827.1698113207547,-4.392875908713828e-15
827.3207547169811,-1.807681625316789e-17
827.4716981132076,-6.32758553346507e-15
827.622641509434,-5.3863188108191024e-15
827.7735849056604,-1.992876590724909e-15
827.9245283018868,-3.8063940480528844e-16
828.0754716981132,-1.4760914624751607e-14
828.2264150943396,8.643319503065337e-15
828.377358490566,-8.892546643299489e-15
828.5283018867924,-1.2610971652326423e-14
828.6792452830189,1.603086530601906e-14
828.8301886792453,-2.6035187737890356e-14
828.9811320754717,1.0444502911920134e-14
829.1320754716982,-6.5280141420856096e-15
829.2830188679245,-1.029556495688616e-14
829.433962264151,4.633788340681822e-15
829.5849056603773,-9.514465743102635e-15
829.7358490566038,-2.8588124180602726e-15
829.8867924528302,-2.810690533448098e-15
830.0377358490566,-4.3656912036825186e-15
830.188679245283,-6.018352767609043e-15
830.3396226415094,-6.916385575023926e-16
830.4905660377359,-5.5710976890370515e-15
830.6415094339623,-6.732197206838573e-15
830.7924528301887,2.7588274489158866e-15
830.9433962264151,-1.1397052433506892e-14
831.0943396226415,-7.946971702963216e-16
831.2452830188679,-1.1683002388359516e-16
831.3962264150944,-1.4075605625858159e-14
831.5471698113207,7.54854445621473e-15
831.6981132075472,-1.2064895967152004e-14
831.8490566037735,-1.7145006647512927e-15
832.0,-2.4049165744238407e-15
832.1509433962265,-6.639112421233659e-15
832.3018867924528,-1.6441801610104527e-15
832.4528301886793,-7.799714086969406e-15
832.6037735849056,2.6713749793713305e-15
832.7547169811321,-1.2732446815493777e-14
832.9056603773585,2.04383194055074e-15
833.0566037735849,-2.6316059990945964e-15
833.2075471698113,-1.4300976587245508e-14
833.3584905660377,9.866324149259937e-15
833.5094339622641,-1.3214943906038608e-14
833.6603773584906,-5.459878720541252e-15
833.811320754717,5.490228281008785e-15
833.9622641509434,-1.3483687964067785e-14
834.1132075471698,-2.435466175091574e-15
834.2641509433962,2.4648852677935554e-15
834.4150943396227,-1.347778577968162e-14
834.566037735849,2.3248976611474222e-15
834.7169811320755,-6.37372791251056e-15
834.8679245283018,-3.7105316451974705e-15
835.0188679245283,-4.896826677576488e-15
835.1698113207547,-3.949543661393166e-15
835.3207547169811,-8.104870727287958e-16
835.4716981132076,-1.2881022017023327e-14
835.622641509434,8.466542377288046e-15
835.7735849056604,-1.6529192211172347e-14
835.9245283018868,3.600565661351719e-15
836.0754716981132,-5.169609575850163e-15
836.2264150943396,-9.174389372971023e-15
836.377358490566,3.7411785888054224e-15
836.5283018867924,-1.1042306580402746e-14
836.6792452830189,-2.1009202073120746e-15
836.8301886792453,6.66997994055461e-16
836.9811320754717,-1.5498369856774357e-14
837.1320754716982,9.852206441882616e-15
837.2830188679245,-1.5716965298628476e-14
837.433962264151,1.033905834551193e-15
837.5849056603773,-3.8787773202262966e-15
837.7358490566038,-5.598167716484292e-15
837.8867924528302,-6.4864306599781145e-15
838.0377358490566,2.5430307364830523e-15
838.188679245283,-1.217818632156286e-14
838.3396226415094,4.046716250519199e-16
838.4905660377359,-3.7256517010303184e-15
838.6415094339623,-8.19057578340531e-15
838.7924528301887,-3.8306493112159337e-16
838.9433962264151,-5.605378564530688e-15
839.0943396226415,-5.5679230908321e-15
839.2452830188679,-1.930475116152517e-15
839.3962264150944,-5.955931648332063e-15
839.5471698113207,-3.740534151031043e-15
839.6981132075472,-4.6554646525821035e-15
839.8490566037735,-2.520945097175643e-15
840.0,-8.236286271337456e-15
840.1509433962265,8.653078646154432e-16
840.3018867924528,-8.511556824966047e-15
840.4528301886793,-2.3767185318990343e-15
840.6037735849056,-5.572320403575927e-15
840.7547169811321,6.000770191960899e-16
840.9056603773585,-1.682390536893551e-14
841.0566037735849,1.5428189124439647e-14
841.2075471698113,-2.5662991525546534e-14
841.3584905660377,1.0703517474734532e-14
841.5094339622641,-8.02125623510826e-15
841.6603773584906,-1.1492860954087501e-14
841.811320754717,8.8103764936271e-15
841.9622641509434,-1.790737639173277e-14
842.1132075471698,5.669145200200421e-15
842.2641509433962,-9.19524074581669e-15
842.4150943396227,-4.4172447212169764e-15
842.566037735849,-1.4935538348546564e-15
842.7169811320755,-6.9525593295762354e-15
842.8679245283018,-4.857662534831433e-15
843.0188679245283,8.358468758861618e-18
843.1698113207547,-1.134556553124234e-14
843.3207547169811,2.5891609685240498e-15
843.4716981132076,-9.32107546418045e-15
843.622641509434,-2.084984240434367e-15
843.7735849056604,-5.266707276169738e-15
843.9245283018868,-3.098724399894697e-15
844.0754716981132,-7.339169051281792e-15
844.2264150943396,-8.305143852338314e-16
844.377358490566,-6.039014112618931e-15
844.5283018867924,-6.9158418849616066e-15
844.6792452830189,1.3920035261828939e-15
844.8301886792453,-1.0004131086238285e-14
844.9811320754717,-3.027830835010341e-15
845.1320754716982,-5.37484580011623e-16
845.2830188679245,-1.1435486297215925e-14
845.433962264151,1.7709614415961768e-15
845.5849056603773,-7.533074828638845e-15
845.7358490566038,-3.848079132424344e-15
845.8867924528302,-5.630875902861436e-15
846.0377358490566,-2.882775355058662e-16
846.188679245283,-1.1476025263836142e-14
846.3396226415094,2.4092905302798366e-15
846.4905660377359,-7.7281819209426e-15
846.6415094339623,-7.037273677463047e-15
846.7924528301887,3.673095215715368e-15
846.9433962264151,-1.640774485245431e-14
847.0943396226415,8.425666403546559e-15
847.2452830188679,-1.58496506462187e-14
847.3962264150944,3.3043161253109397e-15
847.5471698113207,-8.302721065585172e-15
847.6981132075472,-3.6075950086852495e-15
847.8490566037735,-4.846295060168827e-15
848.0,-3.456822675186295e-15
848.1509433962265,-5.0038770973449104e-15
848.3018867924528,-8.643567215036331e-15
848.4528301886793,7.700160889419205e-15
848.6037735849056,-2.4697821906576256e-14
848.7547169811321,1.8336131218431432e-14
848.9056603773585,-2.3220669427166496e-14
849.0566037735849,5.849127492938088e-15
849.2075471698113,-8.202081029901003e-15
849.3584905660377,-3.0976593472009654e-15
849.5094339622641,-7.252865640874284e-15
849.6603773584906,-1.1035210991679042e-15
849.811320754717,-6.345210577658934e-15
849.9622641509434,-6.271441895399693e-15
850.1132075471698,7.440263389296656e-17
850.2641509433962,-1.0749180782756834e-14
850.4150943396227,1.826544104249271e-15
850.566037735849,-1.1122078646078254e-14
850.7169811320755,2.1369789441524392e-15
850.8679245283018,-1.128464270735966e-14
851.0188679245283,5.694872005859827e-16
851.1698113207547,-6.577175666678551e-15
851.3207547169811,-6.878653343669251e-15
851.4716981132076,9.590059187461377e-16
851.622641509434,-1.1498131149526976e-14
851.7735849056604,1.4349838178160064e-15
851.9245283018868,-9.184603260111975e-15
852.0754716981132,-1.3360329221216663e-15
852.2264150943396,-7.420989900167933e-15
852.377358490566,-2.2895723456300792e-15
852.5283018867924,-6.5706099153093215e-15
852.6792452830189,-3.09353966897464e-15
852.8301886792453,-6.620321343054164e-15
852.9811320754717,-1.993887500580024e-15
853.1320754716982,-7.331406814617502e-15
853.2830188679245,-3.9297301289332905e-15
853.433962264151,-2.5304087033616407e-15
853.5849056603773,-8.673410858804382e-15
853.7358490566038,-1.6817274022073246e-15
853.8867924528302,-4.764615524278417e-15
854.0377358490566,-7.686159883026804e-15
854.188679245283,2.9821220018353906e-16
854.3396226415094,-1.1539959625616516e-14
854.4905660377359,4.155810123925661e-15
854.6415094339623,-1.4867296213856817e-14
854.7924528301887,3.875665012572675e-15
854.9433962264151,-8.893578243480386e-15
855.0943396226415,-5.646025437455591e-15
855.2452830188679,-1.3814280532131344e-15
855.3962264150944,-7.156178669552043e-15
855.5471698113207,-4.530977226383656e-15
855.6981132075472,-4.876765620895628e-15
855.8490566037735,-1.9260082386279605e-15
856.0,-1.0838767646853709e-14
856.1509433962265,1.6901723620481034e-15
856.3018867924528,-7.856256226689712e-15
856.4528301886793,-6.999658199059696e-15
856.6037735849056,1.4581502638985042e-15
856.7547169811321,-1.1889096550691983e-14
856.9056603773585,-1.3897193633229919e-16
857.0566037735849,-5.49917350122629e-15
857.2075471698113,-7.144247289356617e-15
857.3584905660377,-2.20293770540578e-15
857.5094339622641,-5.527862252460501e-15
857.6603773584906,-5.9119438419603695e-15
857.811320754717,-3.61859688946376e-15
857.9622641509434,-5.7382023932773325e-15
858.1132075471698,-2.1484099496432654e-15
858.2641509433962,-1.2242898953990403e-14
858.4150943396227,8.067099141686592e-15
858.566037735849,-2.133251041651632e-14
858.7169811320755,1.219560798735116e-14
858.8679245283018,-2.011673416727999e-14
859.0188679245283,6.407889080794982e-15
859.1698113207547,-9.450727087313353e-15
859.3207547169811,-9.06533688470117e-15
859.4716981132076,6.638364491696236e-15
859.622641509434,-1.766699301815036e-14
859.7735849056604,1.0379964080175353e-15
859.9245283018868,1.0108478656449615e-15
860.0754716981132,-2.0551485452200616e-14
860.2264150943396,1.1649783698278536e-14
860.377358490566,-1.204183800253403e-14
860.5283018867924,-1.1878564947660406e-14
860.6792452830189,1.1262080622452414e-14
860.8301886792453,-1.9096132646004895e-14
860.9811320754717,-1.806146159927546e-15
861.1320754716982,2.782457394582255e-15
861.2830188679245,-1.4742520940890526e-14
861.433962264151,-2.5394353499011985e-15
861.5849056603773,2.582193667559362e-15
861.7358490566038,-1.6980014756293216e-14
861.8867924528302,3.672958753755061e-15
862.0377358490566,-6.039069632086971e-15
862.188679245283,-9.98019494857847e-15
862.3396226415094,1.5878861335636493e-15
862.4905660377359,-8.933225238491817e-15
862.6415094339623,-5.3599139799037685e-15
862.7924528301887,-1.1246627594803368e-15
862.9433962264151,-9.805928382605201e-15
863.0943396226415,-1.903932671369084e-15
863.2452830188679,-4.72152563899292e-15
863.3962264150944,-8.938318985728207e-15
863.5471698113207,2.271400693190662e-15
863.6981132075472,-1.5327068651888664e-14
863.8490566037735,7.630289187815415e-15
864.0,-1.7668621814842188e-14
864.1509433962265,3.3534412342131023e-15
864.3018867924528,-4.515978477822142e-15
864.4528301886793,-1.627152216542945e-14
864.6037735849056,1.3392588680703383e-14
864.7547169811321,-2.2042588145497623e-14
864.9056603773585,1.1683866300375145e-15
865.0566037735849,3.2374394705676616e-15
865.2075471698113,-2.2297700048592997e-14
865.3584905660377,9.593818257641044e-15
865.5094339622641,-8.284177969656804e-15
865.6603773584906,-1.227779522277686e-14
865.811320754717,2.8576932897056763e-15
865.9622641509434,-4.0151696310880705e-15
866.1132075471698,-1.648702104746105e-14
866.2641509433962,9.221363767817927e-15
866.4150943396227,-1.3453579410748248e-14
866.566037735849,-4.934452030632377e-15
866.7169811320755,-2.5169340806987707e-15
866.8679245283018,-3.3737689092676134e-15
867.0188679245283,-1.2806227590518995e-14
867.1698113207547,3.697968285377489e-15
867.3207547169811,-8.951794701873383e-15
867.4716981132076,-7.465585026343354e-15
867.622641509434,-1.0685184076919006e-15
867.7735849056604,-5.606772664161879e-15
867.9245283018868,-9.25129893403282e-15
868.0754716981132,1.6850343184777215e-16
868.2264150943396,-7.92845311394037e-15
868.377358490566,-5.384586461104243e-15
868.5283018867924,-4.122214045093821e-15
868.6792452830189,-5.238189723029456e-15
868.8301886792453,-4.868452435814471e-15
868.9811320754717,-8.861339326053207e-15
869.1320754716982,4.018925254513718e-15
869.2830188679245,-1.8380405901410397e-14
869.433962264151,7.539219020619412e-15
869.5849056603773,-1.2775724274565943e-14
869.7358490566038,-4.5506599591646315e-15
869.8867924528302,-7.823616178633328e-16
870.0377358490566,-1.015696224777816e-14
870.188679245283,-4.118508255235551e-15
870.3396226415094,-7.4949925339276e-16
870.4905660377359,-1.2897091517868184e-14
870.6415094339623,9.932202092983287e-16
870.7924528301887,-6.151750566421966e-15
870.9433962264151,-9.731969440038864e-15
871.0943396226415,1.4953575647390144e-15
871.2452830188679,-1.037606413054721e-14
871.3962264150944,-2.7847074768822232e-15
871.5471698113207,-7.18750004010908e-15
871.6981132075472,-6.306256523629407e-16
871.8490566037735,-1.3491035024421235e-14
872.0,4.3008721260793665e-15
872.1509433962265,-1.2036408654232223e-14
872.3018867924528,-4.37232039555856e-15
872.4528301886793,-1.7819104265442046e-16
872.6037735849056,-1.2623814448154495e-14
872.7547169811321,-1.7195448610328262e-15
872.9056603773585,-4.2377534998248207e-16
873.0566037735849,-1.7394268994469158e-14
873.2075471698113,6.780807337290773e-15
873.3584905660377,-8.890659869017142e-15
873.5094339622641,-1.3025292078689141e-14
873.6603773584906,9.01500076017308e-15
873.811320754717,-1.8053765616067285e-14
873.9622641509434,6.969033289136407e-16
874.1132075471698,-5.135616280600792e-15
874.2641509433962,-7.499809046340683e-15
874.4150943396227,-4.712873529597422e-15
874.566037735849,-3.639803618744149e-15
874.7169811320755,-7.787111911428045e-15
874.8679245283018,-3.7184921680715165e-15
875.0188679245283,-5.720362420170546e-15
875.1698113207547,-5.432001327184631e-15
875.3207547169811,-5.676330913736961e-15
875.4716981132076,-4.267007727580239e-15
875.622641509434,-6.831409711692444e-15
875.7735849056604,-4.103798689658123e-15
875.9245283018868,-5.912087647427668e-15
876.0754716981132,-5.509160497711027e-15
876.2264150943396,-5.095465140862334e-15
876.377358490566,-4.8960022674001924e-15
876.5283018867924,-7.0110393903283134e-15
876.6792452830189,-3.45590862985446e-15
876.8301886792453,-5.704105682377726e-15
876.9811320754717,-7.977515598429416e-15
877.1320754716982,-6.983002364317735e-16
877.2830188679245,-9.573823382385448e-15
877.433962264151,-4.254895085132689e-15
877.5849056603773,-2.6421478584119253e-15
877.7358490566038,-1.1528728818514066e-14
877.8867924528302,3.0016576971022145e-15
878.0377358490566,-1.4772445822644686e-14
878.188679245283,3.1691870663480645e-15
878.3396226415094,-1.205980552173857e-14
878.4905660377359,-3.348817376516921e-16
878.6415094339623,-1.0489181158167596e-14
878.7924528301887,3.673900242961808e-17
878.9433962264151,-9.510275468433437e-15
879.0943396226415,-5.276724671060593e-15
879.2452830188679,-1.6598070841087432e-15
879.3962264150944,-9.871907624531765e-15
879.5471698113207,-4.436155223159576e-15
879.6981132075472,-2.1360152346121384e-15
879.8490566037735,-1.0064533756691774e-14
880.0,-3.9467824720581146e-15
880.1509433962265,-1.955017243985108e-15
880.3018867924528,-1.2408475979140979e-14
880.4528301886793,1.4568374353647455e-15
880.6037735849056,-1.0047069906347783e-14
880.7547169811321,-3.3324375823909583e-15
880.9056603773585,-6.858397885313443e-15
881.0566037735849,-3.3909085078983933e-15
881.2075471698113,-8.648329741599535e-15
881.3584905660377,-2.2023628212172893e-15
881.5094339622641,-7.888864576772107e-15
881.6603773584906,-4.344301995488204e-15
881.811320754717,-6.284106558322026e-15
881.9622641509434,-3.9057677683733735e-15
882.1132075471698,-8.584379813520175e-15
882.2641509433962,-1.825991626178493e-15
882.4150943396227,-8.156334278410966e-15
882.566037735849,-5.0292500341366535e-15
882.7169811320755,-5.180941937100827e-15
882.8679245283018,-3.6604199532081265e-15
883.0188679245283,-1.1956428114288536e-14
883.1698113207547,4.099151470998454e-15
883.3207547169811,-1.3923387865397578e-14
883.4716981132076,-2.6445243693873637e-15
883.622641509434,-3.0663976255616007e-15
883.7735849056604,-9.147740006137534e-15
883.9245283018868,-5.618472586358561e-15
884.0754716981132,-1.054495013498411e-15
884.2264150943396,-1.1130159171069574e-14
884.377358490566,-3.3647707361195896e-15
884.5283018867924,-2.903704633708485e-15
884.6792452830189,-1.1339199815504079e-14
884.8301886792453,2.1016797412328922e-16
884.9811320754717,-9.758590692660716e-15
885.1320754716982,-3.0756818896362953e-15
885.2830188679245,-7.079988523037341e-15
885.433962264151,-4.91578081555572e-15
885.5849056603773,-6.043592659289087e-15
885.7358490566038,-4.100383802930305e-15
885.8867924528302,-9.726344691906188e-15
886.0377358490566,9.857335929385839e-16
886.188679245283,-1.2296427984876853e-14
886.3396226415094,-2.6197469226063004e-15
886.4905660377359,-2.5836083932458953e-15
886.6415094339623,-1.4017817777895363e-14
886.7924528301887,4.6140337013744464e-15
886.9433962264151,-1.4307451487646008e-14
887.0943396226415,2.023537003632992e-17
887.2452830188679,-8.815370439069091e-15
887.3962264150944,-4.380784977437534e-15
887.5471698113207,-5.389289472281178e-15
887.6981132075472,-6.621791840860653e-15
887.8490566037735,-5.6220269989907835e-15
888.0,-4.3168981498470264e-15
888.1509433962265,-6.25668370294914e-15
888.3018867924528,-9.915537582835743e-15
888.4528301886793,5.902377224231652e-15
888.6037735849056,-2.283960238321478e-14
888.7547169811321,1.0985063207760701e-14
888.9056603773585,-1.5080943657908153e-14
889.0566037735849,-7.136045686847512e-15
889.2075471698113,4.779029550692892e-15
889.3584905660377,-1.9654576188013006e-14
889.5094339622641,5.6784458305285705e-15
889.6603773584906,-1.0915070144838622e-14
889.811320754717,-7.588705528876793e-15
889.9622641509434,2.3208599439771645e-15
890.1132075471698,-1.8073595887304055e-14
890.2641509433962,8.007775423051947e-15
890.4150943396227,-1.733890601004045e-14
890.566037735849,9.673747511488851e-16
890.7169811320755,-7.192259341314221e-15
890.8679245283018,-7.328372250874875e-15
891.0188679245283,-4.4617468735800805e-15
891.1698113207547,-4.566066877302986e-15
891.3207547169811,-9.215240424799956e-15
891.4716981132076,-2.1713246462507862e-15
891.622641509434,-7.517825845871246e-15
891.7735849056604,-5.4718354261162045e-15
891.9245283018868,-7.704949874231133e-15
892.0754716981132,1.0358970592859837e-15
892.2264150943396,-1.766457910464687e-14
892.377358490566,7.696239291934837e-15
892.5283018867924,-1.644384134907747e-14
892.6792452830189,-2.827697407119425e-16
892.8301886792453,-6.560356422275977e-15
892.9811320754717,-8.30825866078891e-15
893.1320754716982,-1.095737910048088e-15
893.2830188679245,-1.2030236485365453e-14
893.433962264151,8.869450924167719e-16
893.5849056603773,-1.1608698423527305e-14
893.7358490566038,-1.694963183937286e-15
893.8867924528302,-8.859845958076553e-15
894.0377358490566,-2.60374379212849e-15
894.188679245283,-9.495207267669013e-15
894.3396226415094,-3.285214258924869e-15
894.4905660377359,-5.20397884605608e-15
894.6415094339623,-9.865861959222179e-15
894.7924528301887,-1.1310358853297443e-15
894.9433962264151,-7.014515018762912e-15
895.0943396226415,-1.1015128187819882e-14
895.2452830188679,4.776051790324115e-15
895.3962264150944,-1.8043390506380294e-14
895.5471698113207,4.03337859631513e-15
895.6981132075472,-1.2321119605545722e-14
895.8490566037735,-1.7153306774052906e-15
896.0,-8.668280727778075e-15
896.1509433962265,-4.8008566292686655e-15
896.3018867924528,-4.749977496031899e-15
896.4528301886793,-8.700340154235358e-15
896.6037735849056,-2.2042059587972513e-15
896.7547169811321,-1.01274096083754e-14
896.9056603773585,-1.5896768372143231e-15
897.0566037735849,-8.675260936620195e-15
897.2075471698113,-6.184845735251453e-15
897.3584905660377,-3.5027429424736225e-15
897.5094339622641,-6.389944086709988e-15
897.6603773584906,-1.1516875567275302e-14
897.811320754717,5.856355915803829e-15
897.9622641509434,-1.835650358891166e-14
898.1132075471698,-4.813844096523308e-16
898.2641509433962,-3.063089351357662e-16
898.4150943396227,-1.979578486879268e-14
898.566037735849,8.708036807052322e-15
898.7169811320755,-1.4743090290287823e-14
898.8679245283018,-4.531800067209398e-15
899.0188679245283,-3.0833175232872795e-15
899.1698113207547,-8.734453254585081e-15
899.3207547169811,-5.470036035557147e-15
899.4716981132076,-4.5839561892580845e-15
899.622641509434,-7.512561373018753e-15
899.7735849056604,-5.273482086297719e-15
899.9245283018868,-5.85004259837703e-15
900.0754716981132,-6.1494060095759445e-15
900.2264150943396,-6.340169887279932e-15
900.377358490566,-4.802522122339315e-15
900.5283018867924,-7.746235089267656e-15
900.6792452830189,-4.187176210373268e-15
900.8301886792453,-6.971537501128912e-15
900.9811320754717,-6.1644734282787764e-15
901.1320754716982,-5.550288967632503e-15
901.2830188679245,-4.6275819206476325e-15
901.433962264151,-1.0669052320733166e-14
901.5849056603773,1.1863552424123651e-15
901.7358490566038,-1.2635704524813524e-14
901.8867924528302,-3.035888321146613e-15
902.0377358490566,-4.396331059039676e-15
902.188679245283,-1.0499728099972645e-14
902.3396226415094,-1.3537727935285448e-15
902.4905660377359,-9.022747962804448e-15
902.6415094339623,-4.837988993228443e-15
902.7924528301887,-6.285489641893428e-15
902.9433962264151,-5.680655498441113e-15
903.0943396226415,-6.905526189369412e-15
903.2452830188679,-4.798128085491396e-15
903.3962264150944,-7.061554788973584e-15
903.5471698113207,-5.781772535858105e-15
903.6981132075472,-5.3844057985328325e-15
903.8490566037735,-7.059415198375032e-15
904.0,-5.662678148796017e-15
904.1509433962265,-5.296879494923149e-15
904.3018867924528,-7.031307305188067e-15
904.4528301886793,-6.83704187915395e-15
904.6037735849056,-2.23573226208724e-15
904.7547169811321,-1.208027088923943e-14
904.9056603773585,-2.257265208295158e-16
905.0566037735849,-9.719291460007308e-15
905.2075471698113,-5.1597667038615684e-15
905.3584905660377,-4.907269468560566e-15
905.5094339622641,-7.988864470314644e-15
905.6603773584906,-4.924965597970948e-15
905.811320754717,-5.936025286746241e-15
905.9622641509434,-5.898210204722367e-15
906.1132075471698,-9.784979337758971e-15
906.2641509433962,2.951192987845869e-15
906.4150943396227,-1.887632947699603e-14
906.566037735849,6.769719592839631e-15
906.7169811320755,-1.679731802002851e-14
906.8679245283018,2.9029422957289408e-15
907.0188679245283,-1.4520882311044863e-14
907.1698113207547,8.284370474712248e-16
907.3207547169811,-9.229013055506277e-15
907.4716981132076,-7.406061770861863e-15
907.622641509434,-3.502202738991709e-15
907.7735849056604,-5.4482301365913594e-15
907.9245283018868,-1.1965026010448587e-14
908.0754716981132,1.932337994972224e-15
908.2264150943396,-1.0882618255865087e-14
908.377358490566,-8.181820178660803e-15
908.5283018867924,1.0685888003620521e-15
908.6792452830189,-1.263696169615652e-14
908.8301886792453,-5.769574384541641e-15
908.9811320754717,-3.3315750322403733e-16
909.1320754716982,-1.2380674880188826e-14
909.2830188679245,-5.797181005547939e-15
909.433962264151,2.970574291126143e-17
909.5849056603773,-1.3140824048321839e-14
909.7358490566038,-4.783534834858986e-15
909.8867924528302,-1.270878530640352e-15
910.0377358490566,-1.1488447775307359e-14
910.188679245283,-7.294424852275685e-15
910.3396226415094,3.2438793418614967e-15
910.4905660377359,-1.9146891915332926e-14
910.6415094339623,2.684152465798771e-15
910.7924528301887,-5.648914131585967e-15
910.9433962264151,-1.5545587914892435e-14
911.0943396226415,6.04810233162192e-15
911.2452830188679,-1.3749188380813327e-14
911.3962264150944,-7.622033835497865e-15
911.5471698113207,3.0351330829141085e-15
911.6981132075472,-1.8249431315669055e-14
911.8490566037735,4.0790286298256245e-15
912.0,-1.3143788276814153e-14
912.1509433962265,-1.9954493989538957e-15
912.3018867924528,-7.561909012613081e-15
912.4528301886793,-9.75899947839827e-15
912.6037735849056,4.46971184646858e-15
912.7547169811321,-2.3706081539696884e-14
912.9056603773585,1.4640590128565795e-14
913.0566037735849,-2.5890195799369208e-14
913.2075471698113,9.183793041459934e-15
913.3584905660377,-1.6678990444842233e-14
913.5094339622641,2.4896807451718205e-16
913.6603773584906,-1.028179288350733e-14
913.811320754717,-3.0342372819735334e-15
913.9622641509434,-9.536429112571427e-15
914.1132075471698,-3.4311994748154428e-15
914.2641509433962,-5.891727863539851e-15
914.4150943396227,-1.3338247268429946e-14
914.566037735849,9.431042004709265e-15
914.7169811320755,-2.7829953148496353e-14
914.8679245283018,1.379409244334134e-14
915.0188679245283,-1.6169364560136927e-14
915.1698113207547,-1.0208287170246733e-14
915.3207547169811,6.8115007929244874e-15
915.4716981132076,-1.7842651246227803e-14
915.622641509434,-4.7962304575986034e-15
915.7735849056604,2.5450911893467024e-15
915.9245283018868,-1.7581013176693414e-14
916.0754716981132,-1.0040171506024653e-15
916.2264150943396,-3.3964916969529954e-15
916.377358490566,-1.2019306696132616e-14
916.5283018867924,-4.5025420631752626e-15
916.6792452830189,-2.246899644161804e-15
916.8301886792453,-1.1662027066575393e-14
916.9811320754717,-5.657810895910494e-15
917.1320754716982,-7.480257370999501e-17
917.2830188679245,-1.5946732457914932e-14
917.433962264151,1.6437811720412068e-15
917.5849056603773,-1.0581457257478e-14
917.7358490566038,-2.8325308439737375e-15
917.8867924528302,-1.3207060941237808e-14
918.0377358490566,5.152052900160346e-15
918.188679245283,-1.8790233241555833e-14
918.3396226415094,2.0633801662293557e-15
918.4905660377359,-8.146345526496098e-15
918.6415094339623,-8.674200493035387e-15
918.7924528301887,-4.973800719424964e-15
918.9433962264151,-2.6021044913627807e-15
919.0943396226415,-1.487731607266359e-14
919.2452830188679,3.4815730396316912e-15
919.3962264150944,-1.434992818376401e-14
919.5471698113207,7.730268571465366e-16
919.6981132075472,-1.614092665302598e-14
919.8490566037735,8.148865184757946e-15
920.0,-2.2516692758168307e-14
920.1509433962265,5.461002856599367e-15
920.3018867924528,-9.297657405359714e-15
920.4528301886793,-1.1936367793819705e-14
920.6037735849056,3.883235832593183e-15
920.7547169811321,-1.6706403095075365e-14
920.9056603773585,1.539965553535786e-15
921.0566037735849,-1.1623538631348667e-14
921.2075471698113,-2.018117041033327e-15
921.3584905660377,-1.1694395269457574e-14
921.5094339622641,8.719415575862962e-16
921.6603773584906,-1.500942053917633e-14
921.811320754717,3.1290960121612488e-15
921.9622641509434,-1.688623711743854e-14
922.1132075471698,5.615494331999744e-15
922.2641509433962,-1.898422266032555e-14
922.4150943396227,4.719419946692568e-15
922.566037735849,-1.3917904980913017e-14
922.7169811320755,-2.638887378424636e-15
922.8679245283018,-7.472880137035984e-15
923.0188679245283,-6.653454426838795e-15
923.1698113207547,-5.44250238610123e-15
923.3207547169811,-6.7688232692626466e-15
923.4716981132076,-8.774008155177655e-15
923.622641509434,4.1893734847356164e-16
923.7735849056604,-1.591059383571877e-14
923.9245283018868,8.02249155704187e-16
924.0754716981132,-6.512353760649794e-15
924.2264150943396,-1.3455219582747506e-14
924.377358490566,2.964460206600163e-15
924.5283018867924,-1.2021407536477248e-14
924.6792452830189,-7.149446488929412e-15
924.8301886792453,-1.1322567646098883e-15
924.9811320754717,-1.2261793953295272e-14
925.1320754716982,-2.59960370903405e-15
925.2830188679245,-8.084786309487731e-15
925.433962264151,-5.327863397101274e-15
925.5849056603773,-8.159931598436459e-15
925.7358490566038,-3.8719025490745115e-15
925.8867924528302,-9.023776429128505e-15
926.0377358490566,-4.352100104238165e-15
926.188679245283,-7.905232451499313e-15
926.3396226415094,-5.0593598401668325e-15
926.4905660377359,-8.04314158129825e-15
926.6415094339623,-4.485529606738349e-15
926.7924528301887,-8.42145907356021e-15
926.9433962264151,-4.608693974526358e-15
927.0943396226415,-8.015899215551033e-15
927.2452830188679,-4.919034581290554e-15
927.3962264150944,-8.028300421121328e-15
927.5471698113207,-4.6752598462947655e-15
927.6981132075472,-8.302433861585545e-15
927.8490566037735,-4.547960714801964e-15
928.0,-8.25597069643517e-15
928.1509433962265,-4.73169032390839e-15
928.3018867924528,-8.079309458429179e-15
928.4528301886793,-4.702143136745836e-15
928.6037735849056,-8.52192610245229e-15
928.7547169811321,-3.9473123989513635e-15
928.9056603773585,-9.068764747178053e-15
929.0566037735849,-4.280476495431557e-15
929.2075471698113,-7.943514038898561e-15
929.3584905660377,-4.829731543846295e-15
929.5094339622641,-9.717865219575786e-15
929.6603773584906,-7.515106092325766e-16
929.811320754717,-1.3728214527584486e-14
929.9622641509434,5.892368270505606e-16
930.1132075471698,-1.2080026271645994e-14
930.2641509433962,-2.536910695675377e-15
930.4150943396227,-8.662655042071364e-15
930.566037735849,-5.982084969144094e-15
930.7169811320755,-5.949658386597904e-15
930.8679245283018,-6.534480286619724e-15
931.0188679245283,-7.716040725874766e-15
931.1698113207547,-5.1301015623351916e-15
931.3207547169811,-4.896999017131679e-15
931.4716981132076,-1.339950055311588e-14
931.622641509434,5.110932431716608e-15
931.7735849056604,-1.8997402208986456e-14
931.9245283018868,3.232749555959358e-15
932.0754716981132,-1.266312843934871e-14
932.2264150943396,-1.8099348671711027e-15
932.377358490566,-1.130630594703155e-14
932.5283018867924,-2.5181990478130744e-15
932.6792452830189,-7.183391478793504e-15
932.8301886792453,-9.591186093762869e-15
932.9811320754717,-2.3045522458868397e-15
933.1320754716982,-8.172429794360247e-15
933.2830188679245,-8.324196217273876e-15
933.433962264151,-3.5322755535958717e-15
933.5849056603773,-7.28314625389263e-15
933.7358490566038,-9.41607133876588e-15
933.8867924528302,-3.987198190255976e-16
934.0377358490566,-1.4665039849266874e-14
934.188679245283,2.826625503135036e-15
934.3396226415094,-1.5862196207570187e-14
934.4905660377359,1.200792007850005e-15
934.6415094339623,-1.114571491103008e-14
934.7924528301887,-5.0645829891194634e-15
934.9433962264151,-5.786088766935016e-15
935.0943396226415,-8.26616178693053e-15
935.2452830188679,-4.455525564295122e-15
935.3962264150944,-7.884793624663754e-15
935.5471698113207,-7.487171158708224e-15
935.6981132075472,-1.965296305483771e-15
935.8490566037735,-1.374204686779492e-14
936.0,2.0663368443941956e-16
936.1509433962265,-9.404527039003085e-15
936.3018867924528,-8.482079126762837e-15
936.4528301886793,-1.6263920166468095e-15
936.6037735849056,-1.1234348091538577e-14
936.7547169811321,-4.0010966259827614e-15
936.9056603773585,-7.011412806702525e-15
937.0566037735849,-6.5359045906779466e-15
937.2075471698113,-7.361572629959133e-15
937.3584905660377,-4.818407584501096e-15
937.5094339622641,-7.99773882326307e-15
937.6603773584906,-6.447259816606784e-15
937.811320754717,-5.273911398555981e-15
937.9622641509434,-7.726679863678837e-15
938.1132075471698,-6.968913674168294e-15
938.2641509433962,-4.582086031085002e-15
938.4150943396227,-7.720536518159574e-15
938.566037735849,-8.906517196169213e-15
938.7169811320755,-1.0333114595728332e-17
938.8679245283018,-1.439683428518072e-14
939.0188679245283,-2.3405788824778445e-15
939.1698113207547,-3.2370875909748695e-15
939.3207547169811,-1.6966520677369383e-14
939.4716981132076,5.850225487392673e-15
939.622641509434,-1.4271231100314643e-14
939.7735849056604,-6.804565226768565e-15
939.9245283018868,-4.206946284208013e-16
940.0754716981132,-1.3767010450044775e-14
940.2264150943396,-1.258700277969764e-15
940.377358490566,-9.960390783729709e-15
940.5283018867924,-4.542942443132763e-15
940.6792452830189,-5.7919157624596624e-15
940.8301886792453,-1.2061401690641025e-14
940.9811320754717,3.352895583269655e-15
941.1320754716982,-1.7817019869101114e-14
941.2830188679245,2.917599370747193e-15
941.433962264151,-1.3362627393275246e-14
941.5849056603773,-1.5650089182239244e-15
941.7358490566038,-1.0247708711899413e-14
941.8867924528302,-5.005680647632403e-15
942.0377358490566,-4.988517447150497e-15
942.188679245283,-1.077614518620601e-14
942.3396226415094,-1.9494822766246266e-15
942.4905660377359,-9.259475957312276e-15
942.6415094339623,-6.0923655132348204e-15
942.7924528301887,-6.963682414040204e-15
942.9433962264151,-3.650907059402192e-15
943.0943396226415,-1.2476279385236666e-14
943.2452830188679,-1.044761318685435e-16
943.3962264150944,-9.98144449828796e-15
943.5471698113207,-8.477700465471914e-15
943.6981132075472,1.4571128163104025e-16
943.8490566037735,-1.519207814444546e-14
944.0,1.9855808849978707e-16
944.1509433962265,-9.113977082561037e-15
944.3018867924528,-7.2903940387985e-15
944.4528301886793,-7.157807561139976e-15
944.6037735849056,4.1660444853143785e-16
944.7547169811321,-2.1062608014484974e-14
944.9056603773585,1.0318026743045614e-14
945.0566037735849,-1.7767845316575144e-14
945.2075471698113,-6.026434411784491e-15
945.3584905660377,1.1578485200607105e-15
945.5094339622641,-1.496119232133945e-14
945.6603773584906,-4.20725037802195e-15
945.811320754717,-2.427111511952128e-15
945.9622641509434,-1.2139498308868751e-14
946.1132075471698,-5.396765930468869e-15
946.2641509433962,-1.7900433813440825e-15
946.4150943396227,-1.427701984465614e-14
946.566037735849,-4.591166619963856e-16
946.7169811320755,-9.128084532322902e-15
946.8679245283018,-6.1692147165652024e-15
947.0188679245283,-7.804965009091691e-15
947.1698113207547,-3.30803328971977e-15
947.3207547169811,-1.0144677015925707e-14
947.4716981132076,-5.971635880770298e-15
947.622641509434,-3.0020579821401316e-15
947.7735849056604,-1.2121321020145655e-14
947.9245283018868,-2.9037340243257365e-15
948.0754716981132,-6.771614178739735e-15
948.2264150943396,-8.223984845894937e-15
948.377358490566,-5.921058099545868e-15
948.5283018867924,-5.8769848865888844e-15
948.6792452830189,-5.822132853019499e-15
948.8301886792453,-1.2605959719882017e-14
948.9811320754717,5.5573206003618355e-15
949.1320754716982,-2.1544616186397726e-14
949.2830188679245,5.784337238531834e-15
949.433962264151,-1.3028782133226267e-14
949.5849056603773,-5.438292253267333e-15
949.7358490566038,-5.8170572208346476e-15
949.8867924528302,-6.621375144377875e-15
950.0377358490566,-7.592188201162547e-15
950.188679245283,-5.681155045828054e-15
950.3396226415094,-7.484431197051805e-15
950.4905660377359,-3.998388510295788e-15
950.6415094339623,-1.230674029248746e-14
950.7924528301887,1.0193736896683934e-15
950.9433962264151,-1.3128455910372595e-14
951.0943396226415,-3.089950885215656e-15
951.2452830188679,-8.042240395867259e-15
951.3962264150944,-4.883826407944699e-15
951.5471698113207,-9.39063816219085e-15
951.6981132075472,-5.016262692262211e-15
951.8490566037735,-3.4559862239341265e-15
952.0,-1.5843146644461835e-14
952.1509433962265,5.917337458209557e-15
952.3018867924528,-1.707714403389946e-14
952.4528301886793,-2.214325778300736e-15
952.6037735849056,-4.9625638062642735e-15
952.7547169811321,-1.0877704093617805e-14
952.9056603773585,-3.3331362041584154e-15
953.0566037735849,-7.763165218646655e-15
953.2075471698113,-6.22709096277232e-15
953.3584905660377,-7.824666928892352e-15
953.5094339622641,-4.7073135218924045e-15
953.6603773584906,-7.618068769731802e-15
953.811320754717,-7.259806758401603e-15
953.9622641509434,-5.933465693253378e-15
954.1132075471698,-4.458080895121566e-15
954.2641509433962,-1.2724685114204547e-14
954.4150943396227,9.482520090436742e-16
954.566037735849,-1.0588323043048303e-14
954.7169811320755,-1.0140603893257475e-14
954.8679245283018,3.896754729109199e-15
955.0188679245283,-1.9134985226637228e-14
955.1698113207547,2.2859853389442627e-15
955.3207547169811,-9.922780219030736e-15
955.4716981132076,-6.224588554492117e-15
955.622641509434,-8.253000131971672e-15
955.7735849056604,-2.3158123905823103e-15
955.9245283018868,-1.052014597727157e-14
956.0754716981132,-8.207900321499523e-15
956.2264150943396,2.9482074033429936e-15
956.377358490566,-2.0796909322105487e-14
956.5283018867924,4.4316192376970675e-15
956.6792452830189,-7.702147868686529e-15
956.8301886792453,-1.616823351896331e-14
956.9811320754717,7.431797160643956e-15
957.1320754716982,-1.6865501638190906e-14
957.2830188679245,-4.288034283407399e-15
957.433962264151,-3.367767095349974e-15
957.5849056603773,-1.0279955023323925e-14
957.7358490566038,-4.721557507503466e-15
957.8867924528302,-9.273615401257528e-15
958.0377358490566,3.758301133719531e-16
958.188679245283,-1.8164712356926243e-14
958.3396226415094,6.440042738330201e-15
958.4905660377359,-1.8414065651345436e-14
958.6415094339623,3.483906902057624e-15
958.7924528301887,-1.503832101776798e-14
958.9433962264151,-1.6632421723156765e-15
959.0943396226415,-5.717841801198461e-15
959.2452830188679,-1.2621666341506013e-14
959.3962264150944,-4.762153338296244e-16
959.5471698113207,-7.230653147458358e-15
959.6981132075472,-1.3235511845661312e-14
959.8490566037735,4.2338945364047615e-15
960.0,-1.708299077170472e-14
960.1509433962265,5.644296585055058e-16
960.3018867924528,-1.0144721692529672e-14
960.4528301886793,-5.3442929731613815e-15
960.6037735849056,-7.620250996544316e-15
960.7547169811321,-4.399007039871599e-15
960.9056603773585,-9.903089358059789e-15
961.0566037735849,-4.1108094023806374e-15
961.2075471698113,-6.041273059747486e-15
961.3584905660377,-1.1098872467324e-14
961.5094339622641,3.835169532488192e-16
961.6603773584906,-1.3335725670886502e-14
961.811320754717,-2.4567288942674032e-15
961.9622641509434,-7.959894816979693e-15
962.1132075471698,-5.9259001860407776e-15
962.2641509433962,-9.616223647893039e-15
962.4150943396227,-4.485698595611325e-17
962.566037735849,-1.4795272285397178e-14
962.7169811320755,-4.46802722281253e-16
962.8679245283018,-8.715693962017607e-15
963.0188679245283,-7.291158387969879e-15
963.1698113207547,-5.948313189242335e-15
963.3207547169811,-5.9468345665964766e-15
963.4716981132076,-7.51189361160524e-15
963.622641509434,-7.068295301422165e-15
963.7735849056604,-4.318985651853891e-15
963.9245283018868,-1.073769324541302e-14
964.0754716981132,3.425897903593811e-16
964.2264150943396,-1.744289008951658e-14
964.377358490566,6.441811520872704e-15
964.5283018867924,-1.659235686307605e-14
964.6792452830189,-4.896386158730988e-15
964.8301886792453,-1.4928855324160052e-16
964.9811320754717,-1.4505195021256043e-14
965.1320754716982,-5.8388206347982184e-15
965.2830188679245,3.4021645400786072e-15
965.433962264151,-2.32583733636099e-14
965.5849056603773,8.48245611090683e-15
965.7358490566038,-1.4453760078631512e-14
965.8867924528302,-5.515277366650688e-15
966.0377358490566,-5.313256588167861e-15
966.188679245283,-6.736406599542998e-15
966.3396226415094,-7.966114220271848e-15
966.4905660377359,-5.135502376074318e-15
966.6415094339623,-7.278854646069514e-15
966.7924528301887,-6.602919397115783e-15
966.9433962264151,-5.945483040251477e-15
967.0943396226415,-8.557648023316304e-15
967.2452830188679,-2.5100638171157053e-15
967.3962264150944,-1.2860292304442736e-14
967.5471698113207,7.81138723764309e-16
967.6981132075472,-1.33072613584727e-14
967.8490566037735,-2.142457034465749e-15
968.0,-8.447977619749241e-15
968.1509433962265,-5.719169989107813e-15
968.3018867924528,-9.312051058577472e-15
968.4528301886793,-2.1127359740193704e-16
968.6037735849056,-1.5523000859590612e-14
968.7547169811321,1.3224279867812708e-15
968.9056603773585,-1.0159340718059986e-14
969.0566037735849,-7.935889219235254e-15
969.2075471698113,-2.5609988848989763e-15
969.3584905660377,-1.0385605842795181e-14
969.5094339622641,-4.444115886327508e-15
969.6603773584906,-7.506929503485626e-15
969.811320754717,-5.8133120179800264e-15
969.9622641509434,-7.633205530387081e-15
970.1132075471698,-5.611497578063675e-15
970.2641509433962,-7.172601732843422e-15
970.4150943396227,-5.9875492893916e-15
970.566037735849,-7.883765195963796e-15
970.7169811320755,-4.570014579010587e-15
970.8679245283018,-8.190932257422992e-15
971.0188679245283,-6.506624429657709e-15
971.1698113207547,-5.704993219822078e-15
971.3207547169811,-5.7873808732872856e-15
971.4716981132076,-1.1433808969411719e-14
971.622641509434,1.7079111668956118e-15
971.7735849056604,-1.4228173924358286e-14
971.9245283018868,-3.934850580825366e-15
972.0754716981132,-3.4212230044659994e-15
972.2264150943396,-1.177076982850963e-14
972.377358490566,-4.421197169057038e-15
972.5283018867924,-3.5493849596948887e-15
972.6792452830189,-1.2183323822304835e-14
972.8301886792453,-3.6351366814623035e-15
972.9811320754717,-2.758980138642474e-15
973.1320754716982,-1.7068985332849086e-14
973.2830188679245,6.5481134062952875e-15
973.433962264151,-1.697155727978753e-14
973.5849056603773,-2.0445640464887126e-15
973.7358490566038,-5.619267075104997e-15
973.8867924528302,-1.0099601860323889e-14
974.0377358490566,-3.3261084069024775e-15
974.188679245283,-8.175293983286126e-15
974.3396226415094,-6.2999445827280786e-15
974.4905660377359,-6.358537190608149e-15
974.6415094339623,-6.437012284257793e-15
974.7924528301887,-7.405639629026496e-15
974.9433962264151,-4.987424596589787e-15
975.0943396226415,-8.246553776745397e-15
975.2452830188679,-5.752810710199343e-15
975.3962264150944,-5.87895400407472e-15
975.5471698113207,-7.689598796181542e-15
975.6981132075472,-7.362634459450331e-15
975.8490566037735,-1.9563533712501167e-15
976.0,-1.396442575094231e-14
976.1509433962265,9.231518225820418e-17
976.3018867924528,-8.834875560554525e-15
976.4528301886793,-9.260475568647879e-15
976.6037735849056,-1.3958537898024608e-15
976.7547169811321,-1.0684735152039606e-14
976.9056603773585,-4.822886186000861e-15
977.0566037735849,-7.133301411367392e-15
977.2075471698113,-4.961210848492452e-15
977.3584905660377,-9.262313485702178e-15
977.5094339622641,-5.008755937460352e-15
977.6603773584906,-4.322663126325137e-15
977.811320754717,-1.221999381658231e-14
977.9622641509434,-8.461928565933138e-16
978.1132075471698,-8.169963244474689e-15
978.2641509433962,-1.0294751231221134e-14
978.4150943396227,5.127823828993973e-16
978.566037735849,-1.3222805504670821e-14
978.7169811320755,-2.4080673343867393e-15
978.8679245283018,-8.457806587301329e-15
979.0188679245283,-4.707630881679396e-15
979.1698113207547,-9.795713474145747e-15
979.3207547169811,-2.093991176734896e-15
979.4716981132076,-1.0242922078965764e-14
979.622641509434,-4.927920798103782e-15
979.7735849056604,-6.7934197528952835e-15
979.9245283018868,-4.643580637796413e-15
980.0754716981132,-1.2366941880627096e-14
980.2264150943396,2.6279670734501405e-15
980.377358490566,-1.515651442409737e-14
980.5283018867924,-2.2796707686129684e-15
980.6792452830189,-5.297861771042869e-15
980.8301886792453,-1.0693313841123058e-14
980.9811320754717,-2.9970679987590997e-15
981.1320754716982,-7.285100033587683e-15
981.2830188679245,-7.697146043002792e-15
981.433962264151,-5.593724944256383e-15
981.5849056603773,-5.681339251183014e-15
981.7358490566038,-8.01227552069213e-15
981.8867924528302,-6.925388973563742e-15
982.0377358490566,-2.422334927882134e-15
982.188679245283,-1.2988231551398006e-14
982.3396226415094,-8.213089322741124e-16
982.4905660377359,-8.736117028081848e-15
982.6415094339623,-7.848204685580723e-15
982.7924528301887,-2.7349145563741118e-15
982.9433962264151,-1.1800545198570957e-14
983.0943396226415,2.5133990434837715e-16
983.2452830188679,-1.3764260321120128e-14
983.3962264150944,-7.777059058497967e-16
983.5471698113207,-8.532733206448773e-15
983.6981132075472,-8.181736485941184e-15
983.8490566037735,-2.7064094318849806e-15
984.0,-1.075672134314977e-14
984.1509433962265,-1.56788443192924e-15
984.3018867924528,-1.2770586910314074e-14
984.4528301886793,8.962574509641219e-16
984.6037735849056,-1.3164403363599175e-14
984.7547169811321,-1.835347929259152e-15
984.9056603773585,-9.24799935387215e-15
985.0566037735849,-4.086712585124317e-15
985.2075471698113,-9.532564948174541e-15
985.3584905660377,-2.5492407067514024e-15
985.5094339622641,-1.0554609234322052e-14
985.6603773584906,-3.3992093123673018e-15
985.811320754717,-6.293566982125692e-15
985.9622641509434,-1.2448570403042309e-14
986.1132075471698,6.898429271185524e-15
986.2641509433962,-2.587688051560354e-14
986.4150943396227,1.5355654701335027e-14
986.566037735849,-2.653093292653759e-14
986.7169811320755,9.689128868371938e-15
986.8679245283018,-1.850646996492756e-14
987.0188679245283,2.4312301162333527e-15
987.1698113207547,-1.2687642120038308e-14
987.3207547169811,-2.3623326589038724e-15
987.4716981132076,-9.301876078297411e-15
987.622641509434,-3.3301853844852918e-15
987.7735849056604,-9.911085724622372e-15
987.9245283018868,-4.994177483658824e-15
988.0754716981132,-1.9748829650709495e-15
988.2264150943396,-1.8327173987142208e-14
988.377358490566,1.008486649259845e-14
988.5283018867924,-2.207580530312013e-14
988.6792452830189,4.759783036547131e-15
988.8301886792453,-1.350767702800417e-14
988.9811320754717,-6.694818710214975e-16
989.1320754716982,-1.21605619525209e-14
989.2830188679245,-2.347166597176842e-15
989.433962264151,-5.686546818974872e-15
989.5849056603773,-1.2905059088304482e-14
989.7358490566038,3.189234729247556e-15
989.8867924528302,-1.4339999585965892e-14
990.0377358490566,-3.365530473881072e-15
990.188679245283,-4.53197126386877e-15
990.3396226415094,-1.1023810575176382e-14
990.4905660377359,-7.688856319447989e-16
990.6415094339623,-1.2437918730401132e-14
990.7924528301887,-4.7956230541509995e-17
990.9433962264151,-1.2269425846240068e-14
991.0943396226415,-2.268140247184702e-15
991.2452830188679,-7.188181271502586e-15
991.3962264150944,-1.0016382817789748e-14
991.5471698113207,1.6369206916900503e-15
991.6981132075472,-1.6534861473290254e-14
991.8490566037735,1.9680432081279326e-15
992.0,-9.304856500000117e-15
992.1509433962265,-9.240902307689425e-15
992.3018867924528,-1.0626385617246818e-15
992.4528301886793,-9.21324239329187e-15
992.6037735849056,-8.656660966019726e-15
992.7547169811321,-4.790673766315021e-16
992.9056603773585,-1.0628088799474773e-14
993.0566037735849,-9.203156132923696e-15
993.2075471698113,5.441946546993808e-15
993.3584905660377,-2.2811859640073934e-14
993.5094339622641,6.374052689348729e-15
993.6603773584906,-8.460011343890752e-15
993.811320754717,-1.4541305668229115e-14
993.9622641509434,4.3571488624934564e-15
994.1132075471698,-9.55168588975308e-15
994.2641509433962,-1.5440080062928034e-14
994.4150943396227,1.131054966880847e-14
994.566037735849,-2.2669405763619224e-14
994.7169811320755,-2.409117215639462e-16
994.8679245283018,-1.2300131817348343e-16
995.0188679245283,-1.9141313897945195e-14
995.1698113207547,4.847206418495873e-15
995.3207547169811,-1.1228928247581066e-14
995.4716981132076,-6.467031181788211e-15
995.622641509434,-4.52808094441412e-15
995.7735849056604,-8.595031008321365e-15
995.9245283018868,-1.743591733358609e-15
996.0754716981132,-1.4032592030759256e-14
996.2264150943396,1.5078437673262159e-15
996.377358490566,-8.561775772166546e-15
996.5283018867924,-1.2827600072675933e-14
996.6792452830189,6.339021910716165e-15
996.8301886792453,-1.7243513764718363e-14
996.9811320754717,-4.7950268303282576e-15
997.1320754716982,3.6871476741763326e-15
997.2830188679245,-2.154874478250885e-14
997.433962264151,3.673979756724765e-15
997.5849056603773,-3.785448680617506e-15
997.7358490566038,-1.8744453277556135e-14
997.8867924528302,5.7069586636911395e-15
998.0377358490566,-7.91990426119285e-15
998.188679245283,-1.5717660021716186e-14
998.3396226415094,5.6136964236064736e-15
998.4905660377359,-1.0218384395842522e-14
998.6415094339623,-1.3512699855033043e-14
998.7924528301887,6.401813609474305e-15
998.9433962264151,-1.4716650597053295e-14
999.0943396226415,-7.794819144026973e-15
999.2452830188679,3.690680158503228e-15
999.3962264150944,-1.7804858399302618e-14
999.5471698113207,7.371019018073508e-16
999.6981132075472,-7.169929570139628e-15
999.8490566037735,-8.535314136223684e-15
1000.0,-3.682517802904826e-15
1000.1509433962265,-9.036836730766459e-15
1000.3018867924528,-1.0625909366983168e-15
1000.4528301886793,-1.4336588365834015e-14
1000.6037735849056,1.9694842758171753e-15
1000.7547169811321,-1.0068486135563733e-14
1000.9056603773585,-8.755459799294238e-15
1001.0566037735849,4.3194231944862473e-16
1001.2075471698113,-1.2129771211426784e-14
1001.3584905660377,-4.293237871353109e-15
1001.5094339622641,-5.184599120984893e-15
1001.6603773584906,-5.769727078078777e-15
1001.811320754717,-1.1513049613178312e-14
1001.9622641509434,2.9420421426487638e-15
1002.1132075471698,-1.4129397303720454e-14
1002.2641509433962,-4.105946986024362e-15
1002.4150943396227,-2.1438665675222093e-15
1002.566037735849,-1.221715437083095e-14
1002.7169811320755,-2.638459105712443e-15
1002.8679245283018,-6.658969305478222e-15
1003.0188679245283,-5.080148048288196e-15
1003.1698113207547,-1.165921682316616e-14
1003.3207547169811,3.1726656402194322e-15
1003.4716981132076,-1.429792902025744e-14
1003.622641509434,-4.2003833737399186e-15
1003.7735849056604,-2.0349297399420942e-15
1003.9245283018868,-1.1058471314079034e-14
1004.0754716981132,-5.807140300778197e-15
1004.2264150943396,-1.9720467530982496e-15
1004.377358490566,-9.480808032377028e-15
1004.5283018867924,-8.854562814759394e-15
1004.6792452830189,2.7544049896754952e-15
1004.8301886792453,-1.7012892427754955e-14
1004.9811320754717,2.8882868710733995e-15
1005.1320754716982,-1.2597527381438078e-14
1005.2830188679245,-1.5370623663514557e-15
1005.433962264151,-8.008131044773569e-15
1005.5849056603773,-8.993174712637671e-15
1005.7358490566038,1.7938459764878347e-15
1005.8867924528302,-1.5898250458213476e-14
1006.0377358490566,8.682389687951742e-16
1006.188679245283,-7.638767346202047e-15
1006.3396226415094,-9.008451790052269e-15
1006.4905660377359,-1.9366087602023767e-15
1006.6415094339623,-8.94005324991228e-15
1006.7924528301887,-5.085290478935385e-15
1006.9433962264151,-6.243908911000288e-15
1007.0943396226415,-5.833772345944966e-15
1007.2452830188679,-6.5756998580837835e-15
1007.3962264150944,-5.630784478473403e-15
1007.5471698113207,-6.6027160779016845e-15
1007.6981132075472,-4.990920135273654e-15
1007.8490566037735,-7.587643352900538e-15
1008.0,-5.452199559317298e-15
1008.1509433962265,-4.141477467236604e-15
1008.3018867924528,-1.0748191255575125e-14
1008.4528301886793,-6.901503910004684e-16
1008.6037735849056,-8.536050659510693e-15
1008.7547169811321,-9.3957485485303e-15
1008.9056603773585,3.4050302158350148e-15
1009.0566037735849,-1.8733228283041622e-14
1009.2075471698113,5.345961539982337e-15
1009.3584905660377,-1.2412845947384369e-14
1009.5094339622641,-5.707953252858691e-15
1009.6603773584906,-2.2394919583959828e-15
1009.811320754717,-1.008955081484434e-14
1009.9622641509434,-5.446589434683684e-15
1010.1132075471698,-1.6451643921387517e-15
1010.2641509433962,-1.347273426455504e-14
1010.4150943396227,5.077786122342983e-16
1010.566037735849,-8.233997855263658e-15
1010.7169811320755,-8.572159156131506e-15
1010.8679245283018,-9.037751073638205e-16
1011.0188679245283,-1.0672611173238943e-14
1011.1698113207547,-3.3295765385772438e-15
1011.3207547169811,-6.97772270322264e-15
1011.4716981132076,-5.402032951064275e-15
1011.622641509434,-7.0924405305991505e-15
1011.7735849056604,-4.3776956190650524e-15
1011.9245283018868,-7.4176690993865e-15
1012.0754716981132,-5.260120155410324e-15
1012.2264150943396,-5.974772797971958e-15
1012.377358490566,-6.108147415520916e-15
1012.5283018867924,-6.3059228522170526e-15
1012.6792452830189,-4.962486575436158e-15
1012.8301886792453,-7.0972044940899584e-15
1012.9811320754717,-5.502818193551854e-15
1013.1320754716982,-5.272319520780502e-15
1013.2830188679245,-7.165569337614236e-15
1013.433962264151,-5.5302184269533e-15
1013.5849056603773,-4.633085751869277e-15
1013.7358490566038,-8.017746726317528e-15
1013.8867924528302,-5.644215608110875e-15
1014.0377358490566,-2.359399090297199e-15
1014.188679245283,-1.2520804792259086e-14
1014.3396226415094,4.389122025900741e-17
1014.4905660377359,-7.383049208550029e-15
1014.6415094339623,-9.962216304778996e-15
1014.7924528301887,1.1913397977406872e-15
1014.9433962264151,-1.2166515297916932e-14
1015.0943396226415,-2.6408431645910844e-15
1015.2452830188679,-7.304489599882064e-15
1015.3962264150944,-3.0787811323937236e-15
1015.5471698113207,-1.2300617794136917e-14
1015.6981132075472,3.1080253823818304e-15
1015.8490566037735,-1.4008223051204655e-14
1016.0,-1.5136539429447514e-15
1016.1509433962265,-6.175316880195929e-15
1016.3018867924528,-7.85873169809762e-15
1016.4528301886793,-3.308856578155444e-15
1016.6037735849056,-8.229840412455759e-15
1016.7547169811321,-4.395588504633611e-15
1016.9056603773585,-4.788702583518256e-15
1017.0566037735849,-1.0784684364950258e-14
1017.2075471698113,1.8895564425636005e-15
1017.3584905660377,-1.2537197352927916e-14
1017.5094339622641,-3.943971705278887e-15
1017.6603773584906,-2.738524629881907e-15
1017.811320754717,-1.0007620490684797e-14
1017.9622641509434,-5.04273999674084e-15
1018.1132075471698,-2.209474195643285e-15
1018.2641509433962,-1.0569627862928899e-14
1018.4150943396227,-4.249109571755185e-15
1018.566037735849,-2.444337111598309e-15
1018.7169811320755,-1.227528939408012e-14
1018.8679245283018,5.469095422305398e-16
1019.0188679245283,-1.0027882468323101e-14
1019.1698113207547,-3.4780089355266006e-15
1019.3207547169811,-7.464241621473162e-15
1019.4716981132076,-3.85819958465534e-15
1019.622641509434,-7.881944381373557e-15
1019.7735849056604,-3.915058321831834e-15
1019.9245283018868,-7.299399803060205e-15
1020.0754716981132,-4.261184957019715e-15
1020.2264150943396,-7.353315335565154e-15
1020.377358490566,-4.4798116416324485e-15
1020.5283018867924,-6.2102516880537366e-15
1020.6792452830189,-5.870534178002687e-15
1020.8301886792453,-6.174399172344869e-15
1020.9811320754717,-3.823726834870301e-15
1021.1320754716982,-8.316955888572198e-15
1021.2830188679245,-5.010644343756084e-15
1021.433962264151,-2.591756244364716e-15
1021.5849056603773,-1.1704047865995106e-14
1021.7358490566038,-7.244408407562755e-16
1021.8867924528302,-6.11637764772079e-15
1022.0377358490566,-1.0167495723075188e-14
1022.188679245283,6.311303003304964e-16
1022.3396226415094,-1.0855481235221166e-14
1022.4905660377359,-1.9059684316828454e-15
1022.6415094339623,-1.0489006110657005e-14
1022.7924528301887,2.042945168852315e-15
1022.9433962264151,-1.51409271522585e-14
1023.0943396226415,1.3118716090588815e-15
1023.2452830188679,-5.938886215159593e-15
1023.3962264150944,-1.2922910206769103e-14
1023.5471698113207,5.236160404802397e-15
1023.6981132075472,-1.3971413073898362e-14
1023.8490566037735,-4.257640825258343e-15
1024.0,-5.97848949446871e-16
1024.1509433962265,-1.2727438233797444e-14
1024.301886792453,-9.981259906653902e-16
1024.4528301886792,-7.104357325091953e-15
1024.6037735849056,-4.0750075789283454e-15
1024.754716981132,-1.1028561923598769e-14
1024.9056603773586,3.85630275403976e-15
1025.0566037735848,-1.5199913574706217e-14
1025.2075471698113,-8.871456208550793e-16
1025.3584905660377,-3.671819833720189e-15
1025.5094339622642,-1.1465687129275012e-14
1025.6603773584907,-7.683323719701354e-16
1025.811320754717,-6.300842960548226e-15
1025.9622641509434,-7.717933095967296e-15
1026.1132075471698,-5.0825691130843975e-15
1026.2641509433963,-1.0215578776465816e-15
1026.4150943396226,-1.4099540543922068e-14
1026.566037735849,1.755686274841611e-15
1026.7169811320755,-6.849909743017429e-15
1026.867924528302,-1.0478612657602987e-14
1027.0188679245282,8.360086119514669e-16
1027.1698113207547,-8.129527871921857e-15
1027.3207547169811,-7.989662267031132e-15
1027.4716981132076,-1.7077774108707458e-15
1027.622641509434,-5.813705390445066e-15
1027.7735849056603,-1.1011231749411396e-14
1027.9245283018868,3.9498798887034876e-15
1028.0754716981132,-1.5328317673875807e-14
1028.2264150943397,1.8267483849404243e-15
1028.377358490566,-9.934896232061494e-15
1028.5283018867924,-2.4444454166815988e-15
1028.6792452830189,-9.709333158550423e-15
1028.8301886792453,1.751822196726795e-15
1028.9811320754718,-1.571312348126006e-14
1029.132075471698,5.483355482077845e-15
1029.2830188679245,-1.4679456813388178e-14
1029.433962264151,1.3124891105424714e-15
1029.5849056603774,-1.1505699685891703e-14
1029.7358490566037,1.6746644885718603e-15
1029.8867924528302,-1.3806656230657602e-14
1030.0377358490566,2.572857550573315e-15
1030.188679245283,-1.2173043204356001e-14
1030.3396226415093,5.403102151638769e-16
1030.4905660377358,-1.1344467228977394e-14
1030.6415094339623,-1.4359029902299326e-15
1030.7924528301887,-3.560444549689292e-15
1030.9433962264152,-1.5571373061484468e-14
1031.0943396226414,1.0090936629743686e-14
1031.245283018868,-1.921416100775763e-14
1031.3962264150944,7.759189617881846e-16
1031.5471698113208,-3.737503308305999e-15
1031.698113207547,-1.0700450216055343e-14
1031.8490566037735,-6.435247421712686e-16
1032.0,-8.197722564648793e-15
1032.1509433962265,-4.684531408073736e-15
1032.301886792453,-3.005647476681413e-15
1032.4528301886792,-1.2062050483828283e-14
1032.6037735849056,4.804443994851871e-15
1032.754716981132,-1.6092812523360092e-14
1032.9056603773586,3.2405761436546788e-15
1033.0566037735848,-1.1544056674441572e-14
1033.2075471698113,-3.452459327435351e-16
1033.3584905660377,-9.533774810038031e-15
1033.5094339622642,-3.771005294434975e-15
1033.6603773584907,-2.0126549330637933e-15
1033.811320754717,-1.3595478847328526e-14
1033.9622641509434,4.790775888653791e-15
1034.1132075471698,-1.348179516298651e-14
1034.2641509433963,-6.907289119838351e-16
1034.4150943396226,-7.6070516900551e-15
1034.566037735849,-3.6740107152766336e-15
1034.7169811320755,-6.354461682439306e-15
1034.867924528302,-6.0830956812225535e-15
1035.0188679245282,-1.972556761584083e-15
1035.1698113207547,-1.04530202424789e-14
1035.3207547169811,6.399038561291075e-16
1035.4716981132076,-1.1672586759667246e-14
1035.622641509434,1.7528645603796172e-15
1035.7735849056603,-1.2448881792088979e-14
1035.9245283018868,8.732859315806953e-16
1036.0754716981132,-9.515856279357747e-15
1036.2264150943397,-2.9208711102957213e-15
1036.377358490566,-5.340594460936853e-15
1036.5283018867924,-8.626331383816059e-15
1036.6792452830189,2.1282673857190107e-15
1036.8301886792453,-1.3832080525268316e-14
1036.9811320754718,-9.285526370395166e-16
1037.132075471698,-1.2807470205904917e-15
1037.2830188679245,-1.5647139459211267e-14
1037.433962264151,5.398649831589855e-15
1037.5849056603774,-1.0872287883762546e-14
1037.7358490566037,-3.696942807142537e-15
1037.8867924528302,-7.90338507751357e-15
1038.0377358490566,2.457149573092307e-15
1038.188679245283,-1.4831476782377094e-14
1038.3396226415093,-1.5568113355221166e-15
1038.4905660377358,3.0399655916525823e-15
1038.6415094339623,-2.2492272149258764e-14
1038.7924528301887,1.1230544645493815e-14
1038.9433962264152,-1.1482989115225361e-14
1039.0943396226414,-9.355803274073413e-15
1039.245283018868,1.5181610572088488e-15
1039.3962264150944,-5.262712450081966e-15
1039.5471698113208,-1.40676625203384e-14
1039.698113207547,8.355330892002933e-15
1039.8490566037735,-1.689071108083656e-14
1040.0,1.813007246127508e-15
1040.1509433962265,-7.970924717589893e-15
1040.301886792453,-3.800007684628908e-15
1040.4528301886792,-6.979889088337336e-15
1040.6037735849056,-1.9457482370660828e-15
1040.754716981132,-8.65188917686022e-15
1040.9056603773586,-2.9454448585006633e-15
1041.0566037735848,-4.163355777987168e-15
1041.2075471698113,-9.36455950809182e-15
1041.3584905660377,1.3415419587111773e-15
1041.5094339622642,-1.1430883287233468e-14
1041.6603773584907,-6.603571358281746e-16
1041.811320754717,-6.8711321794662675e-15
1041.9622641509434,-4.4578974542185416e-15
1042.1132075471698,-7.028794251721099e-15
1042.2641509433963,2.7697173955676645e-16
1042.4150943396226,-1.297639523872196e-14
1042.566037735849,2.357803897648103e-15
1042.7169811320755,-8.357048191527945e-15
1042.867924528302,-6.9438065844087e-15
1043.0188679245282,4.677327182909418e-16
1043.1698113207547,-1.0728949263734094e-14
1043.3207547169811,-1.5963691784835418e-15
1043.4716981132076,-5.766950600546841e-15
1043.622641509434,-4.740808285632955e-15
1043.7735849056603,-7.45946530658902e-15
1043.9245283018868,8.190216853589672e-16
1044.0754716981132,-1.2427414458863659e-14
1044.2264150943397,1.3978803277584094e-15
1044.377358490566,-8.763163210556436e-15
1044.5283018867924,-3.0964699256478603e-15
1044.6792452830189,-6.011198148707784e-15
1044.8301886792453,-4.4231834076210775e-15
1044.9811320754718,-4.2404458072918875e-15
1045.132075471698,-7.420848027112075e-15
1045.2830188679245,-3.3319897922510298e-16
1045.433962264151,-1.1781963956679823e-14
1045.5849056603774,3.979078745914209e-15
1045.7358490566037,-1.4323485161823707e-14
1045.8867924528302,2.5446978368981955e-15
1046.0377358490566,-8.359528284066852e-15
1046.188679245283,-5.388953199567917e-15
1046.3396226415093,-2.1805919168149822e-15
1046.4905660377358,-7.82745019206203e-15
1046.6415094339623,-2.4571849677244117e-15
1046.7924528301887,-6.82131059634707e-15
1046.9433962264152,-3.438368273413026e-15
1047.0943396226414,-5.158170594404003e-15
1047.245283018868,-5.587090110870278e-15
1047.3962264150944,-4.6460982329024976e-15
1047.5471698113208,-2.141179656093518e-15
1047.698113207547,-1.1244876281537393e-14
1047.8490566037735,3.1148042854447807e-15
1048.0,-9.615581586748787e-15
1048.1509433962265,-7.319489565649798e-15
1048.301886792453,5.32764736415485e-15
1048.4528301886792,-1.7727503771123726e-14
1048.6037735849056,3.759190680140776e-15
1048.754716981132,-4.557742255170757e-15
1048.9056603773586,-1.2157466351314153e-14
1049.0566037735848,3.895780920837233e-15
1049.2075471698113,-9.581170125328521e-15
1049.3584905660377,-4.9061508251702694e-15
1049.5094339622642,-1.4496157549129571e-15
1049.6603773584907,-9.647918065333758e-15
1049.811320754717,1.666869228330323e-15
1049.9622641509434,-1.2447776806540191e-14
1050.1132075471698,2.313542616961395e-15
1050.2641509433963,-8.101012651322072e-15
1050.4150943396226,-6.473518520136627e-15
1050.566037735849,5.266840288966068e-16
1050.7169811320755,-9.734432367649212e-15
1050.867924528302,-2.587084759218338e-15
1051.0188679245282,-4.50364031150682e-15
1051.1698113207547,-3.834248478730201e-15
1051.3207547169811,-9.362614374571447e-15
1051.4716981132076,3.162384918454855e-15
1051.622641509434,-1.1805342535792984e-14
1051.7735849056603,-1.9919784486784753e-15
1051.9245283018868,-2.204206001915969e-15
1052.0754716981132,-9.69433472608309e-15
1052.2264150943397,-1.1533839119278516e-16
1052.377358490566,-7.439409298397925e-15
1052.5283018867924,-2.6881084794594537e-15
1052.6792452830189,-6.81096463477066e-15
1052.8301886792453,-2.406679569981961e-15
1052.9811320754718,-5.781431981177865e-15
1053.132075471698,-4.4417176692853034e-15
1053.2830188679245,-5.743358309285277e-15
1053.433962264151,-2.2611519473841455e-16
1053.5849056603774,-1.2027791777446915e-14
1053.7358490566037,2.769939898432358e-15
1053.8867924528302,-7.976910608802618e-15
1054.0377358490566,-6.55051803534783e-15
1054.188679245283,8.238859787912752e-16
1054.3396226415093,-9.760543305690302e-15
1054.4905660377358,-1.875557566465174e-15
1054.6415094339623,-4.994104098538926e-15
1054.7924528301887,-4.209483485388574e-15
1054.9433962264152,-6.4257864532583194e-15
1055.0943396226414,-1.3667900095267545e-15
1055.245283018868,-6.941101546996957e-15
1055.3962264150944,-4.418092581810239e-15
1055.5471698113208,-3.1431096656144138e-15
1055.698113207547,-4.158964135717753e-15
1055.8490566037735,-9.1365062885451e-15
1056.0,3.604512403419286e-15
1056.1509433962265,-1.1750247445286842e-14
1056.301886792453,-2.321856600313457e-15
1056.4528301886792,-7.730115971335606e-16
1056.6037735849056,-1.0653105580821543e-14
1056.754716981132,-1.4576843072815014e-17
1056.9056603773586,-5.872593848607291e-15
1057.0566037735848,-3.3815062046747766e-15
1057.2075471698113,-8.70845512395585e-15
1057.3584905660377,3.710749077384025e-15
1057.5094339622642,-1.3108898010072044e-14
1057.6603773584907,1.9280316818980388e-16
1057.811320754717,-2.6953313695396276e-15
1057.9622641509434,-1.0607502618454046e-14
1058.1132075471698,1.7551487715178307e-15
1058.2641509433963,-6.436282866040669e-15
1058.4150943396226,-7.187133534450869e-15
1058.566037735849,4.660762673741296e-16
1058.7169811320755,-7.357488736358633e-15
1058.867924528302,-5.133044796642778e-15
1059.0188679245282,-6.257887135221123e-16
1059.1698113207547,-9.625962025295395e-15
1059.3207547169811,2.524728286002259e-15
1059.4716981132076,-1.3674416941855402e-14
1059.622641509434,6.748208569849681e-15
1059.7735849056603,-1.393156109313642e-14
1059.9245283018868,5.38949451163941e-16
1060.0754716981132,-4.422200713462502e-15
1060.2264150943397,-5.279074921040353e-15
1060.377358490566,-6.130379385274264e-15
1060.5283018867924,9.448634242879242e-16
1060.6792452830189,-1.0328064911126097e-14
1060.8301886792453,-5.492406877115948e-17
1060.9811320754718,-6.358090881110312e-15
1061.132075471698,-2.9794839816211468e-15
1061.2830188679245,-5.495364773575187e-15
1061.433962264151,-3.907908771778546e-15
1061.5849056603774,-2.224236052639692e-15
1061.7358490566037,-9.049536517022515e-15
1061.8867924528302,2.0270204410653423e-15
1062.0377358490566,-9.486785951891646e-15
1062.188679245283,-1.9209759323938586e-15
1062.3396226415093,-3.5266804367209264e-15
1062.4905660377358,-5.617237205139012e-15
1062.6415094339623,-4.984507398023775e-15
1062.7924528301887,-4.846591067148392e-16
1062.9433962264152,-7.655412543738939e-15
1063.0943396226414,-6.014995932914551e-15
1063.245283018868,5.302018108209118e-15
1063.3962264150944,-1.7597189249564194e-14
1063.5471698113208,5.132819510982122e-15
1063.698113207547,-2.4799662939301407e-15
1063.8490566037735,-1.7097299366817893e-14
1064.0,1.3678030659048236e-14
1064.1509433962265,-1.857913864558225e-14
1064.301886792453,2.7209919188908593e-15
1064.4528301886792,-4.8721269231289145e-15
1064.6037735849056,-5.396882251145718e-15
1064.754716981132,-3.0160030122605428e-15
1064.9056603773586,-5.7820244400875786e-15
1065.0566037735848,-3.06566065599869e-16
1065.2075471698113,-9.303551681677888e-15
1065.3584905660377,-7.495164230414079e-16
1065.5094339622642,-1.7860907760020325e-15
1065.6603773584907,-1.3064466309776838e-14
1065.811320754717,8.943550358832575e-15
1065.9622641509434,-1.59377951071095e-14
1066.1132075471698,2.068047379702438e-15
1066.2641509433963,-2.5793262869607255e-15
1066.4150943396226,-1.1221267508156532e-14
1066.566037735849,4.687728234289912e-15
1066.7169811320755,-1.0124828344818576e-14
1066.867924528302,-2.4260216900911355e-15
1067.0188679245282,-1.6186347271358097e-15
1067.1698113207547,-8.671591214675396e-15
1067.3207547169811,1.5304929652082049e-15
1067.4716981132076,-9.13781145969242e-15
1067.622641509434,-6.719277419143569e-16
1067.7735849056603,-4.0393176883884715e-15
1067.9245283018868,-7.0572064030664775e-15
1068.0754716981132,-2.5509485174553987e-17
1068.2264150943397,-4.911677102433196e-15
1068.377358490566,-8.981537969680539e-15
1068.5283018867924,7.280735203037681e-15
1068.6792452830189,-1.8231143971158164e-14
1068.8301886792453,8.816343183112893e-15
1068.9811320754718,-1.1324837477734017e-14
1069.132075471698,-2.9328563807889472e-15
1069.2830188679245,-1.2147915757491352e-16
1069.433962264151,-9.20910381377376e-15
1069.5849056603774,-7.140813066525283e-17
1069.7358490566037,-4.193566412603905e-15
1069.8867924528302,-8.193720481649888e-15
1070.0377358490566,5.768563256767561e-15
1070.188679245283,-1.848846126112137e-14
1070.3396226415093,1.332962951329133e-14
1070.4905660377358,-1.8913170338005844e-14
1070.6415094339623,4.422106673714637e-15
1070.7924528301887,-3.8906190818188e-15
1070.9433962264152,-8.385801980843417e-15
1071.0943396226414,-8.803171805904489e-16
1071.245283018868,-1.1012826299360533e-15
1071.3962264150944,-1.0726838451457902e-14
1071.5471698113208,2.2732136296609206e-15
1071.698113207547,-5.521471503022192e-15
1071.8490566037735,-4.970408045609536e-15
1072.0,-3.916949709733378e-15
1072.1509433962265,-1.387311285443544e-16
1072.301886792453,-8.549048375906918e-15
1072.4528301886792,-1.9257919002585102e-15
1072.6037735849056,-1.320074506683189e-15
1072.754716981132,-7.49358390966285e-15
1072.9056603773586,-2.585832028407765e-15
1073.0566037735848,-1.2471040273500123e-15
1073.2075471698113,-7.565366793392734e-15
1073.3584905660377,-1.1035485771599582e-15
1073.5094339622642,-4.4800492188665876e-15
1073.6603773584907,-3.824346318567621e-15
1073.811320754717,-3.1339066620328112e-15
1073.9622641509434,-5.468207480736893e-15
1074.1132075471698,4.2964946137943663e-16
1074.2641509433963,-1.0112600002828872e-14
1074.4150943396226,3.7396357704795865e-15
1074.566037735849,-1.0064071000724394e-14
1074.7169811320755,4.648178922913212e-16
1074.867924528302,-5.688642821794198e-15
1075.0188679245282,-1.8348322963763547e-15
1075.1698113207547,-7.334175978284098e-15
1075.3207547169811,2.6133663913710075e-15
1075.4716981132076,-1.0803797704443808e-14
1075.622641509434,2.4137052874818475e-15
1075.7735849056603,-7.81812376511478e-15
1075.9245283018868,-4.155410584367632e-16
1076.0754716981132,-5.73492516082019e-15
1076.2264150943397,-4.117636811937142e-15
1076.377358490566,1.1816716072846905e-15
1076.5283018867924,-1.1750967520115416e-14
1076.6792452830189,5.65954423235802e-15
1076.8301886792453,-1.2241631392667486e-14
1076.9811320754718,4.600197701994282e-15
1077.132075471698,-1.0446340336253411e-14
1077.2830188679245,-6.336778456216574e-16
1077.433962264151,2.3034197436533695e-16
1077.5849056603774,-1.2468715373241264e-14
1077.7358490566037,4.799412935710623e-15
1077.8867924528302,-5.4175865363088216e-15
1078.0377358490566,-8.780456691391555e-15
1078.188679245283,5.003660719551253e-15
1078.3396226415093,-1.0610924201143368e-14
1078.4905660377358,7.181705768334982e-16
1078.6415094339623,-5.668730156437476e-15
1078.7924528301887,-2.3051255243287907e-15
1078.9433962264152,-3.0842044275225495e-15
1079.0943396226414,-6.208711072240795e-15
1079.245283018868,1.5433974487064628e-15
1079.3962264150944,-9.103505925863712e-15
1079.5471698113208,1.2492708530465772e-15
1079.698113207547,-6.3435181571464966e-15
1079.8490566037735,-1.7445722386494893e-15
1080.0,-4.749409689153237e-15
1080.1509433962265,-1.7264903914558317e-15
1080.301886792453,-5.318261004987569e-15
1080.4528301886792,-1.593537955842994e-15
1080.6037735849056,-4.681719714993783e-15
1080.754716981132,-2.466817465510047e-15
1080.9056603773586,-4.13716838944036e-15
1081.0566037735848,-2.421454393064745e-15
1081.2075471698113,-4.409137743433594e-15
1081.3584905660377,-2.3199807176522475e-15
1081.5094339622642,-4.099515485440115e-15
1081.6603773584907,-2.778379502774273e-15
1081.811320754717,-3.782578899174503e-15
1081.9622641509434,-2.7425294575599484e-15
1082.1132075471698,-3.951108160371415e-15
1082.2641509433963,-2.6787395758338495e-15
1082.4150943396226,-3.713556135647256e-15
1082.566037735849,-3.0200904436162895e-15
1082.7169811320755,-3.4774946184473695e-15
1082.867924528302,-2.9647914273588522e-15
1083.0188679245282,-3.6295591377381535e-15
1083.1698113207547,-2.9239324662386226e-15
1083.3207547169811,-3.369713877808119e-15
1083.4716981132076,-3.284245103021292e-15
1083.622641509434,-3.1375973304723873e-15
1083.7735849056603,-3.181912559380746e-15
1083.9245283018868,-3.3558256704032794e-15
1084.0754716981132,-3.1325937779868167e-15
1084.2264150943397,-2.981974318906662e-15
1084.377358490566,-3.687642343380792e-15
1084.5283018867924,-2.6336973549103892e-15
1084.6792452830189,-3.478170852463662e-15
1084.8301886792453,-3.120907908090562e-15
1084.9811320754718,-3.3101038595655668e-15
1085.132075471698,-2.3930023055455557e-15
1085.2830188679245,-4.623278881782835e-15
1085.433962264151,-1.5038259147704576e-15
1085.5849056603774,-4.015336075297649e-15
1085.7358490566037,-3.2193520646273667e-15
1085.8867924528302,-3.223143401017413e-15
1086.0377358490566,-8.415092465243438e-16
1086.188679245283,-8.3133199088455e-15
1086.3396226415093,3.596045021029539e-15
1086.4905660377358,-8.779868178638484e-15
1086.6415094339623,4.584767286552463e-16
1086.7924528301887,-5.211781068523975e-15
1086.9433962264152,-1.2117250812175521e-15
1087.0943396226414,-4.409251191331718e-15
1087.245283018868,-3.4695989299511553e-15
1087.3962264150944,-4.4496903972562e-17
1087.5471698113208,-8.052934027880334e-15
1087.698113207547,2.683584509795945e-15
1087.8490566037735,-8.22909892539721e-15
1088.0,7.694107310773817e-16
1088.1509433962265,-4.488958637208061e-15
1088.301886792453,-4.204948443225563e-15
1088.4528301886792,1.2838510688276512e-16
1088.6037735849056,-6.096645809320534e-15
1088.754716981132,-2.001662178172047e-15
1088.9056603773586,-2.3950042099118654e-16
1089.0566037735848,-9.968322129040085e-15
1089.2075471698113,7.544101964976089e-15
1089.3584905660377,-1.452900393728242e-14
1089.5094339622642,6.436503732032802e-15
1089.6603773584907,-7.663387666676349e-15
1089.811320754717,-2.906838609070009e-15
1089.9622641509434,-3.439320851736172e-16
1090.1132075471698,-5.419146551276654e-15
1090.2641509433963,-1.8997144501570747e-15
1090.4150943396226,-2.580250478626115e-15
1090.566037735849,-3.5158011195330573e-15
1090.7169811320755,-2.6281070083186627e-15
1090.867924528302,-2.7918625999475304e-15
1091.0188679245282,-2.824608578160078e-15
1091.1698113207547,-3.2857744110684318e-15
1091.3207547169811,-2.1785107071373932e-15
1091.4716981132076,-3.4068375086995206e-15
1091.622641509434,-2.5510024597639474e-15
1091.7735849056603,-2.9677240320510984e-15
1091.9245283018868,-2.5519921183795202e-15
1092.0754716981132,-3.3119475557714738e-15
1092.2264150943397,-2.239095572212258e-15
1092.377358490566,-3.1667100359986874e-15
1092.5283018867924,-2.6995667799406946e-15
1092.6792452830189,-2.7866010663415563e-15
1092.8301886792453,-2.578284745772934e-15
1092.9811320754718,-3.224593091544467e-15
1093.132075471698,-2.2939463188194977e-15
1093.2830188679245,-2.87976170687285e-15
1093.433962264151,-3.041529900887478e-15
1093.5849056603774,-2.3457254520821506e-15
1093.7358490566037,-2.7527484571757978e-15
1093.8867924528302,-3.1825179523062493e-15
1094.0377358490566,-2.2587283116430622e-15
1094.188679245283,-2.430623195723547e-15
1094.3396226415093,-3.944213608815166e-15
1094.4905660377358,-1.2186750338758922e-15
1094.6415094339623,-3.1632542635213614e-15
1094.7924528301887,-3.605826102983182e-15
1094.9433962264152,-1.7599302128206794e-15
1095.0943396226414,-1.1296962464931045e-15
1095.245283018868,-7.675601018696852e-15
1095.3962264150944,4.016371025040223e-15
1095.5471698113208,-7.696428992024216e-15
1095.698113207547,-8.00169088584811e-16
1095.8490566037735,-2.5908891349432978e-15
1096.0,-2.0525931683205687e-15
1096.1509433962265,-4.338231089143334e-15
1096.301886792453,-2.22874774553253e-15
1096.4528301886792,1.9368678664940215e-15
1096.6037735849056,-1.3177824643622646e-14
1096.754716981132,1.109637884556296e-14
1096.9056603773586,-1.4059417353882588e-14
1097.0566037735848,2.938716475734258e-15
1097.2075471698113,-2.295630557006662e-15
1097.3584905660377,-5.2648893610666145e-15
1097.5094339622642,-6.570921543032018e-16
1097.6603773584907,-2.780362791574407e-15
1097.811320754717,-2.711562980708267e-15
1097.9622641509434,-2.7719828503148127e-15
1098.1132075471698,-2.8185333710070435e-15
1098.2641509433963,5.561498956055629e-17
1098.4150943396226,-7.486929824461629e-15
1098.566037735849,2.8168314400689435e-15
1098.7169811320755,-5.299458536555452e-15
1098.867924528302,-3.758105090953515e-15
1099.0188679245282,2.8132347334622392e-15
1099.1698113207547,-1.0534569223892198e-14
1099.3207547169811,6.485083395532521e-15
1099.4716981132076,-1.0087000345783052e-14
1099.622641509434,2.734358490307676e-15
1099.7735849056603,-6.057864984382638e-15
1099.9245283018868,1.706952696846036e-15
1100.0754716981132,-7.633248102708172e-15
1100.2264150943397,1.5540908138024439e-15
1100.377358490566,-1.8294332942346255e-15
1100.5283018867924,-7.928744417250021e-15
1100.6792452830189,4.163774498233351e-15
1100.8301886792453,-4.620873451922584e-15
1100.9811320754718,-6.171866728326694e-15
1101.132075471698,3.3639146722511505e-15
1101.2830188679245,-3.12616813999959e-15
1101.433962264151,-1.035512615446726e-14
1101.5849056603774,1.175054616214015e-14
1101.7358490566037,-1.5417998891631804e-14
1101.8867924528302,3.838479563612645e-15
1102.0377358490566,-1.051054604806561e-15
1102.188679245283,-6.707867612301955e-15
1102.3396226415093,4.0986645602787934e-16
1102.4905660377358,-2.1644783382215217e-15
1102.6415094339623,-2.5007057825837434e-15
1102.7924528301887,-5.2965400342144774e-15
1102.9433962264152,4.210499689695186e-15
1103.0943396226414,-9.09900670880524e-15
1103.245283018868,1.2247875247710956e-15
1103.3962264150944,-9.972862688974197e-16
1103.5471698113208,-6.978102569085399e-15
1103.698113207547,3.648601291689975e-15
1103.8490566037735,-7.207236816673103e-15
1104.0,9.818488150966166e-17
1104.1509433962265,-7.318429441994904e-16
1104.301886792453,-6.682335531408461e-15
1104.4528301886792,1.924411569272704e-15
1104.6037735849056,-2.356049922955048e-15
1104.754716981132,-6.539349684679751e-15
1104.9056603773586,3.3861182909396298e-15
1105.0566037735848,-4.498585252864671e-15
1105.2075471698113,-5.088422940516633e-15
1105.3584905660377,4.31543863247005e-15
1105.5094339622642,-8.353226736721226e-15
1105.6603773584907,5.16322460177794e-16
1105.811320754717,-4.6629129345943537e-17
1105.9622641509434,-8.23697392363136e-15
1106.1132075471698,6.249047105215038e-15
1106.2641509433963,-1.0410683441941462e-14
1106.4150943396226,3.607539996662567e-15
1106.566037735849,-3.489303702250056e-15
1106.7169811320755,-4.623500867778582e-15
1106.867924528302,1.3996519439731721e-15
1107.0188679245282,-2.135505141104816e-15
1107.1698113207547,-8.597402595871457e-15
1107.3207547169811,1.0687791991157786e-14
1107.4716981132076,-1.6881514700698497e-14
1107.622641509434,9.565658869270724e-15
1107.7735849056603,-7.579307233910249e-15
1107.9245283018868,-1.269451404632477e-15
1108.0754716981132,-1.5707633478740545e-15
1108.2264150943397,-1.4589504142457223e-15
1108.377358490566,-2.6408830653485904e-15
1108.5283018867924,-3.543316080164728e-15
1108.6792452830189,2.090045712559958e-15
1108.8301886792453,-5.9818979698021545e-15
1108.9811320754718,-1.5320335136958016e-15
1109.132075471698,2.521625715377958e-15
1109.2830188679245,-9.825190313875794e-15
1109.433962264151,6.430196830161652e-15
1109.5849056603774,-8.880033461536301e-15
1109.7358490566037,3.2240752860180197e-15
1109.8867924528302,-5.977642379863952e-15
1110.0377358490566,1.8585433616170235e-15
1110.188679245283,-6.425886536724416e-15
1110.3396226415093,4.367675901470506e-15
1110.4905660377358,-1.0282620693648407e-14
1110.6415094339623,7.639198910197398e-15
1110.7924528301887,-1.1003955479536366e-14
1110.9433962264152,5.848245577792037e-15
1111.0943396226414,-8.072160076559828e-15
1111.245283018868,2.8611730144973388e-15
1111.3962264150944,-5.2061513327040954e-15
1111.5471698113208,7.665782628880193e-16
1111.698113207547,-4.788159778011285e-15
1111.8490566037735,1.7849309650240664e-15
1112.0,-4.944605756390148e-15
1112.1509433962265,-1.0884369860642435e-15
1112.301886792453,6.926486268893127e-16
1112.4528301886792,-6.474463396720284e-15
1112.6037735849056,2.853643827638984e-15
1112.754716981132,-4.7359472891454424e-15
1112.9056603773586,-7.705347534051387e-16
1113.0566037735848,-1.777699189522253e-15
1113.2075471698113,-1.7078350388273504e-15
1113.3584905660377,-2.2799144027514194e-15
1113.5094339622642,-1.1098240339485626e-15
1113.6603773584907,-1.9194910647325306e-15
1113.811320754717,-2.313632354015837e-15
1113.9622641509434,-6.416089731685638e-16
1114.1132075471698,-2.7873364586521226e-15
1114.2641509433963,-1.0664583509152061e-15
1114.4150943396226,-2.0095672670229053e-15
1114.566037735849,-1.2498411800215464e-15
1114.7169811320755,-2.8368298183824806e-15
1114.867924528302,2.8537406411549853e-16
1115.0188679245282,-3.986112015053817e-15
1115.1698113207547,1.3161234283525433e-16
1115.3207547169811,-2.447225917568754e-15
1115.4716981132076,-1.3602472044667177e-15
1115.622641509434,-3.059874045085754e-15
1115.7735849056603,2.3470055732406424e-15
1115.9245283018868,-7.855970275119004e-15
1116.0754716981132,4.639693797823509e-15
1116.2264150943397,-6.1485083825124586e-15
1116.377358490566,1.890988501372516e-15
1116.5283018867924,-6.132002148581143e-15
1116.6792452830189,3.794345061300106e-15
1116.8301886792453,-4.0564930081661406e-15
1116.9811320754718,-5.997719616842902e-15
1117.132075471698,8.827481817808563e-15
1117.2830188679245,-1.1605072578677662e-14
1117.433962264151,1.5500990717858107e-15
1117.5849056603774,3.352177065635954e-15
1117.7358490566037,-9.8442870467947e-15
1117.8867924528302,4.729742906720481e-15
1118.0377358490566,-4.0037474212443824e-15
1118.188679245283,-9.829192929570458e-16
1118.3396226415093,-2.1156053096998334e-15
1118.4905660377358,-1.551665489127449e-15
1118.6415094339623,1.988667909522476e-15
1118.7924528301887,-1.0205965242076508e-14
1118.9433962264152,1.0853570508554493e-14
1119.0943396226414,-1.316345626487885e-14
1119.245283018868,5.54657115836627e-15
1119.3962264150944,-2.5288863874578956e-15
1119.5471698113208,-4.707134750337641e-15
1119.698113207547,3.0083341336084255e-15
1119.8490566037735,-4.010098547375182e-15
1120.0,-2.7472861940948843e-15
1120.1509433962265,3.736530683839626e-15
1120.301886792453,-8.11531291124973e-15
1120.4528301886792,3.4535323703182524e-15
1120.6037735849056,-2.3138103207769514e-15
1120.754716981132,-3.988386994180131e-15
1120.9056603773586,2.58805903764256e-15
1121.0566037735848,-5.16363580799165e-15
1121.2075471698113,2.17186951404557e-15
1121.3584905660377,-5.01171538230272e-15
1121.5094339622642,1.4539007282554975e-15
1121.6603773584907,-1.3765940075749256e-15
1121.811320754717,-5.0143973273548264e-15
1121.9622641509434,3.99536511152243e-15
1122.1132075471698,-3.7585512664026366e-15
1122.2641509433963,-6.055110173908361e-15
1122.4150943396226,1.1062990080699898e-14
1122.566037735849,-1.691183574669832e-14
1122.7169811320755,1.0814379632162666e-14
1122.867924528302,-5.829736166064866e-15
1123.0188679245282,-2.5745996467137973e-15
1123.1698113207547,-1.5185614416159697e-16
1123.3207547169811,2.5176335694850714e-15
1123.4716981132076,-9.286123573809494e-15
1123.622641509434,6.023614606948861e-15
1123.7735849056603,-3.86137243398243e-15
1123.9245283018868,-2.0777166040681786e-15
1124.0754716981132,-2.0813040122230433e-15
1124.2264150943397,4.8243560459356735e-15
1124.377358490566,-9.985405692563893e-15
1124.5283018867924,2.929255691748629e-15
1124.6792452830189,5.2700349356119605e-15
1124.8301886792453,-1.724254501311253e-14
1124.9811320754718,1.629208975635294e-14
1125.132075471698,-1.0632115610608425e-14
1125.2830188679245,-3.913415772048767e-15
1125.433962264151,9.99799787516342e-15
1125.5849056603774,-1.1994341201794127e-14
1125.7358490566037,1.278290474083618e-15
1125.8867924528302,7.754645500789957e-15
1126.0377358490566,-1.8607290669072832e-14
1126.188679245283,1.9202906727177356e-14
1126.3396226415093,-1.9147114896719255e-14
1126.4905660377358,1.1705107128326104e-14
1126.6415094339623,-8.2456564932114e-15
1126.7924528301887,1.693116038424848e-15
1126.9433962264152,-1.794217521057978e-15
1127.0943396226414,-8.316854409984125e-16
1127.245283018868,-1.0315207906239323e-15
1127.3962264150944,-2.0343149885279666e-15
1127.5471698113208,4.84545832402608e-16
1127.698113207547,-1.7274218978622807e-15
1127.8490566037735,-2.12797893874566e-15
1128.0,2.8340306525208565e-16
1128.1509433962265,5.602718018926951e-16
1128.301886792453,-7.553511924060408e-15
1128.4528301886792,8.752851118489854e-15
1128.6037735849056,-9.331868321911342e-15
1128.754716981132,1.7190145260853457e-15
1128.9056603773586,1.814448318482731e-15
1129.0566037735848,-4.773467076134189e-15
1129.2075471698113,-2.120648574645169e-15
1129.3584905660377,7.810409536536996e-15
1129.5094339622642,-1.4918193923724182e-14
1129.6603773584907,1.2543722424392743e-14
1129.811320754717,-1.0243256953799037e-14
1129.9622641509434,5.156999611915364e-15
1130.1132075471698,-7.61462953832679e-15
1130.2641509433963,7.426805746971122e-15
1130.4150943396226,-7.087742929883645e-15
1130.566037735849,-2.1088937835180754e-15
1130.7169811320755,7.68838185784827e-15
1130.867924528302,-1.0214946946010201e-14
1131.0188679245282,9.414486445792681e-16
1131.1698113207547,7.109454584430713e-15
1131.3207547169811,-1.3304869233601775e-14
1131.4716981132076,7.731707260468393e-15
1131.622641509434,-1.7549605437169486e-15
1131.7735849056603,-4.673424722523576e-15
1131.9245283018868,1.2072180884506928e-15
1132.0754716981132,2.8304419038630735e-15
1132.2264150943397,-8.743243069498695e-15
1132.377358490566,5.619726326173615e-15
1132.5283018867924,-2.334837095117333e-16
1132.6792452830189,-9.952899788950436e-15
1132.8301886792453,1.2742840163734836e-14
1132.9811320754718,-1.1334146968893643e-14
1133.132075471698,6.22401044936213e-16
1133.2830188679245,7.61518070990477e-15
1133.433962264151,-1.3856645359660082e-14
1133.5849056603774,8.87130201030654e-15
1133.7358490566037,-6.957511818579171e-16
1133.8867924528302,-1.1065715154689556e-14
1134.0377358490566,1.345177148767784e-14
1134.188679245283,-9.299725042996418e-15
1134.3396226415093,-3.868932457454888e-15
1134.4905660377358,1.1404422129526103e-14
1134.6415094339623,-1.2101574248332537e-14
1134.7924528301887,8.860928540217602e-16
1134.9433962264152,7.998469708199192e-15
1135.0943396226414,-1.1524968532745964e-14
1135.245283018868,2.558440313918824e-15
1135.3962264150944,6.583162601229284e-15
1135.5471698113208,-1.2872113126120088e-14
1135.698113207547,7.30733384964236e-15
1135.8490566037735,9.374360656792795e-16
1136.0,-1.0098344070722733e-14
1136.1509433962265,1.0134888920798684e-14
1136.301886792453,-7.404639458613179e-15
1136.4528301886792,1.546980443533914e-15
1136.6037735849056,-1.4094914382261893e-15
1136.754716981132,1.2473980267778133e-15
1136.9056603773586,-2.7804951226915743e-15
1137.0566037735848,-1.0447451810064902e-15
1137.2075471698113,3.9685584974102756e-15
1137.3584905660377,-7.894415924103502e-15
1137.5094339622642,6.429464611811446e-15
1137.6603773584907,-5.515897279997312e-15
1137.811320754717,2.780563678346202e-15
1137.9622641509434,-4.01589677533395e-15
1138.1132075471698,3.618659312743335e-15
1138.2641509433963,-4.440600332485593e-15
1138.4150943396226,1.7390924849301919e-15
1138.566037735849,-1.8319421719050166e-15
1138.7169811320755,2.3281383053381613e-15
1138.867924528302,-7.06012879699787e-15
1139.0188679245282,8.616936663615348e-15
1139.1698113207547,-8.410233202842474e-15
1139.3207547169811,2.7907914831154285e-15
1139.4716981132076,6.423881239551872e-16
1139.622641509434,-3.0385938781198416e-15
1139.7735849056603,1.055454867224049e-15
1139.9245283018868,-1.797344129808428e-15
1140.0754716981132,3.124965380252421e-15
1140.2264150943397,-6.906945450546006e-15
1140.377358490566,5.679186517657347e-15
1140.5283018867924,-1.9303335980091735e-15
1140.6792452830189,-4.927559196251617e-15
1140.8301886792453,6.596929253973214e-15
1140.9811320754718,-4.821097478552537e-15
1141.132075471698,-1.081399290989714e-15
1141.2830188679245,2.724725419039829e-15
1141.433962264151,-5.633859691023957e-16
1141.5849056603774,-7.32656706042649e-15
1141.7358490566037,1.3131106263958101e-14
1141.8867924528302,-1.6086620739065203e-14
1142.0377358490566,1.2713519383972095e-14
1142.188679245283,-9.134237082704492e-15
1142.3396226415093,5.4593177018494475e-15
1142.4905660377358,-5.493947858863152e-15
1142.6415094339623,5.172725716465801e-15
1142.7924528301887,-6.11146383196002e-15
1142.9433962264152,4.9222115670453756e-15
1143.0943396226414,-4.403218138638492e-15
1143.245283018868,2.356614352783495e-15
1143.3962264150944,-2.221608204235953e-15
1143.5471698113208,1.6874095849091658e-15
1143.698113207547,-2.755858879643331e-15
1143.8490566037735,2.1826445209189495e-15
1144.0,-2.150338927721804e-15
1144.1509433962265,3.8740118264271774e-16
1144.301886792453,4.725960642059479e-16
1144.4528301886792,-1.9290415714830755e-15
1144.6037735849056,8.326967767012463e-16
1144.754716981132,2.991319289181873e-16
1144.9056603773586,-1.290868099870576e-15
1145.0566037735848,-2.1041363979942898e-15
1145.2075471698113,7.09370403131118e-15
1145.3584905660377,-1.199628774599024e-14
1145.5094339622642,1.2033685249399959e-14
1145.6603773584907,-9.675507906631099e-15
1145.811320754717,6.08375342705107e-15
1145.9622641509434,-4.860689751418867e-15
1146.1132075471698,3.615210258338394e-15
1146.2641509433963,-2.216909495710229e-15
1146.4150943396226,-1.3703984812207556e-15
1146.566037735849,4.287429999008327e-15
1146.7169811320755,-6.120186064011919e-15
1146.867924528302,4.678014082011406e-15
1147.0188679245282,-2.2213823069647238e-15
1147.1698113207547,-3.99889355015565e-16
1147.3207547169811,-1.1592271415156355e-16
1147.4716981132076,2.8553788703232027e-15
1147.622641509434,-6.708798982073445e-15
1147.7735849056603,7.541135036372435e-15
1147.9245283018868,-5.492577542555382e-15
1148.0754716981132,1.895600374679016e-15
1148.2264150943397,-7.156219142213085e-16
1148.377358490566,1.6243149212637834e-15
1148.5283018867924,-2.79852829332185e-15
1148.6792452830189,3.6293016618974407e-16
1148.8301886792453,5.209838946810477e-15
1148.9811320754718,-1.1149774637926791e-14
1149.132075471698,1.2785778353362912e-14
1149.2830188679245,-9.836093779222144e-15
1149.433962264151,5.00132795855969e-15
1149.5849056603774,-2.597994707438262e-15
1149.7358490566037,3.094002175478495e-15
1149.8867924528302,-4.194001861121806e-15
1150.0377358490566,2.548571745782645e-15
1150.188679245283,2.010773186314985e-15
1150.3396226415093,-6.748166647709589e-15
1150.4905660377358,7.693752765319798e-15
1150.6415094339623,-3.600917686566477e-15
1150.7924528301887,-2.473413127667871e-15
1150.9433962264152,5.350557716334748e-15
1151.0943396226414,-2.0786678234800598e-15
1151.245283018868,-5.008704698537473e-15
1151.3962264150944,1.0768075311650484e-14
1151.5471698113208,-1.0709983934753814e-14
1151.698113207547,5.074655990979934e-15
1151.8490566037735,2.8977019732586718e-15
1152.0,-8.297023290317071e-15
1152.1509433962265,8.824480942807038e-15
1152.301886792453,-3.67598748041422e-15
1152.4528301886792,-4.52138753646666e-15
1152.6037735849056,1.2470913519584702e-14
1152.754716981132,-1.4886953898167308e-14
1152.9056603773586,1.0185330673726342e-14
1153.0566037735848,-2.0871625376419908e-16
1153.2075471698113,-7.434495819100742e-15
1153.3584905660377,7.901375411703553e-15
1153.5094339622642,-4.529538392487033e-16
1153.6603773584907,-7.937363862268226e-15
1153.811320754717,1.1931515598940263e-14
1153.9622641509434,-8.661544674394767e-15
1154.1132075471698,2.580081844794241e-15
1154.2641509433963,2.9185230973343698e-15
1154.4150943396226,-4.14850020451475e-15
1154.566037735849,2.8578794435108285e-15
1154.7169811320755,5.855082411394832e-16
1154.867924528302,-2.8611571316487637e-15
1155.0188679245282,3.68171978582608e-15
1155.1698113207547,-5.204971318973103e-16
1155.3207547169811,-3.809944779090914e-15
1155.4716981132076,7.312046890843067e-15
1155.622641509434,-4.8067359298006695e-15
1155.7735849056603,-1.8497225450623957e-15
1155.9245283018868,1.0203217780916036e-14
1156.0754716981132,-1.313055573422595e-14
1156.2264150943397,1.0198139656808519e-14
1156.377358490566,-1.6164730272471469e-15
1156.5283018867924,-5.604176772529484e-15
1156.6792452830189,9.1458509673334e-15
1156.8301886792453,-5.8800286939916335e-15
1156.9811320754718,5.510890516530134e-16
1157.132075471698,5.178456916034659e-15
1157.2830188679245,-6.699458619501986e-15
1157.433962264151,6.696548710806592e-15
1157.5849056603774,-4.725591122955572e-15
1157.7358490566037,4.681002808820976e-15
1157.8867924528302,-4.065335469269699e-15
1158.0377358490566,4.571335776592192e-15
1158.188679245283,-3.3903338066690783e-15
1158.3396226415093,4.084644490702093e-15
1158.4905660377358,-4.871792471929824e-15
1158.6415094339623,7.905726692443729e-15
1158.7924528301887,-8.6750235046272e-15
1158.9433962264152,9.085385078943338e-15
1159.0943396226414,-6.954924821898427e-15
1159.245283018868,6.304297863031995e-15
1159.3962264150944,-4.233924763256792e-15
1159.5471698113208,3.4504251113556788e-15
1159.698113207547,-1.2905842290497656e-15
1159.8490566037735,1.919002442032671e-15
1160.0,-2.2593053508303164e-15
1160.1509433962265,4.000539257987806e-15
1160.301886792453,-1.614176864826219e-15
1160.4528301886792,-2.221908155236931e-15
1160.6037735849056,8.797226447046847e-15
1160.754716981132,-1.0940750036187976e-14
1160.9056603773586,9.78003708382154e-15
1161.0566037735848,-2.7793631540140557e-15
1161.2075471698113,-2.724456703888642e-15
1161.3584905660377,6.860916861574237e-15
1161.5094339622642,-5.099172443027749e-15
1161.6603773584907,3.308493008562852e-15
1161.811320754717,-6.777203021014726e-16
1161.9622641509434,2.556766863570489e-15
1162.1132075471698,-3.95333042671629e-15
1162.2641509433963,6.263523665796445e-15
1162.4150943396226,-3.74422009294983e-15
1162.566037735849,1.538521435097997e-15
1162.7169811320755,9.438552583313412e-16
1162.867924528302,3.3112771242368932e-15
1163.0188679245282,-8.698521796211483e-15
1163.1698113207547,1.392283207815156e-14
1163.3207547169811,-9.742279964790687e-15
1163.4716981132076,1.7043282575337727e-15
1163.622641509434,7.347041336754927e-15
1163.7735849056603,-6.006895376044287e-15
1163.9245283018868,-1.1134038133507656e-15
1164.0754716981132,1.1646683353795646e-14
1164.2264150943397,-1.3952545508552078e-14
1164.377358490566,1.1840616569847333e-14
1164.5283018867924,-5.6225769710451694e-15
1164.6792452830189,5.472671728816654e-15
1164.8301886792453,-7.453651275034897e-15
1164.9811320754718,1.2660059786794734e-14
1165.132075471698,-1.152837741805175e-14
1165.2830188679245,7.768466426810728e-15
1165.433962264151,3.987703362230409e-16
1165.5849056603774,-3.0972356576588105e-15
1165.7358490566037,3.4937054879849776e-15
1165.8867924528302,1.131903883382462e-15
1166.0377358490566,-1.3895603009925505e-15
1166.188679245283,7.679236278837733e-16
1166.3396226415093,4.1659947209766394e-15
1166.4905660377358,-4.852198410285081e-15
1166.6415094339623,5.440760146880225e-15
1166.7924528301887,-1.8313645958370585e-15
1166.9433962264152,1.5129324074099112e-15
1167.0943396226414,7.877326014176545e-16
1167.245283018868,-6.061558838225056e-16
1167.3962264150944,4.235050116172021e-15
1167.5471698113208,-5.051632430948237e-15
1167.698113207547,7.55898087369506e-15
1167.8490566037735,-5.573892977619962e-15
1168.0,5.369584909587258e-15
1168.1509433962265,-1.6178181721211394e-15
1168.301886792453,1.3389312587973147e-15
1168.4528301886792,-2.1528102894094735e-17
1168.6037735849056,4.191648703051302e-15
1168.754716981132,-5.85118545065105e-15
1168.9056603773586,8.29102031607129e-15
1169.0566037735848,-4.255187317982217e-15
1169.2075471698113,1.8910374225779818e-15
1169.3584905660377,2.284920917554658e-15
1169.5094339622642,-1.0888675624352634e-15
1169.6603773584907,2.7570772025791574e-15
1169.811320754717,-2.741644392819829e-15
1169.9622641509434,6.705801785680163e-15
1170.1132075471698,-5.173897844971242e-15
1170.2641509433963,3.776135039028934e-15
1170.4150943396226,6.978318321518651e-16
1170.566037735849,3.289940844753424e-15
1170.7169811320755,-9.245718834750761e-15
1170.867924528302,1.7769683113129763e-14
1171.0188679245282,-1.4848851357592942e-14
1171.1698113207547,6.965084571812261e-15
1171.3207547169811,5.037024631502808e-15
1171.4716981132076,-5.301788153522668e-15
1171.622641509434,-3.5196968297183327e-16
1171.7735849056603,1.1376086515720168e-14
1171.9245283018868,-1.1765632894485923e-14
1172.0754716981132,7.050101964006756e-15
1172.2264150943397,3.825393708455656e-15
1172.377358490566,-6.5094898548024274e-15
1172.5283018867924,6.745004614331758e-15
1172.6792452830189,-7.65706632981471e-16
1172.8301886792453,-1.3546299269945938e-16
1172.9811320754718,2.8211949872958482e-15
1173.132075471698,-1.5808196897622746e-15
1173.2830188679245,5.30963722883133e-15
1173.433962264151,-5.762905181010077e-15
1173.5849056603774,8.968323306983472e-15
1173.7358490566037,-6.341287640214614e-15
1173.8867924528302,6.298656520634851e-15
1174.0377358490566,-2.5399506678432433e-15
1174.188679245283,3.994310116146048e-15
1174.3396226415093,-2.6373911139693144e-15
1174.4905660377358,5.375201968366604e-15
1174.6415094339623,-3.2457598648623774e-15
1174.7924528301887,4.273832357427524e-15
1174.9433962264152,-1.2986270435508599e-15
1175.0943396226414,3.436111933974201e-15
1175.245283018868,-2.480505616002888e-15
1175.3962264150944,5.4648103952382215e-15
1175.5471698113208,-2.8081753532137746e-15
1175.698113207547,2.9880535890927704e-15
1175.8490566037735,3.4591102988638006e-16
1176.0,3.321164379459565e-15
1176.1509433962265,-5.179504401415591e-15
1176.301886792453,1.0594445957753848e-14
1176.4528301886792,-7.723551438401833e-15
1176.6037735849056,4.9828272335872995e-15
1176.754716981132,2.925727925776397e-15
1176.9056603773586,-3.321866975944485e-15
1177.0566037735848,3.941206360068855e-15
1177.2075471698113,1.1511208793385314e-15
1177.3584905660377,7.253704348216802e-16
1177.5094339622642,-1.6361055318346373e-15
1177.6603773584907,7.577607139271002e-15
1177.811320754717,-5.623352649214624e-15
1177.9622641509434,3.625211378608143e-15
1178.1132075471698,4.8079836542944915e-15
1178.2641509433963,-6.4251313131055664e-15
1178.4150943396226,8.229269861630593e-15
1178.566037735849,-2.459550965414404e-15
1178.7169811320755,2.1173989277726842e-15
1178.867924528302,-7.072291195590269e-16
1179.0188679245282,6.946203381315229e-15
1179.1698113207547,-7.962203699539115e-15
1179.3207547169811,1.0002840329894998e-14
1179.4716981132076,-3.438099525193978e-15
1179.622641509434,5.045425759733365e-16
1179.7735849056603,5.335086871222428e-15
1179.9245283018868,-3.321112576186286e-15
1180.0754716981132,3.9854397274618e-15
1180.2264150943397,7.972851643364345e-16
1180.377358490566,5.0800989117698984e-17
1180.5283018867924,2.3074112617825684e-15
1180.6792452830189,2.2825426671741438e-15
1180.8301886792453,-2.952273866849786e-15
1180.9811320754718,7.501313657195861e-15
1181.132075471698,-4.156213789817507e-15
1181.2830188679245,3.047852320349257e-15
1181.433962264151,3.920837851408188e-15
1181.5849056603774,-4.399634516410934e-15
1181.7358490566037,7.541445300578273e-15
1181.8867924528302,-3.589970651363768e-15
1182.0377358490566,3.975036709305821e-15
1182.188679245283,2.562707250375297e-16
1182.3396226415093,2.4191890802695403e-15
1182.4905660377358,-1.9371599455381744e-15
1182.6415094339623,7.442798731445867e-15
1182.7924528301887,-6.2209610937107e-15
1182.9433962264152,7.532587075374088e-15
1183.0943396226414,-1.8096937231533505e-15
1183.245283018868,1.6583879898375308e-15
1183.3962264150944,2.9287514584744375e-15
1183.5471698113208,-2.3411929415569436e-15
1183.698113207547,7.826896211634537e-15
1183.8490566037735,-6.73016144371566e-15
1184.0,7.151629085352768e-15
1184.1509433962265,1.9580931212081887e-15
1184.301886792453,-6.25968949447709e-15
1184.4528301886792,1.223211313330272e-14
1184.6037735849056,-6.850411681533027e-15
1184.754716981132,2.863555120820883e-15
1184.9056603773586,6.925181385920962e-15
1185.0566037735848,-7.980424633889135e-15
1185.2075471698113,1.0144593467356547e-14
1185.3584905660377,-2.8164233820952425e-15
1185.5094339622642,-9.641868769660593e-16
1185.6603773584907,1.0055491268709305e-14
1185.811320754717,-1.049626069151023e-14
1185.9622641509434,1.1868612745563479e-14
1186.1132075471698,-2.9641654740849847e-15
1186.2641509433963,-1.8996782614459983e-15
1186.4150943396226,9.961094411745676e-15
1186.566037735849,-6.922948412066167e-15
1186.7169811320755,5.750325139657799e-15
1186.867924528302,7.426537056582264e-16
1187.0188679245282,2.292401540943944e-15
1187.1698113207547,-1.4791629608251128e-15
1187.3207547169811,3.7097566869801564e-15
1187.4716981132076,5.6481443615688246e-15
1187.622641509434,-1.1797117918274868e-14
1187.7735849056603,1.9965575829696366e-14
1187.9245283018868,-1.3908972340238744e-14
1188.0754716981132,8.052752854599593e-15
1188.2264150943397,2.5072255980530395e-15
1188.377358490566,-5.539996138281254e-16
1188.5283018867924,-1.7337500898625608e-16
1188.6792452830189,5.372742286631672e-15
1188.8301886792453,2.011314636259236e-15
1188.9811320754718,-8.181697237873185e-15
1189.132075471698,1.8592753063847438e-14
1189.2830188679245,-1.4561553056006768e-14
1189.433962264151,8.093525440038973e-15
1189.5849056603774,7.126201088433043e-15
1189.7358490566037,-1.116749815245788e-14
1189.8867924528302,1.3824831704638776e-14
1190.0377358490566,-5.92184059727564e-15
1190.188679245283,5.173523031638728e-15
1190.3396226415093,-8.86802159158343e-16
1190.4905660377358,3.846678975107554e-15
1190.6415094339623,1.0098591198838483e-15
1190.7924528301887,-8.640967702824904e-16
1190.9433962264152,6.624486272715492e-15
1191.0943396226414,-4.343293887893482e-15
1191.245283018868,7.583203033751357e-15
1191.3962264150944,-4.537120504373337e-15
1191.5471698113208,8.289958089011112e-15
1191.698113207547,-5.214248557801796e-15
1191.8490566037735,7.809819579723146e-15
1192.0,-2.745231414977795e-15
1192.1509433962265,3.3517664066052727e-15
1192.301886792453,2.352498172271632e-15
1192.4528301886792,5.5848452955569345e-16
1192.6037735849056,9.142708946061716e-16
1192.754716981132,3.983227803890773e-15
1192.9056603773586,1.4306260826816317e-15
1193.0566037735848,-4.173981088795756e-15
1193.2075471698113,1.3900132200680483e-14
1193.3584905660377,-1.2410493147666654e-14
1193.5094339622642,1.1802098062030836e-14
1193.6603773584907,-1.6023040313354556e-15
1193.811320754717,3.179223569352087e-17
1193.9622641509434,4.056238951332997e-15
1194.1132075471698,1.907571082714017e-15
1194.2641509433963,-1.1492521606763742e-15
1194.4150943396226,5.025885683519073e-15
1194.566037735849,1.8498146267958185e-16
1194.7169811320755,1.5668205073028388e-15
1194.867924528302,1.2560651233908218e-15
1195.0188679245282,5.472610109633808e-15
1195.1698113207547,-5.623317371477097e-15
1195.3207547169811,1.0261472746185126e-14
1195.4716981132076,-3.828781648544367e-15
1195.622641509434,1.2692184115871355e-15
1195.7735849056603,8.678134350900492e-15
1195.9245283018868,-8.63723672026281e-15
1196.0754716981132,1.0840615151668393e-14
1196.2264150943397,-1.3955045858668797e-15
1196.377358490566,-2.77579266953697e-15
1196.5283018867924,1.2090841547277324e-14
1196.6792452830189,-9.416990454637317e-15
1196.8301886792453,9.601168966261023e-15
1196.9811320754718,-1.672505170747431e-15
1197.132075471698,3.5279079147372933e-15
1197.2830188679245,-1.0948199242093769e-15
1197.433962264151,6.121548196076864e-15
1197.5849056603774,-6.96773274171049e-16
1197.7358490566037,-1.202970441261021e-15
1197.8867924528302,1.1217197740409092e-14
1198.0377358490566,-1.0260323017834456e-14
1198.188679245283,1.101394639131739e-14
1198.3396226415093,-8.424657386596559e-16
1198.4905660377358,-9.194667294694925e-16
1198.6415094339623,6.178498004585588e-15
1198.7924528301887,-1.0963131827304388e-15
1198.9433962264152,4.093465624481436e-15
1199.0943396226414,-2.276016383364378e-15
1199.245283018868,9.218916742139989e-15
1199.3962264150944,-6.518450490495446e-15
1199.5471698113208,7.319977294637478e-15
1199.698113207547,2.2429855085817557e-15
1199.8490566037735,-3.4841131399773746e-15
1200.0,8.295573214858867e-15
1200.1509433962265,-7.188887280275499e-16
1200.301886792453,-1.3353346397464957e-15
1200.4528301886792,8.883228274356548e-15
1200.6037735849056,-3.783970877294937e-15
1200.754716981132,2.3792502776948704e-15
1200.9056603773586,6.884916101910636e-15
1201.0566037735848,-4.952427718085487e-15
1201.2075471698113,6.977963200574672e-15
1201.3584905660377,-3.991855785015739e-16
1201.5094339622642,4.165074045497533e-15
1201.6603773584907,-3.1298746877242937e-15
1201.811320754717,1.0173804572717547e-14
1201.9622641509434,-6.324709524655896e-15
1202.1132075471698,6.583628043948211e-15
1202.2641509433963,2.6405459995002324e-15
1202.4150943396226,-2.55808021650073e-15
1202.566037735849,7.474851596556151e-15
1202.7169811320755,-1.872823813779543e-15
1202.867924528302,3.1157899060702497e-15
1203.0188679245282,3.0636085420673153e-15
1203.1698113207547,9.012150644459343e-16
1203.3207547169811,4.469101996312805e-16
1203.4716981132076,7.573677278382453e-15
1203.622641509434,-5.8601155241650115e-15
1203.7735849056603,8.266530307091576e-15
1203.9245283018868,7.560961251688483e-16
1204.0754716981132,-1.6229205914725105e-15
1204.2264150943397,7.359781375141625e-15
1204.377358490566,-1.4557864572601123e-15
1204.5283018867924,3.2919544382703504e-15
1204.6792452830189,2.5800137031355545e-16
1204.8301886792453,7.289622871161938e-15
1204.9811320754718,-6.1295481975885476e-15
1205.132075471698,9.290895604871794e-15
1205.2830188679245,-1.9406886258967342e-16
1205.433962264151,-1.0928036580977146e-15
1205.5849056603774,7.438699744482836e-15
1205.7358490566037,-1.7545409057443904e-15
1205.8867924528302,3.850270919932079e-15
1206.0377358490566,-3.4990627438070734e-16
1206.188679245283,7.915138864626791e-15
1206.3396226415093,-6.27095876926436e-15
1206.4905660377358,9.177419461266083e-15
1206.6415094339623,-6.342992033503395e-16
1206.7924528301887,1.4110662160038728e-15
1206.9433962264152,2.766075284968823e-15
1207.0943396226414,3.865647594908925e-15
1207.245283018868,-9.008138892112945e-16
1207.3962264150944,3.5012173515152056e-15
1207.5471698113208,4.2559440327290244e-15
1207.698113207547,-2.8312777506783164e-15
1207.8490566037735,8.15171176804448e-15
1208.0,-3.3736246646297573e-15
1208.1509433962265,6.21222141090818e-15
1208.301886792453,6.342576647608142e-16
1208.4528301886792,5.035950407908755e-16
1208.6037735849056,6.126785010890395e-15
1208.754716981132,-1.3049509962374337e-15
1208.9056603773586,2.167310620555051e-15
1209.0566037735848,6.832792823400904e-15
1209.2075471698113,-5.549981777169675e-15
1209.3584905660377,1.0083219351159186e-14
1209.5094339622642,-3.597714734752118e-15
1209.6603773584907,5.7603146126007465e-15
1209.811320754717,-7.698312906683601e-16
1209.9622641509434,6.535449890642286e-15
1210.1132075471698,-3.860945308532307e-15
1210.2641509433963,8.408598890176175e-15
1210.4150943396226,-1.7687350434851298e-15
1210.566037735849,3.783349203125423e-15
1210.7169811320755,-4.5300710133042396e-17
1210.867924528302,9.766791436044894e-15
1211.0188679245282,-1.2031812894477767e-14
1211.1698113207547,1.9332272600530972e-14
1211.3207547169811,-1.0533596451327645e-14
1211.4716981132076,5.840034113424653e-15
1211.622641509434,6.888336767239056e-15
1211.7735849056603,-4.726484844622722e-15
1211.9245283018868,5.462655120555435e-15
1212.0754716981132,5.48947046301493e-15
1212.2264150943397,-5.864877260061315e-15
1212.377358490566,1.1847095557908181e-14
1212.5283018867924,-5.066227887784174e-15
1212.6792452830189,4.448790318127122e-15
1212.8301886792453,7.0275080584840445e-15
1212.9811320754718,-8.528552269999212e-15
1213.132075471698,1.5933791539056564e-14
1213.2830188679245,-1.0570306482437846e-14
1213.433962264151,1.3240272940092512e-14
1213.5849056603774,-7.442741173405157e-15
1213.7358490566037,1.070420164962091e-14
1213.8867924528302,-1.9048715787597275e-15
1214.0377358490566,-2.429990306270633e-16
1214.188679245283,1.0213337640294524e-14
1214.3396226415093,-5.029982127046836e-15
1214.4905660377358,3.826878371287011e-15
1214.6415094339623,7.231455951616519e-15
1214.7924528301887,-5.1449098822965266e-15
1214.9433962264152,8.921441073479849e-15
1215.0943396226414,-2.4912495545839316e-15
1215.245283018868,5.763575593467251e-15
1215.3962264150944,1.7890112054287223e-15
1215.5471698113208,-2.2391806848997552e-15
1215.698113207547,1.2396978315073872e-14
1215.8490566037735,-9.46875308308123e-15
1216.0,1.0977625500060295e-14
1216.1509433962265,-2.304287588845461e-16
1216.301886792453,4.955369149931986e-16
1216.4528301886792,4.984766697111035e-15
1216.6037735849056,2.0447741071547483e-15
1216.754716981132,5.002090585280863e-16
1216.9056603773586,4.543282891970725e-15
1217.0566037735848,1.6951646506117976e-15
1217.2075471698113,2.4353735105193688e-15
1217.3584905660377,6.906760074315183e-16
1217.5094339622642,7.420255443893715e-15
1217.6603773584907,-4.645369545103915e-15
1217.811320754717,8.851578930820973e-15
1217.9622641509434,-1.6389038909609246e-15
1218.1132075471698,4.725710968489538e-15
1218.2641509433963,6.837933670541192e-16
1218.4150943396226,3.8285233125417315e-15
1218.566037735849,2.6744231772359316e-15
1218.7169811320755,-3.776694479860904e-16
1218.867924528302,7.574199433578826e-15
1219.0188679245282,-3.350440984703031e-15
1219.1698113207547,7.397302276596764e-15
1219.3207547169811,-7.547010730059718e-16
1219.4716981132076,4.195244245345098e-15
1219.622641509434,1.5291014015580205e-15
1219.7735849056603,3.639041033829242e-15
1219.9245283018868,5.074971219332576e-16
1220.0754716981132,5.207690524165806e-15
1220.2264150943397,1.0795170001021641e-16
1220.377358490566,3.3998944615569504e-15
1220.5283018867924,3.080868907993574e-15
1220.6792452830189,2.3758908004422913e-15
1220.8301886792453,-2.6046115241648905e-16
1220.9811320754718,9.021121423210287e-15
1221.132075471698,-5.37983775787624e-15
1221.2830188679245,7.264245605829645e-15
1221.433962264151,5.0139453131485445e-15
1221.5849056603774,-7.517018074557468e-15
1221.7358490566037,1.590180763738338e-14
1221.8867924528302,-7.581281791624861e-15
1222.0377358490566,5.2161256837943174e-15
1222.188679245283,6.0721353867484725e-15
1222.3396226415093,-1.4466141386366264e-15
1222.4905660377358,1.881478870096749e-15
1222.6415094339623,8.181093446512105e-15
1222.7924528301887,-3.326173843721232e-15
1222.9433962264152,3.6233575444706895e-15
1223.0943396226414,7.48231198445837e-15
1223.245283018868,-4.7312310304211815e-15
1223.3962264150944,7.797677586210319e-15
1223.5471698113208,6.567751615702783e-16
1223.698113207547,4.254186199410945e-15
1223.8490566037735,-2.505045987282486e-15
1224.0,1.1427995332068936e-14
1224.1509433962265,-6.021969760333845e-15
1224.301886792453,6.3470626653881075e-15
1224.4528301886792,5.10815643327511e-15
1224.6037735849056,-3.0671307244088285e-15
1224.754716981132,7.0697364003381715e-15
1224.9056603773586,1.1785703772093072e-15
1225.0566037735848,3.2842432932371157e-15
1225.2075471698113,-7.633327534625768e-16
1225.3584905660377,9.863933877916073e-15
1225.5094339622642,-5.693101457545247e-15
1225.6603773584907,7.702712299256428e-15
1225.811320754717,3.5464601856411625e-15
1225.9622641509434,-3.2126157734798004e-15
1226.1132075471698,9.450256651122937e-15
1226.2641509433963,-5.304853889937843e-16
1226.4150943396226,2.370322613197629e-16
1226.566037735849,8.848639274737924e-15
1226.7169811320755,-2.792446152860096e-15
1226.867924528302,3.4739499158261117e-15
1227.0188679245282,7.467971536685946e-15
1227.1698113207547,-5.341468494527986e-15
1227.3207547169811,1.0245686125240533e-14
1227.4716981132076,-1.7716000319284386e-15
1227.622641509434,4.1041525658932025e-15
1227.7735849056603,1.6772876303412996e-15
1227.9245283018868,6.728130248322119e-15
1228.0754716981132,-5.5426385650076274e-15
1228.2264150943397,1.2744198038265167e-14
1228.377358490566,-4.746899354481477e-15
1228.5283018867924,5.252624272026238e-15
1228.6792452830189,3.3003972273109935e-15
1228.8301886792453,3.054719356776799e-15
1228.9811320754718,-6.189100098885224e-16
1229.132075471698,7.319157397917847e-15
1229.2830188679245,6.507320278095437e-16
1229.433962264151,2.1495343602906537e-16
1229.5849056603774,8.687433085650349e-15
1229.7358490566037,-3.463508684719915e-15
1229.8867924528302,6.7791790017154664e-15
1230.0377358490566,1.1386572676493118e-15
1230.188679245283,3.5054199212033194e-15
1230.3396226415093,1.1895676896400484e-15
1230.4905660377358,5.668726185749857e-15
1230.6415094339623,-5.063259186309699e-16
1230.7924528301887,4.8904248049477445e-15
1230.9433962264152,2.4773994054533324e-15
1231.0943396226414,2.508884531252477e-15
1231.245283018868,1.1045851063360876e-15
1231.3962264150944,8.054038108216975e-15
1231.5471698113208,-4.974986342315987e-15
1231.698113207547,9.741250077266132e-15
1231.8490566037735,-2.8575128872367697e-16
1232.0,1.454545580277977e-15
1232.1509433962265,6.7651332808576714e-15
1232.301886792453,-1.392940476291422e-15
1232.4528301886792,5.938257648803407e-15
1232.6037735849056,9.872462788418582e-16
1232.754716981132,3.4381768391805317e-15
1232.9056603773586,3.2515012988399665e-15
1233.0566037735848,2.2632052548105353e-15
1233.2075471698113,1.792589173702969e-15
1233.3584905660377,6.672929060326141e-15
1233.5094339622642,-2.8696623038910854e-15
1233.6603773584907,7.608867281487418e-15
1233.811320754717,1.5738139947141262e-15
1233.9622641509434,1.0546181457045022e-16
1234.1132075471698,8.45961490191221e-15
1234.2641509433963,-4.3240252200632685e-15
1234.4150943396226,1.0887405757010605e-14
1234.566037735849,-5.452054308469671e-15
1234.7169811320755,1.0774433426824615e-14
1234.867924528302,-3.964586806037563e-15
1235.0188679245282,8.04283770121492e-15
1235.1698113207547,-1.5038535043879297e-16
1235.3207547169811,4.040794814345703e-15
1235.4716981132076,2.0389790764141468e-15
1235.622641509434,5.246437215625813e-15
1235.7735849056603,-9.490954701334903e-16
1235.9245283018868,5.5199187779061985e-15
1236.0754716981132,4.596395769739873e-15
1236.2264150943397,-3.1053244760037187e-15
1236.377358490566,9.181103111570245e-15
1236.5283018867924,1.0877156374729575e-15
1236.6792452830189,-5.831873151772733e-16
1236.8301886792453,7.549660700389129e-15
1236.9811320754718,2.6880099190515372e-15
1237.132075471698,-3.0196072018094764e-15
1237.2830188679245,1.1339476144359217e-14
1237.433962264151,-2.1219526061188982e-15
1237.5849056603774,1.7838334716048233e-15
1237.7358490566037,7.627654091888367e-15
1237.8867924528302,9.207241293384628e-16
1238.0377358490566,-2.8269895800279792e-15
1238.188679245283,1.647167465392699e-14
1238.3396226415093,-1.2728101792860139e-14
1238.4905660377358,1.349219526809417e-14
1238.6415094339623,1.0992587013088006e-15
1238.7924528301887,-1.4811557597724306e-15
1238.9433962264152,8.42001481352958e-15
1239.0943396226414,-1.9637902749950832e-16
1239.245283018868,3.977436681131942e-15
1239.3962264150944,3.236828987655156e-15
1239.5471698113208,4.014999488296773e-16
1239.698113207547,9.859954010226833e-15
1239.8490566037735,-8.280368825259213e-15
1240.0,1.6034143516324587e-14
1240.1509433962265,-8.752072688588043e-15
1240.301886792453,1.2000295293099224e-14
1240.4528301886792,-3.4570655278460386e-15
1240.6037735849056,7.306656183897117e-15
1240.754716981132,7.672168804720069e-16
1240.9056603773586,3.3853733794240008e-15
1241.0566037735848,3.885109609716741e-15
1241.2075471698113,1.239681665547441e-15
1241.3584905660377,5.820806703814571e-15
1241.5094339622642,-6.504498747939688e-16
1241.6603773584907,6.427079413749357e-15
1241.811320754717,1.0348349286495954e-15
1241.9622641509434,3.762694052233642e-15
1242.1132075471698,2.580187922465085e-15
1242.2641509433963,2.805698851703385e-15
1242.4150943396226,6.429000485869728e-15
1242.566037735849,-5.749408889911236e-15
1242.7169811320755,1.6395756127102262e-14
1242.867924528302,-1.1304209697779531e-14
1243.0188679245282,1.5309947260174685e-14
1243.1698113207547,-6.880017318011432e-15
1243.3207547169811,1.2322218649233459e-14
1243.4716981132076,-6.529676208156677e-15
1243.622641509434,1.2340589144316296e-14
1243.7735849056603,-5.132616848742034e-15
1243.9245283018868,1.063725621318553e-14
1244.0754716981132,-4.440355027969167e-15
1244.2264150943397,8.774484801837152e-15
1244.377358490566,3.351643291364295e-15
1244.5283018867924,-6.022469551113346e-15
1244.6792452830189,1.8379829815647247e-14
1244.8301886792453,-1.068678199358047e-14
1244.9811320754718,8.139623525390636e-15
1245.132075471698,7.743671316035316e-15
1245.2830188679245,-5.6816156074985026e-15
1245.433962264151,8.93478055966123e-15
1245.5849056603774,3.368387628896694e-15
1245.7358490566037,-1.4397999942976665e-15
1245.8867924528302,8.156666428946649e-15
1246.0377358490566,-5.724161868909981e-17
1246.188679245283,4.0055478779042476e-15
1246.3396226415093,4.2439044212068375e-15
1246.4905660377358,2.009840412839658e-17
1246.6415094339623,7.827974665516373e-15
1246.7924528301887,-1.810545344695569e-15
1246.9433962264152,6.2011478283301635e-15
1247.0943396226414,3.6074862934011995e-15
1247.245283018868,-1.076821949840072e-15
1247.3962264150944,9.231511841109675e-15
1247.5471698113208,-1.5213115219395127e-15
1247.698113207547,3.3082360437604035e-15
1247.8490566037735,8.185834677690081e-15
1248.0,-4.372676034245422e-15
1248.1509433962265,7.85369756623862e-15
1248.301886792453,6.173134500335405e-15
1248.4528301886792,-8.370153843304678e-15
1248.6037735849056,1.8056042889770828e-14
1248.754716981132,-6.6325118661064064e-15
1248.9056603773586,2.0765957561267535e-15
1249.0566037735848,1.3464188761348897e-14
1249.2075471698113,-8.219367821334449e-15
1249.3584905660377,7.590513968064995e-15
1249.5094339622642,7.080583742810731e-15
1249.6603773584907,-2.783635216424829e-15
1249.811320754717,3.2362442249944448e-15
1249.9622641509434,1.1287746337017507e-14
1250.1132075471698,-7.62865059138686e-15
1250.2641509433963,8.697734564365953e-15
1250.4150943396226,6.6067466460200336e-15
1250.566037735849,-6.3480066313203475e-15
1250.7169811320755,1.3908297379508134e-14
1250.867924528302,-6.716684991594358e-15
1251.0188679245282,1.3854110812331681e-14
1251.1698113207547,-9.29143790312826e-15
1251.3207547169811,1.5146835841477892e-14
1251.4716981132076,-3.909360863612857e-15
1251.622641509434,4.1024669288108864e-15
1251.7735849056603,4.81800409631397e-15
1251.9245283018868,4.985090181561201e-15
1252.0754716981132,-4.3377914886921944e-15
1252.2264150943397,1.3039204458621168e-14
1252.377358490566,-2.452780572295551e-15
1252.5283018867924,1.4595627538555566e-15
1252.6792452830189,9.398727029008897e-15
1252.8301886792453,-1.7675073669085122e-16
1252.9811320754718,-1.3923092103801827e-15
1253.132075471698,1.4560686314871905e-14
1253.2830188679245,-7.243168992405407e-15
1253.433962264151,4.894369136684167e-15
1253.5849056603774,1.2500149875122489e-14
1253.7358490566037,-1.1662194997949899e-14
1253.8867924528302,1.6323373929531543e-14
1254.0377358490566,-4.657342667215444e-15
1254.188679245283,8.26441586835675e-15
1254.3396226415093,-2.117566995497477e-15
1254.4905660377358,8.436663614747478e-15
1254.6415094339623,2.4788112689313624e-15
1254.7924528301887,-3.3581115406352734e-15
1254.9433962264152,1.5038127685846826e-14
1255.0943396226414,-6.6283331502583255e-15
1255.245283018868,4.4462257606771295e-15
1255.3962264150944,1.2267377966616397e-14
1255.5471698113208,-1.0426477461266405e-14
1255.698113207547,1.3145791283787111e-14
1255.8490566037735,2.5509455328089796e-15
1256.0,-3.0449571523528496e-15
1256.1509433962265,9.191520223751462e-15
1256.301886792453,3.998587744697107e-15
1256.4528301886792,-3.072260316407577e-15
1256.6037735849056,7.970046422310997e-15
1256.754716981132,7.213825552403766e-15
1256.9056603773586,-9.140885530649102e-15
1257.0566037735848,1.7348135661901465e-14
1257.2075471698113,-4.962847400883447e-15
1257.3584905660377,4.353488784521491e-15
1257.5094339622642,4.756442592151694e-15
1257.6603773584907,4.802513639310569e-15
1257.811320754717,-2.114309956609584e-15
1257.9622641509434,9.573902242701309e-15
1258.1132075471698,-7.834213651811594e-16
1258.2641509433963,5.2560279798866934e-15
1258.4150943396226,1.95102543353483e-15
1258.566037735849,4.3855830525632915e-15
1258.7169811320755,4.315492964563967e-15
1258.867924528302,-9.535022333689958e-16
1259.0188679245282,9.421871606559456e-15
1259.1698113207547,-1.0833777621525043e-15
1259.3207547169811,3.747563032266606e-15
1259.4716981132076,5.781020597080988e-15
1259.622641509434,2.2707583913453476e-15
1259.7735849056603,-1.2973699739331469e-15
1259.9245283018868,1.4957992626608883e-14
1260.0754716981132,-1.2252054163220802e-14
1260.2264150943397,1.750718028923439e-14
1260.377358490566,-4.835288681802173e-15
1260.5283018867924,4.567458149543805e-15
1260.6792452830189,6.2969810543311065e-15
1260.8301886792453,1.1436786607135185e-15
1260.9811320754718,8.872145716837094e-16
1261.132075471698,1.1029165946069893e-14
1261.2830188679245,-6.163884736715797e-15
1261.433962264151,1.0258711329309376e-14
1261.5849056603774,9.848025965224277e-16
1261.7358490566037,3.4207609054719075e-15
1261.8867924528302,2.016123225373093e-15
1262.0377358490566,7.368917856617336e-15
1262.188679245283,-1.1858617464509438e-15
1262.3396226415093,5.5942199328670996e-15
1262.4905660377358,4.341253415500244e-15
1262.6415094339623,7.411271490101693e-16
1262.7924528301887,6.164080219528114e-15
1262.9433962264152,6.098963548839919e-16
1263.0943396226414,6.187663002194321e-15
1263.245283018868,2.5104430232836726e-15
1263.3962264150944,-8.86482793697137e-16
1263.5471698113208,1.383688368438557e-14
1263.698113207547,-9.338382250261825e-15
1263.8490566037735,1.1655069960068895e-14
1264.0,4.0310983457538795e-15
1264.1509433962265,-4.423516427728681e-15
1264.301886792453,1.2331477592376696e-14
1264.4528301886792,-1.490581896576342e-15
1264.6037735849056,3.8739006558698296e-15
1264.754716981132,4.39515473120172e-15
1264.9056603773586,3.435471991524649e-15
1265.0566037735848,2.197408398266885e-15
1265.2075471698113,5.601179367617459e-15
1265.3584905660377,-9.683025350684653e-16
1265.5094339622642,1.1721295818623354e-14
1265.6603773584907,-8.553329978050244e-15
1265.811320754717,1.6613780672610225e-14
1265.9622641509434,-8.40037480061526e-15
1266.1132075471698,1.2948333420212792e-14
1266.2641509433963,-3.96841101680322e-15
1266.4150943396226,8.672243137893452e-15
1266.566037735849,8.120250217876695e-16
1266.7169811320755,3.561013940337586e-15
1266.867924528302,4.643577729890125e-15
1267.0188679245282,2.2624631829612694e-15
1267.1698113207547,4.180385596294771e-15
1267.3207547169811,2.773032210031079e-15
1267.4716981132076,3.827135951503617e-15
1267.622641509434,4.819397830654757e-15
1267.7735849056603,-1.0699220462481616e-15
1267.9245283018868,1.047075287165074e-14
1268.0754716981132,-3.1582718302950967e-15
1268.2264150943397,6.558508066220502e-15
1268.377358490566,4.776987824364387e-15
1268.5283018867924,-6.28657592915403e-16
1268.6792452830189,7.7537860000748e-15
1268.8301886792453,4.825068495667997e-16
1268.9811320754718,5.117110942311373e-15
1269.132075471698,2.55154363729754e-15
1269.2830188679245,3.8518411321712715e-15
1269.433962264151,3.608877280278443e-15
1269.5849056603774,3.4765997606758745e-15
1269.7358490566037,1.911669577537945e-15
1269.8867924528302,7.36119633523438e-15
1270.0377358490566,-1.6519413539580042e-15
1270.188679245283,7.482304446969604e-15
1270.3396226415093,2.2226475074933085e-15
1270.4905660377358,2.055483520015344e-15
1270.6415094339623,6.983685239402419e-15
1270.7924528301887,-2.4137394895822573e-15
1270.9433962264152,1.2346037712125301e-14
1271.0943396226414,-7.065120432677365e-15
1271.245283018868,1.2035932229064812e-14
1271.3962264150944,4.3106592224682236e-16
1271.5471698113208,1.291487351591384e-15
1271.698113207547,6.5737255298690905e-15
1271.8490566037735,4.2552731339864625e-15
1272.0,-1.7770746149348234e-15
1272.1509433962265,9.285999469164789e-15
1272.301886792453,1.9663893912971927e-15
1272.4528301886792,-3.8649423361094406e-16
1272.6037735849056,9.709160516942897e-15
1272.754716981132,-1.2275259893218439e-15
1272.9056603773586,6.04874133447907e-15
1273.0566037735848,4.612026725203263e-16
1273.2075471698113,9.870281564202252e-15
1273.3584905660377,-5.599733638811118e-15
1273.5094339622642,1.0705492652476313e-14
1273.6603773584907,3.860142589378621e-15
1273.811320754717,-6.177054950028033e-15
1273.9622641509434,1.7742569660416307e-14
1274.1132075471698,-6.326892723224865e-15
1274.2641509433963,2.5621170055357313e-15
1274.4150943396226,1.3646585799205811e-14
1274.566037735849,-7.151834700927188e-15
1274.7169811320755,6.13255348058365e-15
1274.867924528302,1.0735953424842298e-14
1275.0188679245282,-7.886246798065463e-15
1275.1698113207547,1.1456546528619232e-14
1275.3207547169811,2.9002777349461917e-15
1275.4716981132076,-1.5408193502419718e-15
1275.622641509434,9.763591563123084e-15
1275.7735849056603,1.2804841447467213e-16
1275.9245283018868,2.531093320038129e-15
1276.0754716981132,7.831555856531152e-15
1276.2264150943397,-1.314917190571198e-15
1276.377358490566,6.278050585332269e-15
1276.5283018867924,3.8453283399789524e-15
1276.6792452830189,9.481857987152833e-16
1276.8301886792453,7.519363459492064e-15
1276.9811320754718,-2.149741581363502e-15
1277.132075471698,1.1661344106973269e-14
1277.2830188679245,-6.229453491613721e-15
1277.433962264151,1.2127859998026738e-14
1277.5849056603774,-8.51942629646743e-16
1277.7358490566037,3.0019625898392924e-15
1277.8867924528302,6.978293352341232e-15
1278.0377358490566,2.6953950218626635e-16
1278.188679245283,4.902842543874611e-15
1278.3396226415093,3.8048433875977946e-15
1278.4905660377358,3.0587035182712377e-15
1278.6415094339623,3.3748005649068042e-15
1278.7924528301887,4.154607484222957e-15
1278.9433962264152,3.3608786919965617e-15
1279.0943396226414,2.898124153764535e-15
1279.245283018868,4.649072410899798e-15
1279.3962264150944,2.830907185789429e-15
1279.5471698113208,3.565583104055166e-15
1279.698113207547,3.7424497016336126e-15
1279.8490566037735,4.122569843828248e-15
1280.0,1.86784356267026e-15
1280.1509433962265,5.628237563366775e-15
1280.301886792453,2.484584545125067e-15
1280.4528301886792,3.1301563233400775e-15
1280.6037735849056,4.105385726358088e-15
1280.754716981132,5.410943315946054e-15
1280.9056603773586,-1.7908968814917763e-15
1281.0566037735848,1.0650375391421301e-14
1281.2075471698113,-1.9804664475230934e-15
1281.3584905660377,5.904722411508759e-15
1281.5094339622642,3.2027483964508053e-15
1281.6603773584907,4.370176671682182e-15
1281.811320754717,1.7332614733083336e-15
1281.9622641509434,4.1192582308240024e-15
1282.1132075471698,7.706986056858722e-15
1282.2641509433963,-6.421952113170053e-15
1282.4150943396226,1.677358634782284e-14
1282.566037735849,-7.869836822072702e-15
1282.7169811320755,9.45297544093664e-15
1282.867924528302,3.600425256045379e-15
1283.0188679245282,3.615435065640918e-16
1283.1698113207547,6.660323910027506e-15
1283.3207547169811,2.495147195287497e-15
1283.4716981132076,2.7171885772316786e-15
1283.622641509434,5.288108162491396e-15
1283.7735849056603,2.2514908525439976e-15
1283.9245283018868,3.7478586503753065e-15
1284.0754716981132,4.548264603668214e-15
1284.2264150943397,2.7584633407880646e-15
1284.377358490566,2.2344189879469638e-15
1284.5283018867924,8.311967601497462e-15
1284.6792452830189,-3.346769033204546e-15
1284.8301886792453,9.58024665457828e-15
1284.9811320754718,1.4216100075302032e-15
1285.132075471698,1.4211266640990383e-15
1285.2830188679245,8.202666973315542e-15
1285.433962264151,-9.708774598528565e-16
1285.5849056603774,6.799556199123849e-15
1285.7358490566037,1.5545302088893539e-15
1285.8867924528302,5.178146154168328e-15
1286.0377358490566,2.160449750600135e-15
1286.188679245283,4.743676120673285e-15
1286.3396226415093,2.689785410329276e-15
1286.4905660377358,4.790625607626699e-15
1286.6415094339623,1.6093116806693887e-15
1286.7924528301887,6.0214295444381825e-15
1286.9433962264152,2.016567921087367e-15
1287.0943396226414,3.3968434387033122e-15
1287.245283018868,4.584240977962578e-15
1287.3962264150944,4.668030598859934e-15
1287.5471698113208,-1.7037287593289448e-15
1287.698113207547,1.1955239799191783e-14
1287.8490566037735,-3.3562720703328043e-15
1288.0,4.997527137698635e-15
1288.1509433962265,7.744390019193127e-15
1288.301886792453,-1.6054410213021923e-15
1288.4528301886792,5.0479836621795925e-15
1288.6037735849056,6.50657481679844e-15
1288.754716981132,5.92521845312725e-16
1288.9056603773586,1.5172310810029307e-15
1289.0566037735848,1.2751009108477032e-14
1289.2075471698113,-1.0573990033932642e-14
1289.3584905660377,1.9155394809375766e-14
1289.5094339622642,-9.962095106243055e-15
1289.6603773584907,1.2082729081608787e-14
1289.811320754717,3.2774795019470383e-15
1289.9622641509434,-5.278294303540367e-15
1290.1132075471698,1.8263350890418923e-14
1290.2641509433963,-9.467549966082257e-15
1290.4150943396226,8.601499779113521e-15
1290.566037735849,7.512807484200167e-15
1290.7169811320755,-3.992823992296569e-15
1290.867924528302,8.221530627236015e-15
1291.0188679245282,5.19038351825453e-15
1291.1698113207547,-2.526756678561478e-15
1291.3207547169811,1.0410731530302862e-14
1291.4716981132076,-1.0755928542849687e-15
1291.622641509434,5.952241639931674e-15
1291.7735849056603,2.2525424858098936e-15
1291.9245283018868,5.3230982970717495e-15
1292.0754716981132,1.1228263392159569e-15
1292.2264150943397,6.601569444531078e-15
1292.377358490566,6.303857356984293e-16
1292.5283018867924,6.131550029442929e-15
1292.6792452830189,1.9152324355305493e-15
1292.8301886792453,4.5219823186504425e-15
1292.9811320754718,2.7515141580461198e-15
1293.132075471698,5.7215678226900614e-15
1293.2830188679245,-3.790659727972776e-16
1293.433962264151,8.154620542803253e-15
1293.5849056603774,1.5211662294718696e-15
1293.7358490566037,1.3371505478502315e-15
1293.8867924528302,8.387866671586573e-15
1294.0377358490566,1.4700695859708372e-15
1294.188679245283,-1.0766578751357137e-15
1294.3396226415093,1.4815319479817578e-14
1294.4905660377358,-9.8033062850569e-15
1294.6415094339623,1.488620071863263e-14
1294.7924528301887,-3.954855577186887e-15
1294.9433962264152,8.584021780082521e-15
1295.0943396226414,-5.635551017061947e-16
1295.245283018868,8.03994856950727e-15
1295.3962264150944,-7.993928021074221e-16
1295.5471698113208,7.019152893667137e-15
1295.698113207547,1.8034174408631804e-15
1295.8490566037735,4.551201425940446e-15
1296.0,2.2512692423730054e-15
1296.1509433962265,5.721079308484854e-15
1296.301886792453,2.1711905087213038e-15
1296.4528301886792,2.571780647735267e-15
1296.6037735849056,7.601927921763433e-15
1296.754716981132,-1.92205482825827e-15
1296.9056603773586,8.853135647731657e-15
1297.0566037735848,-4.875534022279584e-16
1297.2075471698113,6.938509903804866e-15
1297.3584905660377,7.232239807430317e-16
1297.5094339622642,5.6255603084920086e-15
1297.6603773584907,3.1168067926247817e-15
1297.811320754717,3.3691814866177717e-15
1297.9622641509434,2.2779873072878503e-15
1298.1132075471698,8.461980339234527e-15
1298.2641509433963,-3.8435811009324484e-15
1298.4150943396226,1.00423966627668e-14
1298.566037735849,1.82618602493645e-15
1298.7169811320755,2.395057069907937e-16
1298.867924528302,9.378867842695797e-15
1299.0188679245282,-1.064576031903372e-15
1299.1698113207547,6.089985025152875e-15
1299.3207547169811,1.5988324113521296e-15
1299.4716981132076,7.438985366765518e-15
1299.622641509434,-1.7339967076988503e-15
1299.7735849056603,7.327873789945627e-15
1299.9245283018868,4.4462526054334755e-15
1300.0754716981132,-6.308693028520407e-16
1300.2264150943397,5.97777192672946e-15
1300.377358490566,8.547153993334206e-15
1300.5283018867924,-9.57350312077895e-15
1300.6792452830189,2.1033376566921867e-14
1300.8301886792453,-1.2702697696548242e-14
1300.9811320754718,1.6301644699965424e-14
1301.132075471698,-6.184290074541806e-15
1301.2830188679245,1.1617937240321347e-14
1301.433962264151,-1.591128469290108e-15
1301.5849056603774,4.087705612205632e-15
1301.7358490566037,7.512063831728022e-15
1301.8867924528302,-7.911186449280485e-16
1302.0377358490566,4.077433571327185e-15
1302.188679245283,7.80911388550594e-15
1302.3396226415093,-1.18275116829325e-15
1302.4905660377358,3.915971516462694e-15
1302.6415094339623,9.146308046969294e-15
1302.7924528301887,-4.297989343957967e-15
1302.9433962264152,9.190388377392297e-15
1303.0943396226414,1.7609865865718628e-15
1303.245283018868,5.129481454467218e-15
1303.3962264150944,-2.84068759800543e-15
1303.5471698113208,1.733704893397629e-14
1303.698113207547,-1.4172809882407746e-14
1303.8490566037735,1.8643425334942062e-14
1304.0,-3.4436846296242647e-15
1304.1509433962265,3.2270270868754056e-15
1304.301886792453,5.6850858549665746e-15
1304.4528301886792,5.84416275580605e-15
1304.6037735849056,-4.232389393005844e-15
1304.754716981132,1.2949549117381119e-14
1304.9056603773586,-1.4991848392043884e-15
1305.0566037735848,1.7701236609020993e-15
1305.2075471698113,1.024547001513724e-14
1305.3584905660377,-2.6384962910794043e-15
1305.5094339622642,5.040465783623826e-15
1305.6603773584907,7.534490113225927e-15
1305.811320754717,-2.1978897534313074e-15
1305.9622641509434,6.690991464551495e-15
1306.1132075471698,5.3061651902187425e-15
1306.2641509433963,-1.3020009113133827e-15
1306.4150943396226,8.869518020033176e-15
1306.566037735849,-1.284230593326929e-15
1306.7169811320755,1.0031993649584393e-14
1306.867924528302,-5.962367206146121e-15
1307.0188679245282,1.4687914886652024e-14
1307.1698113207547,-5.201960531811237e-15
1307.3207547169811,8.218425873995563e-15
1307.4716981132076,6.903719726663236e-16
1307.622641509434,9.276441450135755e-15
1307.7735849056603,-6.235301409433306e-15
1307.9245283018868,1.3657516558050061e-14
1308.0754716981132,-8.508461856078004e-16
1308.2264150943397,5.981730064856773e-16
1308.377358490566,9.427490988476196e-15
1308.5283018867924,2.2138267314018217e-15
1308.6792452830189,-2.5329967074872324e-15
1308.8301886792453,1.2452373846170634e-14
1308.9811320754718,1.1313048610643435e-15
1309.132075471698,-5.715083437180859e-15
1309.2830188679245,2.0880555537780688e-14
1309.433962264151,-1.1412269587667746e-14
1309.5849056603774,8.251247010693504e-15
1309.7358490566037,8.721705775335163e-15
1309.8867924528302,-4.02222375073339e-15
1310.0377358490566,7.279807653877453e-15
1310.188679245283,3.825323016091786e-15
1310.3396226415093,4.025999187552742e-15
1310.4905660377358,-4.2626291057274745e-16
1310.6415094339623,8.707664790712946e-15
1310.7924528301887,2.51566550050708e-15
1310.9433962264152,-1.6438942012813628e-15
1311.0943396226414,1.2070766173453534e-14
1311.245283018868,-2.9201219630828083e-15
1311.3962264150944,5.938201840530412e-15
1311.5471698113208,2.017211350989335e-15
1311.698113207547,1.0462088104080698e-14
1311.8490566037735,-1.1637980704690203e-14
1312.0,2.3214454525692833e-14
1312.1509433962265,-1.1769776130784449e-14
1312.301886792453,8.185056496714474e-15
1312.4528301886792,8.126604958613711e-15
1312.6037735849056,-1.6990985888662913e-15
1312.754716981132,1.569857033762032e-15
1312.9056603773586,1.4121329835260498e-14
1313.0566037735848,-1.047537827694349e-14
1313.2075471698113,1.538009968751487e-14
1313.3584905660377,-4.024445715843392e-15
1313.5094339622642,8.408072249765408e-15
1313.6603773584907,-2.231354391762178e-16
1313.811320754717,6.359172872279618e-15
1313.9622641509434,2.6829631856319008e-15
1314.1132075471698,2.3275361792611902e-15
1314.2641509433963,5.946445821169387e-15
1314.4150943396226,1.421585850538837e-15
1314.566037735849,4.614170627167767e-15
1314.7169811320755,3.765315796337301e-15
1314.867924528302,2.281637730285119e-15
1315.0188679245282,5.572574925464866e-15
1315.1698113207547,1.5270592849408015e-15
1315.3207547169811,4.577380479810314e-15
1315.4716981132076,4.054463304544654e-15
1315.622641509434,2.7007355126573263e-15
1315.7735849056603,2.2024460021121262e-15
1315.9245283018868,8.910341510459215e-15
1316.0754716981132,-4.565433910924364e-15
1316.2264150943397,1.0424808829748756e-14
1316.377358490566,1.6210482295969433e-15
1316.5283018867924,3.077988149138439e-16
1316.6792452830189,8.615123101005281e-15
1316.8301886792453,3.3775393541975116e-16
1316.9811320754718,4.490729812632773e-15
1317.132075471698,1.852584944240578e-15
1317.2830188679245,8.721043570133459e-15
1317.433962264151,-3.967573773525464e-15
1317.5849056603774,8.827733876149576e-15
1317.7358490566037,4.401310352325921e-15
1317.8867924528302,-3.242821952519917e-15
1318.0377358490566,1.1893658633483694e-14
1318.188679245283,-7.514353058974709e-16
1318.3396226415093,2.0976128178100032e-16
1318.4905660377358,1.3798740950576731e-14
1318.6415094339623,-8.85016774347644e-15
1318.7924528301887,1.1770595118590325e-14
1318.9433962264152,2.914214106447873e-15
1319.0943396226414,-1.2373496794641179e-15
1319.245283018868,7.18456513610695e-15
1319.3962264150944,6.210279523783197e-15
1319.5471698113208,-4.354839337003072e-15
1319.698113207547,9.637193916895918e-15
1319.8490566037735,5.6372122993743334e-15
1320.0,-6.407764250051748e-15
1320.1509433962265,1.3947932872871223e-14
1320.301886792453,5.653080796969205e-16
1320.4528301886792,-3.181215136871595e-15
1320.6037735849056,1.5660620847147214e-14
1320.754716981132,-8.290181309015586e-15
1320.9056603773586,1.231125567069216e-14
1321.0566037735848,-2.569690636938354e-15
1321.2075471698113,6.694136479722336e-15
1321.3584905660377,5.5484658586558425e-15
1321.5094339622642,-5.562192126545006e-15
1321.6603773584907,1.723589770708217e-14
1321.811320754717,-8.222816200607737e-15
1321.9622641509434,6.885930159652184e-15
1322.1132075471698,9.130144804623604e-15
1322.2641509433963,-4.716857067849073e-15
1322.4150943396226,5.206554327432579e-15
1322.566037735849,1.3324766371617735e-14
1322.7169811320755,-1.509259787269571e-14
1322.867924528302,2.2739411620966735e-14
1323.0188679245282,-9.09879634349393e-15
1323.1698113207547,7.681828251484812e-15
1323.3207547169811,4.091421119428439e-15
1323.4716981132076,3.2264207661260744e-15
1323.622641509434,7.351831027260473e-16
1323.7735849056603,8.453124777858169e-15
1323.9245283018868,-1.1010396526515375e-15
1324.0754716981132,5.93297006709336e-15
1324.2264150943397,2.7462709847103052e-15
1324.377358490566,4.6060915881886085e-15
1324.5283018867924,1.9030813020193012e-16
1324.6792452830189,8.545475823180235e-15
1324.8301886792453,-6.942811932273995e-16
1324.9811320754718,3.92988221459025e-15
1325.132075471698,7.135930459087579e-15
1325.2830188679245,-1.3099882532735473e-15
1325.433962264151,4.561206503827938e-15
1325.5849056603774,9.664036188847857e-15
1325.7358490566037,-9.707958728763125e-15
1325.8867924528302,1.9191820877131804e-14
1326.0377358490566,-8.84503168683393e-15
1326.188679245283,8.89876250032678e-15
1326.3396226415093,3.4935522907158827e-15
1326.4905660377358,2.8575785740015664e-15
1326.6415094339623,5.097730163617217e-16
1326.7924528301887,1.0067635220014412e-14
1326.9433962264152,-3.4228731917322346e-15
1327.0943396226414,7.144739714397745e-15
1327.245283018868,3.910535688243909e-15
1327.3962264150944,7.181946981808095e-20
1327.5471698113208,8.514320902744452e-15
1327.698113207547,-2.338172787650445e-15
1327.8490566037735,9.043520865033189e-15
1328.0,-9.156888799889969e-16
1328.1509433962265,6.137302336122645e-15
1328.301886792453,1.9976851431586046e-15
1328.4528301886792,4.088838186480955e-15
1328.6037735849056,3.9232747425115015e-15
1328.754716981132,1.0200944561691346e-15
1328.9056603773586,8.123894236544485e-15
1329.0566037735848,-3.058584563738351e-15
1329.2075471698113,1.0922571561826628e-14
1329.3584905660377,-4.193804997377671e-15
1329.5094339622642,9.939620447338543e-15
1329.6603773584907,-3.983135941387743e-16
1329.811320754717,3.880515804277175e-15
1329.9622641509434,4.923864001530661e-15
1330.1132075471698,2.9619954607702198e-15
1330.2641509433963,4.227177432981332e-16
1330.4150943396226,1.0159720363883298e-14
1330.566037735849,-5.8399473886397934e-15
1330.7169811320755,1.4049628599408943e-14
1330.867924528302,-8.101076545575873e-15
1331.0188679245282,1.5323729187533182e-14
1331.1698113207547,-8.0784567185497e-15
1331.3207547169811,1.3625624393205986e-14
1331.4716981132076,-4.933883009195415e-15
1331.622641509434,9.568066586960426e-15
1331.7735849056603,-1.0448920394034688e-15
1331.9245283018868,7.642648440746997e-15
1332.0754716981132,-2.220348858575569e-15
1332.2264150943397,1.0171497290467131e-14
1332.377358490566,-1.985603898705819e-15
1332.5283018867924,4.656463276897465e-15
1332.6792452830189,6.021860575762802e-15
1332.8301886792453,5.607378555450058e-16
1332.9811320754718,2.348452828306658e-15
1333.132075471698,8.912812042800444e-15
1333.2830188679245,-3.199191098636404e-15
1333.433962264151,6.643308380727647e-15
1333.5849056603774,5.064343947731283e-15
1333.7358490566037,-1.265293098240795e-15
1333.8867924528302,7.582135230103617e-15
1334.0377358490566,1.573483587279832e-15
1334.188679245283,3.160251252109447e-15
1334.3396226415093,4.013454087185955e-15
1334.4905660377358,3.292640133696405e-15
1334.6415094339623,3.1144574148921164e-15
1334.7924528301887,3.1073553858317206e-15
1334.9433962264152,4.490527949441376e-15
1335.0943396226414,1.796776202796265e-15
1335.245283018868,4.654622691483372e-15
1335.3962264150944,2.494972028922751e-15
1335.5471698113208,4.291385230101028e-15
1335.698113207547,1.7117060939105455e-15
1335.8490566037735,5.68445250444012e-15
1336.0,1.0182543979719265e-15
1336.1509433962265,4.972258459342146e-15
1336.301886792453,2.2561273525962098e-15
1336.4528301886792,4.9261577935584434e-15
1336.6037735849056,3.1831553557191625e-16
1336.754716981132,7.432463094000671e-15
1336.9056603773586,-1.578384977200919e-16
1337.0566037735848,4.81249490093034e-15
1337.2075471698113,2.9784072916410203e-15
1337.3584905660377,5.711913512820446e-15
1337.5094339622642,-3.775625694540321e-15
1337.6603773584907,1.4175688961677539e-14
1337.811320754717,-6.594813089322056e-15
1337.9622641509434,7.633519269300011e-15
1338.1132075471698,4.879969036682183e-15
1338.2641509433963,4.825619876771103e-16
1338.4150943396226,2.050330082936039e-15
1338.566037735849,9.87077256397128e-15
1338.7169811320755,-4.665054039760138e-15
1338.867924528302,7.412342277894222e-15
1339.0188679245282,5.071284298634953e-15
1339.1698113207547,-1.7551563183925014e-15
1339.3207547169811,7.18965142004958e-15
1339.4716981132076,2.913010135428677e-15
1339.622641509434,1.4996600399299332e-15
1339.7735849056603,4.259409434145828e-15
1339.9245283018868,4.24437595997363e-15
1340.0754716981132,2.682962920180195e-15
1340.2264150943397,8.486823237386385e-17
1340.377358490566,1.1125391770282069e-14
1340.5283018867924,-5.869795111346442e-15
1340.6792452830189,8.482008901435159e-15
1340.8301886792453,4.913588764394256e-15
1340.9811320754718,-3.130607084938997e-15
1341.132075471698,8.719306921940855e-15
1341.2830188679245,3.722878058970207e-15
1341.433962264151,-3.4039788621379956e-15
1341.5849056603774,1.146869120182334e-14
1341.7358490566037,-1.7500661698416802e-16
1341.8867924528302,-1.4779802745454897e-15
1342.0377358490566,1.417429616851813e-14
1342.188679245283,-8.063813013334506e-15
1342.3396226415093,9.953907825572456e-15
1342.4905660377358,1.6928929646017164e-15
1342.6415094339623,3.080034884300358e-15
1342.7924528301887,1.766749616083652e-15
1342.9433962264152,6.0076171488902866e-15
1343.0943396226414,3.1273291308452124e-15
1343.245283018868,-3.142494723399295e-15
1343.3962264150944,1.5945866237602365e-14
1343.5471698113208,-1.1419321135314778e-14
1343.698113207547,1.4865504469005815e-14
1343.8490566037735,-3.856734688899817e-15
1344.0,7.921899932301706e-15
1344.1509433962265,-1.8870256763163692e-15
1344.301886792453,9.276637866686548e-15
1344.4528301886792,-2.151622317713731e-15
1344.6037735849056,6.352183305114819e-15
1344.754716981132,1.7356153952314163e-15
1344.9056603773586,5.652439547860936e-15
1345.0566037735848,-2.8203243483557114e-15
1345.2075471698113,1.2462174677248276e-14
1345.3584905660377,-4.590634339203526e-15
1345.5094339622642,2.7656406171115148e-15
1345.6603773584907,1.518950186020819e-14
1345.811320754717,-1.6079597765387033e-14
1345.9622641509434,1.9630075628238396e-14
1346.1132075471698,-2.0838365509636877e-15
1346.2641509433963,-2.310910558837556e-15
1346.4150943396226,1.0676097957880932e-14
1346.566037735849,3.106608473928638e-15
1346.7169811320755,-6.434684450635279e-15
1346.867924528302,1.6593531038682006e-14
1347.0188679245282,-5.98366778222762e-15
1347.1698113207547,4.434314485811018e-15
1347.3207547169811,7.255147518938525e-15
1347.4716981132076,-1.1268435579130767e-15
1347.622641509434,4.438577306625403e-15
1347.7735849056603,4.449074747086764e-15
1347.9245283018868,1.7068122035707874e-15
1348.0754716981132,3.041920526642748e-15
1348.2264150943397,4.579064452491703e-15
1348.377358490566,1.81712014736384e-15
1348.5283018867924,3.3169459018163238e-15
1348.6792452830189,3.944062699008195e-15
1348.8301886792453,2.393109777300231e-15
1348.9811320754718,2.9464744814541356e-15
1349.132075471698,4.229607370150491e-15
1349.2830188679245,1.9565452644034763e-15
1349.433962264151,3.4631677952290898e-15
1349.5849056603774,3.809961046368145e-15
1349.7358490566037,2.212644580284514e-15
1349.8867924528302,3.0072818845627244e-15
1350.0377358490566,4.761024860323975e-15
1350.188679245283,1.0518144700489437e-15
1350.3396226415093,3.360945900532958e-15
1350.4905660377358,6.0270547135074846e-15
1350.6415094339623,-1.9145923573430098e-15
1350.7924528301887,7.282539823002957e-15
1350.9433962264152,2.279901411360696e-15
1351.0943396226414,-5.916940835219316e-18
1351.245283018868,9.226184265668727e-15
1351.3962264150944,-5.042246680206978e-15
1351.5471698113208,1.2271814367897715e-14
1351.698113207547,-5.841860080871438e-15
1351.8490566037735,1.04501448404563e-14
1352.0,-2.5266945002970002e-15
1352.1509433962265,7.851330944211223e-15
1352.301886792453,-1.5650004594986956e-15
1352.4528301886792,6.8146116916759265e-15
1352.6037735849056,1.815100961888778e-15
1352.754716981132,1.1064643707505545e-15
1352.9056603773586,7.086784376904306e-15
1353.0566037735848,-8.5511309893896e-16
1353.2075471698113,5.28153942078463e-15
1353.3584905660377,2.5209854681754657e-15
1353.5094339622642,2.9589996712632304e-15
1353.6603773584907,2.8277367361155356e-15
1353.811320754717,3.4864423312092404e-15
1353.9622641509434,3.221425769560052e-15
1354.1132075471698,1.6350033375987326e-15
1354.2641509433963,5.126206614954347e-15
1354.4150943396226,1.620119874242224e-15
1354.566037735849,2.977080485823516e-15
1354.7169811320755,3.3193853619239632e-15
1354.867924528302,5.162424368362268e-15
1355.0188679245282,-3.141608864622907e-15
1355.1698113207547,1.1504267085919257e-14
1355.3207547169811,-3.8127974495344644e-15
1355.4716981132076,5.517775000671009e-15
1355.622641509434,3.600857408543485e-15
1355.7735849056603,2.9245726156580848e-15
1355.9245283018868,3.570356853945898e-16
1356.0754716981132,7.029046595681851e-15
1356.2264150943397,8.532975056018363e-16
1356.377358490566,1.2247480708222804e-15
1356.5283018867924,7.813727080720608e-15
1356.6792452830189,-2.3438650533518807e-15
1356.8301886792453,6.7281960793462314e-15
1356.9811320754718,1.2706604798432278e-15
1357.132075471698,3.334700012525004e-15
1357.2830188679245,3.139721237048578e-15
1357.433962264151,2.7335790929592298e-15
1357.5849056603774,2.9581462323069117e-15
1357.7358490566037,3.48977469618338e-15
1357.8867924528302,2.1070077114673948e-15
1358.0377358490566,2.93040001484266e-15
1358.188679245283,5.420159362250587e-15
1358.3396226415093,-2.2208658094145166e-15
1358.4905660377358,9.001937847035772e-15
1358.6415094339623,-1.7063702710801288e-15
1358.7924528301887,5.7148888188110354e-15
1358.9433962264152,5.335509218794049e-16
1359.0943396226414,6.03653677035578e-15
1359.245283018868,4.685038673317823e-16
1359.3962264150944,2.0390769947868345e-15
1359.5471698113208,7.9864875800456e-15
1359.698113207547,-3.588074594313294e-15
1359.8490566037735,6.544287204346012e-15
1360.0,4.25791289723362e-15
1360.1509433962265,-1.218282235196619e-15
1360.301886792453,4.747730051465112e-15
1360.4528301886792,7.589324588347225e-15
1360.6037735849056,-8.569299642472719e-15
1360.754716981132,1.7112300678514378e-14
1360.9056603773586,-8.505131039108047e-15
1361.0566037735848,8.04450541245452e-15
1361.2075471698113,3.460351641190597e-15
1361.3584905660377,-1.6891449247449134e-16
1361.5094339622642,5.206874477771427e-15
1361.6603773584907,2.4354474329381273e-15
1361.811320754717,2.2288752021735146e-15
1361.9622641509434,3.2762157252259114e-15
1362.1132075471698,3.2432177156314247e-15
1362.2641509433963,2.117647743741391e-15
1362.4150943396226,3.255677948618942e-15
1362.566037735849,3.101840090807848e-15
1362.7169811320755,2.2805414334147472e-15
1362.867924528302,3.121134180672115e-15
1363.0188679245282,3.330769047183448e-15
1363.1698113207547,1.6431262465187245e-15
1363.3207547169811,4.135420460277675e-15
1363.4716981132076,2.289851816152499e-15
1363.622641509434,2.3010224014665516e-15
1363.7735849056603,3.4742245317537556e-15
1363.9245283018868,4.0071250935496e-15
1364.0754716981132,-1.5445091281526139e-15
1364.2264150943397,9.607413086536252e-15
1364.377358490566,-3.685030878071615e-15
1364.5283018867924,6.147962334752157e-15
1364.6792452830189,3.831258522935933e-15
1364.8301886792453,-1.5690610915534565e-15
1364.9811320754718,7.927441658525375e-15
1365.132075471698,-1.8626223991390257e-16
1365.2830188679245,1.8202688756879412e-15
1365.433962264151,7.474439552152758e-15
1365.5849056603774,-3.2997437767846372e-15
1365.7358490566037,6.8059751355769905e-15
1365.8867924528302,3.938201626799539e-15
1366.0377358490566,-4.518773497717674e-15
1366.188679245283,1.329259611077553e-14
1366.3396226415093,-4.497980317583378e-15
1366.4905660377358,6.797681034949429e-16
1366.6415094339623,1.4054140717215185e-14
1366.7924528301887,-9.282549363189645e-15
1366.9433962264152,4.2277094923909304e-15
1367.0943396226414,1.6670070908139457e-14
1367.245283018868,-2.0391517630499082e-14
1367.3962264150944,2.280588841432659e-14
1367.5471698113208,-5.671949553684362e-15
1367.698113207547,3.7495533474845566e-16
1367.8490566037735,8.420069319112748e-15
1368.0,-9.589143528512209e-17
1368.1509433962265,2.6243003070285144e-15
1368.301886792453,1.6345848776814403e-15
1368.4528301886792,7.596584593585308e-15
1368.6037735849056,-3.831471541818903e-15
1368.754716981132,6.00431596427393e-15
1368.9056603773586,5.808051334134908e-15
1369.0566037735848,-5.514858421354995e-15
1369.2075471698113,1.1544552243404578e-14
1369.3584905660377,-2.7042697978980475e-15
1369.5094339622642,3.983876782832193e-15
1369.6603773584907,2.3941681568473777e-15
1369.811320754717,6.208076852758328e-15
1369.9622641509434,-5.728076912799636e-15
1370.1132075471698,1.3355194697428938e-14
1370.2641509433963,-5.493429558697811e-15
1370.4150943396226,5.506527333598593e-15
1370.566037735849,3.72239498954409e-15
1370.7169811320755,1.4292905341783642e-15
1370.867924528302,2.2722831892513234e-15
1371.0188679245282,2.6663374737766754e-15
1371.1698113207547,5.960633666420296e-15
1371.3207547169811,-3.453277721047349e-15
1371.4716981132076,6.702750784616577e-15
1371.622641509434,5.534924371577027e-15
1371.7735849056603,-7.548550028236292e-15
1371.9245283018868,1.5675673310415497e-14
1372.0754716981132,-8.174492290303931e-15
1372.2264150943397,9.129546136341483e-15
1372.377358490566,-9.163263229229142e-16
1372.5283018867924,5.6803831508330344e-15
1372.6792452830189,-1.3945731260136408e-15
1372.8301886792453,6.979307752240252e-15
1372.9811320754718,-4.067600539829316e-16
1373.132075471698,3.3173933966425885e-15
1373.2830188679245,3.0643666192787768e-15
1373.433962264151,3.059806194601118e-15
1373.5849056603774,4.82827720829423e-16
1373.7358490566037,4.449340332555604e-15
1373.8867924528302,3.784291063698527e-15
1374.0377358490566,-2.662720265480571e-15
1374.188679245283,9.853245153815472e-15
1374.3396226415093,-3.5158629090377993e-15
1374.4905660377358,5.7696569692785336e-15
1374.6415094339623,1.1365643997929341e-15
1374.7924528301887,4.6474883182940256e-15
1374.9433962264152,-1.2491924206226687e-15
1375.0943396226414,6.2472129474412155e-15
1375.245283018868,2.0102480512115253e-15
1375.3962264150944,-9.931006789052592e-16
1375.5471698113208,7.380769848597173e-15
1375.698113207547,2.6594670586967755e-16
1375.8490566037735,1.247996421790566e-15
1376.0,4.545650833069508e-15
1376.1509433962265,2.7016577387189603e-15
1376.301886792453,1.2906676560753688e-15
1376.4528301886792,-5.610742578157694e-16
1376.6037735849056,1.471770758264609e-14
1376.754716981132,-1.7762024074021198e-14
1376.9056603773586,2.27872488290774e-14
1377.0566037735848,-7.87630339924624e-15
1377.2075471698113,-1.2061110206269403e-15
1377.3584905660377,1.4794699764366382e-14
1377.5094339622642,-7.327062132974921e-15
1377.6603773584907,1.934443487587749e-15
1377.811320754717,1.215322401838686e-14
1377.9622641509434,-8.536645102860248e-15
1378.1132075471698,8.422869858716283e-15
1378.2641509433963,1.0036143328133495e-15
1378.4150943396226,4.912588066299009e-15
1378.566037735849,-4.48807991374746e-15
1378.7169811320755,1.0832230498666827e-14
1378.867924528302,-2.624850878932666e-16
1379.0188679245282,-4.77000256419439e-15
1379.1698113207547,1.681906692604109e-14
1379.3207547169811,-1.2116637444449664e-14
1379.4716981132076,1.2224081974418204e-14
1379.622641509434,-2.9600292856620707e-15
1379.7735849056603,6.561306315311294e-15
1379.9245283018868,-1.922575419778544e-15
1380.0754716981132,5.141253557456914e-15
1380.2264150943397,3.814594207471681e-15
1380.377358490566,-2.9274427888855032e-15
1380.5283018867924,8.155097373675602e-15
1380.6792452830189,-1.0533507365577937e-17
1380.8301886792453,1.2296815083572899e-15
1380.9811320754718,3.1950173619151015e-15
1381.132075471698,6.231063954643288e-15
1381.2830188679245,-5.960453940026616e-15
1381.433962264151,9.670583598756022e-15
1381.5849056603774,2.695233004855326e-15
1381.7358490566037,-7.479209267662285e-15
1381.8867924528302,1.7282259827153274e-14
1382.0377358490566,-1.0638273480489576e-14
1382.188679245283,9.503308993102995e-15
1382.3396226415093,-3.034605096222596e-16
1382.4905660377358,4.129101415838641e-15
1382.6415094339623,4.894817769896868e-16
1382.7924528301887,6.996010100387733e-16
1382.9433962264152,1.230179015173614e-14
1383.0943396226414,-1.6855105242522895e-14
1383.245283018868,2.5445749642013678e-14
1383.3962264150944,-1.6606063020241783e-14
1383.5471698113208,1.2202883789266603e-14
1383.698113207547,-3.004898003600683e-16
1383.8490566037735,3.4224940096877197e-15
1384.0,-1.3387915206232093e-15
1384.1509433962265,7.447670958387738e-15
1384.301886792453,-3.148015582629721e-16
1384.4528301886792,-8.125243215837401e-18
1384.6037735849056,7.642288556070628e-15
1384.754716981132,-2.0218699912635783e-15
1384.9056603773586,3.3555801341143182e-15
1385.0566037735848,2.5969611450137207e-15
1385.2075471698113,4.220841986190832e-15
1385.3584905660377,-3.4826021974687578e-15
1385.5094339622642,9.161634486693038e-15
1385.6603773584907,-8.00718845010333e-16
1385.811320754717,-1.9447195463416527e-15
1385.9622641509434,1.2733593923215157e-14
1386.1132075471698,-1.0060089196212687e-14
1386.2641509433963,1.2036107386705899e-14
1386.4150943396226,-3.848230524983783e-15
1386.566037735849,6.019007427512826e-15
1386.7169811320755,-7.361591370946121e-16
1386.867924528302,4.465663849096331e-15
1387.0188679245282,9.64314501317258e-16
1387.1698113207547,3.0311184560039858e-15
1387.3207547169811,8.639139951863554e-16
1387.4716981132076,3.746013711786361e-15
1387.622641509434,2.7469741821283966e-15
1387.7735849056603,-3.0889965531944304e-15
1387.9245283018868,1.2446078794716382e-14
1388.0754716981132,-9.925593091780898e-15
1388.2264150943397,1.188448951863626e-14
1388.377358490566,-3.1023948939929897e-15
1388.5283018867924,4.3898430258061305e-15
1388.6792452830189,2.570336651095091e-16
1388.8301886792453,4.874576276596391e-15
1388.9811320754718,4.118606933019266e-16
1389.132075471698,-1.935815895617934e-16
1389.2830188679245,1.0194806029984047e-14
1389.433962264151,-9.909932135918498e-15
1389.5849056603774,1.382978471288942e-14
1389.7358490566037,-4.525348959039893e-15
1389.8867924528302,1.3996418218262109e-15
1390.0377358490566,8.991685171651125e-15
1390.188679245283,-6.787949475745453e-15
1390.3396226415093,8.5790645938476e-15
1390.4905660377358,6.45558502277065e-16
1390.6415094339623,-1.4444700265696295e-15
1390.7924528301887,9.166402065084508e-15
1390.9433962264152,-6.626642686692448e-15
1391.0943396226414,1.0969187067028813e-14
1391.245283018868,-6.06951378339822e-15
1391.3962264150944,9.134659861861461e-15
1391.5471698113208,-3.2588690197492265e-15
1391.698113207547,4.7695395328358294e-15
1391.8490566037735,2.0123355927352717e-15
1392.0,1.648071816939563e-15
1392.1509433962265,2.7475279871624555e-17
1392.301886792453,6.676353534588026e-15
1392.4528301886792,-7.852400632290309e-16
1392.6037735849056,-2.479489488948139e-15
1392.754716981132,1.4822032585765283e-14
1392.9056603773586,-1.2639708800393088e-14
1393.0566037735848,9.144825176125223e-15
1393.2075471698113,7.312397873732981e-15
1393.3584905660377,-1.1225592862429874e-14
1393.5094339622642,1.2297101956455118e-14
1393.6603773584907,4.049847466973896e-15
1393.811320754717,-1.2962822217742399e-14
1393.9622641509434,2.140657657868018e-14
1394.1132075471698,-1.0833540403779409e-14
1394.2641509433963,3.0134389279089898e-15
1394.4150943396226,9.154045539595412e-15
1394.566037735849,-4.687523783891887e-15
1394.7169811320755,1.2592104446186985e-15
1394.867924528302,1.1039842924444574e-14
1395.0188679245282,-1.07896607983623e-14
1395.1698113207547,1.1458314842925285e-14
1395.3207547169811,1.4516881280964014e-15
1395.4716981132076,-8.416254805110469e-15
1395.622641509434,2.0366446454428034e-14
1395.7735849056603,-1.804102585960482e-14
1395.9245283018868,1.683188329728752e-14
1396.0754716981132,-4.974481234704612e-15
1396.2264150943397,3.2907118381220293e-15
1396.377358490566,1.150122468538382e-15
1396.5283018867924,5.00309535800266e-15
1396.6792452830189,-1.9007700634755073e-15
1396.8301886792453,2.5591343890057523e-15
1396.9811320754718,6.4934780609350545e-15
1397.132075471698,-5.743959956700482e-15
1397.2830188679245,7.919471843230104e-15
1397.433962264151,5.228721930609205e-16
1397.5849056603774,3.7952409154830756e-16
1397.7358490566037,9.712024291827555e-16
1397.8867924528302,8.973046460101226e-15
1398.0377358490566,-8.99868546148742e-15
1398.188679245283,8.966743179410258e-15
1398.3396226415093,4.673225808836939e-15
1398.4905660377358,-9.210348504379711e-15
1398.6415094339623,1.2487523139086485e-14
1398.7924528301887,-2.3468117859051154e-16
1398.9433962264152,-4.741119781285384e-15
1399.0943396226414,9.669083108356078e-15
1399.245283018868,3.1040590748412225e-16
1399.3962264150944,-4.0439312003163735e-15
1399.5471698113208,1.0608545885645155e-14
1399.698113207547,-5.581192301261343e-15
1399.8490566037735,7.25888309150267e-15
1400.0,-2.513147556654916e-15
1400.1509433962265,3.636762006762401e-15
1400.301886792453,5.605146482363741e-15
1400.4528301886792,-8.106031798925822e-15
1400.6037735849056,1.3038416273073076e-14
1400.754716981132,-3.731897542115545e-15
1400.9056603773586,-1.9061824886437873e-15
1401.0566037735848,1.1465811675335764e-14
1401.2075471698113,-6.232347520894569e-15
1401.3584905660377,1.566188488351991e-15
1401.5094339622642,1.1033615409940192e-14
1401.6603773584907,-1.1447549643657963e-14
1401.811320754717,1.1689086675212292e-14
1401.9622641509434,-6.490032362790206e-16
1402.1132075471698,-2.2254900541141563e-15
1402.2641509433963,7.236868448865064e-15
1402.4150943396226,-1.0997164735706504e-15
1402.566037735849,1.7679539661804336e-15
1402.7169811320755,1.02634588084557e-15
1402.867924528302,6.359350807429052e-15
1403.0188679245282,-6.454461055207883e-15
1403.1698113207547,9.424856373289741e-15
1403.3207547169811,-1.4195496036979275e-15
1403.4716981132076,-6.85482259180294e-16
1403.622641509434,7.032654735149555e-15
1403.7735849056603,-3.1027379023332707e-15
1403.9245283018868,4.212949398698449e-15
1404.0754716981132,7.927085545183915e-16
1404.2264150943397,2.4732554188972027e-15
1404.377358490566,1.8228312403267912e-16
1404.5283018867924,3.447063105095228e-15
1404.6792452830189,3.4740433950112145e-16
1404.8301886792453,2.329189083629338e-15
1404.9811320754718,1.111913456038704e-15
1405.132075471698,2.5620473661544013e-15
1405.2830188679245,4.414210691909217e-16
1405.433962264151,2.579436841412714e-15
1405.5849056603774,1.2076340189817116e-15
1405.7358490566037,1.996691326731115e-15
1405.8867924528302,5.478759537672987e-16
1406.0377358490566,3.4571210123415804e-15
1406.188679245283,2.711847209987242e-17
1406.3396226415093,1.7927640113990638e-15
1406.4905660377358,2.407103739510181e-15
1406.6415094339623,2.0769028675404648e-15
1406.7924528301887,-2.399813844409653e-15
1406.9433962264152,8.734106343109565e-15
1407.0943396226414,-5.4066367083873455e-15
1407.245283018868,4.5401067500180485e-15
1407.3962264150944,3.998357616042303e-15
1407.5471698113208,-4.23088265755098e-15
1407.698113207547,7.152399430968115e-15
1407.8490566037735,-1.4881008383808312e-15
1408.0,2.3338387881028675e-15
1408.1509433962265,9.42448417824807e-16
1408.301886792453,3.696268342114606e-15
1408.4528301886792,-1.951051427439705e-15
1408.6037735849056,4.399572152004986e-15
1408.754716981132,9.364708097238676e-16
1408.9056603773586,5.577960703266207e-16
1409.0566037735848,9.627759696023525e-16
1409.2075471698113,6.2737033570133e-15
1409.3584905660377,-6.8569807373599e-15
1409.5094339622642,9.383674322781478e-15
1409.6603773584907,-1.4992952907248724e-15
1409.811320754717,-1.5608106139315872e-15
1409.9622641509434,7.630899505261319e-15
1410.1132075471698,-3.326679735977486e-15
1410.2641509433963,2.7690228117736146e-15
1410.4150943396226,1.8697673017795646e-15
1410.566037735849,3.1646785896037933e-15
1410.7169811320755,-4.153807692791622e-15
1410.867924528302,8.803146454317413e-15
1411.0188679245282,-3.738601519690855e-15
1411.1698113207547,2.8970429559835164e-15
1411.3207547169811,1.652255659649003e-15
1411.4716981132076,2.278946323352049e-15
1411.622641509434,-4.194359566328233e-17
1411.7735849056603,-6.098017763057132e-16
1411.9245283018868,1.116512904982699e-14
1412.0754716981132,-1.582677751910637e-14
1412.2264150943397,1.998438120937007e-14
1412.377358490566,-9.75025281832945e-15
1412.5283018867924,-2.489320919372098e-16
1412.6792452830189,1.3548857959016691e-14
1412.8301886792453,-1.2372226985812078e-14
1412.9811320754718,6.842395172789934e-15
1413.132075471698,8.7733463812302e-15
1413.2830188679245,-1.530894170440588e-14
1413.433962264151,1.7782513689170167e-14
1413.5849056603774,-5.187915166980875e-15
1413.7358490566037,-5.52138303068373e-15
1413.8867924528302,1.6710014033693833e-14
1414.0377358490566,-1.248318981019317e-14
1414.188679245283,5.527542809100571e-15
1414.3396226415093,7.637342698324832e-15
1414.4905660377358,-9.313183407486932e-15
1414.6415094339623,8.01049663437947e-15
1414.7924528301887,3.4149391843246546e-15
1414.9433962264152,-8.404027931736619e-15
1415.0943396226414,1.3024411002175082e-14
1415.245283018868,-6.525617651384274e-15
1415.3962264150944,2.8052325594079666e-15
1415.5471698113208,4.231552598034496e-15
1415.698113207547,-2.4670255606330603e-15
1415.8490566037735,3.9532828767097666e-15
1416.0,-1.476133296500927e-15
1416.1509433962265,6.274401923674692e-15
1416.301886792453,-6.260005185473306e-15
1416.4528301886792,8.859946676930889e-15
1416.6037735849056,-3.2541297301079165e-15
1416.754716981132,1.1630492427329672e-15
1416.9056603773586,5.0207247003501785e-15
1417.0566037735848,-3.881200886786417e-15
1417.2075471698113,5.000030832074704e-15
1417.3584905660377,9.07827503203036e-16
1417.5094339622642,-2.4552993432373365e-15
1417.6603773584907,7.188156391221517e-15
1417.811320754717,-3.8002845526840245e-15
1417.9622641509434,2.4366991139744817e-15
1418.1132075471698,4.270443571304875e-15
1418.2641509433963,-4.364975399955373e-15
1418.4150943396226,6.66625440481272e-15
1418.566037735849,-2.672554127301918e-15
1418.7169811320755,3.4412955034537854e-15
1418.867924528302,-4.3486933728989057e-16
1419.0188679245282,2.9147339751370685e-15
1419.1698113207547,-9.04637338525727e-16
1419.3207547169811,3.237612883142964e-15
1419.4716981132076,-6.227547708124249e-16
1419.622641509434,2.521928869382304e-15
1419.7735849056603,-9.860084082035618e-18
1419.9245283018868,2.2941632728902672e-15
1420.0754716981132,-2.14609426480893e-16
1420.2264150943397,2.651064594003035e-15
1420.377358490566,-4.494063948205151e-16
1420.5283018867924,2.484511746056484e-15
1420.6792452830189,5.733023665107751e-17
1420.8301886792453,1.9562012532917326e-15
1420.9811320754718,1.8074072982946242e-17
1421.132075471698,2.768884819754142e-15
1421.2830188679245,-1.0958699880273807e-15
1421.433962264151,3.006551279130981e-15
1421.5849056603774,1.7580672780210477e-16
1421.7358490566037,1.1974391679879203e-15
1421.8867924528302,5.2382654142135536e-17
1422.0377358490566,4.8153049472532414e-15
1422.188679245283,-5.814818669186782e-15
1422.3396226415093,9.000985456858294e-15
1422.4905660377358,-4.349731477939065e-15
1422.6415094339623,5.045207410617855e-16
1422.7924528301887,8.277833828025666e-15
1422.9433962264152,-1.0002334940796754e-14
1423.0943396226414,1.0110241129239988e-14
1423.245283018868,-6.315272294319616e-16
1423.3962264150944,-6.919247166221326e-15
1423.5471698113208,1.5672977188021543e-14
1423.698113207547,-1.3743868617567318e-14
1423.8490566037735,8.49925013792893e-15
1424.0,4.770077326937337e-15
1424.1509433962265,-1.2508739745297606e-14
1424.301886792453,1.7527263846580822e-14
1424.4528301886792,-1.0585298724616608e-14
1424.6037735849056,2.345768798563702e-15
1424.754716981132,9.75701935161714e-15
1424.9056603773586,-1.3707244903554175e-14
1425.0566037735848,1.5236815640172087e-14
1425.2075471698113,-7.312705300090976e-15
1425.3584905660377,2.9413166638770033e-17
1425.5094339622642,1.0201044044456821e-14
1425.6603773584907,-1.2528340496636005e-14
1425.811320754717,1.3755262993949119e-14
1425.9622641509434,-8.928955640381201e-15
1426.1132075471698,8.180508964700596e-15
1426.2641509433963,-4.9106182315646634e-15
1426.4150943396226,5.089514582335492e-15
1426.566037735849,-6.929676551352239e-16
1426.7169811320755,-3.1025192187179896e-16
1426.867924528302,3.61668095582076e-15
1427.0188679245282,-1.998037325336425e-15
1427.1698113207547,3.4390123194910587e-15
1427.3207547169811,-1.4861468109927725e-15
1427.4716981132076,2.2389286301203842e-15
1427.622641509434,2.0667878029888017e-15
1427.7735849056603,-3.879247191426355e-15
1427.9245283018868,7.39446616557669e-15
1428.0754716981132,-3.247568501684316e-15
1428.2264150943397,-2.042629427077432e-15
1428.377358490566,1.1667671481603087e-14
1428.5283018867924,-1.3801541091294438e-14
1428.6792452830189,1.1946184649758873e-14
1428.8301886792453,-1.8315028036285667e-15
1428.9811320754718,-3.573903650699644e-15
1429.132075471698,5.11823816597505e-15
1429.2830188679245,2.9123335978518374e-15
1429.433962264151,-7.303538305229709e-15
1429.5849056603774,7.388356368246193e-15
1429.7358490566037,3.1296279069445937e-15
1429.8867924528302,-1.0639972073841475e-14
1430.0377358490566,1.3220353556178066e-14
1430.188679245283,-3.733608111724747e-15
1430.3396226415093,-4.995068934699463e-15
1430.4905660377358,1.0862086591929564e-14
1430.6415094339623,-5.525011814512138e-15
1430.7924528301887,-6.976752529232977e-16
1430.9433962264152,7.362563383713647e-15
1431.0943396226414,-5.905647690539859e-15
1431.245283018868,4.181847145486906e-15
1431.3962264150944,-3.119560356640256e-16
1431.5471698113208,1.830438955951256e-15
1431.698113207547,-1.8863335745646984e-15
1431.8490566037735,3.859153758468604e-15
1432.0,-1.6941909722608634e-15
1432.1509433962265,2.490307203400064e-15
1432.301886792453,-2.479720062767701e-15
1432.4528301886792,6.791968176768814e-15
1432.6037735849056,-7.695034436087438e-15
1432.754716981132,7.740681352171227e-15
1432.9056603773586,-7.688297023019421e-16
1433.0566037735848,-5.6984260079270665e-15
1433.2075471698113,1.2160417822008823e-14
1433.3584905660377,-9.380042850941173e-15
1433.5094339622642,2.0351793249977634e-15
1433.6603773584907,1.0677998476008716e-14
1433.811320754717,-1.70538720693369e-14
1433.9622641509434,1.6965719293837324e-14
1434.1132075471698,-5.751139955287283e-15
1434.2641509433963,-5.664503631359267e-15
1434.4150943396226,1.3998468227483518e-14
1434.566037735849,-1.0406533430681592e-14
1434.7169811320755,2.6917324348986132e-15
1434.867924528302,6.575973354697277e-15
1435.0188679245282,-7.87270067041009e-15
1435.1698113207547,6.606442401028215e-15
1435.3207547169811,-2.2856664061322242e-15
1435.4716981132076,1.8846647182115447e-15
1435.622641509434,-2.1181449417086968e-16
1435.7735849056603,-1.539090879634939e-16
1435.9245283018868,3.805220135047307e-15
1436.0754716981132,-5.0315138044020794e-15
1436.2264150943397,6.815016053807544e-15
1436.377358490566,-5.060488296943567e-15
1436.5283018867924,4.859781126691388e-15
1436.6792452830189,-2.6756530849791364e-15
1436.8301886792453,2.59860170981313e-15
1436.9811320754718,-9.538412519850903e-16
1437.132075471698,2.611268133981534e-15
1437.2830188679245,-4.110370834855012e-15
1437.433962264151,8.251766760072651e-15
1437.5849056603774,-8.741209259028823e-15
1437.7358490566037,7.021565361223696e-15
1437.8867924528302,7.423899629393337e-16
1438.0377358490566,-7.620154845179492e-15
1438.188679245283,1.209399171948386e-14
1438.3396226415093,-7.38756204942308e-15
1438.4905660377358,-9.529305197071395e-16
1438.6415094339623,1.0227215746272712e-14
1438.7924528301887,-1.146834105847255e-14
1438.9433962264152,7.630644463147439e-15
1439.0943396226414,1.6473613813990498e-16
1439.245283018868,-3.408575908771772e-15
1439.3962264150944,3.612044251423599e-15
1439.5471698113208,9.63265268504251e-17
1439.698113207547,-9.74777226419183e-16
1439.8490566037735,8.165419389482915e-16
1440.0,1.4993782428403233e-15
1440.1509433962265,-7.147839483458922e-17
1440.301886792453,-2.6309635615343075e-15
1440.4528301886792,6.877188464721607e-15
1440.6037735849056,-6.477962215691887e-15
1440.754716981132,3.497192583565067e-15
1440.9056603773586,2.4450741956203134e-15
1441.0566037735848,-5.27369057805877e-15
1441.2075471698113,6.120602652563848e-15
1441.3584905660377,-3.3277297740421183e-15
1441.5094339622642,1.6756019587050025e-15
1441.6603773584907,-1.4244958989562628e-16
1441.811320754717,1.2690770460144667e-15
1441.9622641509434,-1.620962087074775e-15
1442.1132075471698,2.608407737748225e-15
1442.2641509433963,-1.5612772227624589e-15
1442.4150943396226,1.205948884273896e-15
1442.566037735849,4.699263502688644e-18
1442.7169811320755,6.180016407232702e-16
1442.867924528302,-8.155273255150326e-16
1443.0188679245282,2.1035313181945725e-15
1443.1698113207547,-1.7263373606480414e-15
1443.3207547169811,1.49453463351201e-15
1443.4716981132076,2.3381371204269644e-17
1443.622641509434,7.620749101137297e-17
1443.7735849056603,-5.024353086767376e-16
1443.9245283018868,2.5625101264111332e-15
1444.0754716981132,-2.995256408009299e-15
1444.2264150943397,2.341172997474292e-15
1444.377358490566,4.918352796059583e-16
1444.5283018867924,-1.3268920876280917e-15
1444.6792452830189,-5.598912063831867e-16
1444.8301886792453,5.9972088277077095e-15
1444.9811320754718,-9.48640879283266e-15
1445.132075471698,8.491256780462362e-15
1445.2830188679245,-1.7740055102858314e-15
1445.433962264151,-4.3595875166757125e-15
1445.5849056603774,5.675104557197899e-15
1445.7358490566037,-2.166154978879132e-16
1445.8867924528302,-5.5304091423382666e-15
1446.0377358490566,6.228894470626592e-15
1446.188679245283,7.833109725586877e-16
1446.3396226415093,-9.582026198616054e-15
1446.4905660377358,1.4184969899789553e-14
1446.6415094339623,-1.020305175423356e-14
1446.7924528301887,1.0671610902434641e-15
1446.9433962264152,7.899664578448028e-15
1447.0943396226414,-1.0668144504455838e-14
1447.245283018868,7.228423775822083e-15
1447.3962264150944,-4.279113985959814e-16
1447.5471698113208,-4.378767199070969e-15
1447.698113207547,5.587692709794345e-15
1447.8490566037735,-3.896405364010181e-15
1448.0,2.640333685893118e-15
1448.1509433962265,-2.8271977218973066e-15
1448.301886792453,3.933401259666778e-15
1448.4528301886792,-3.644089577604453e-15
1448.6037735849056,1.8493669651670934e-15
1448.754716981132,-2.4451628816258464e-16
1448.9056603773586,1.5087834823120087e-15
1449.0566037735848,-5.4370748188584375e-15
1449.2075471698113,9.074199566236568e-15
1449.3584905660377,-8.861301567842281e-15
1449.5094339622642,4.330585269054117e-15
1449.6603773584907,1.4626478284194138e-15
1449.811320754717,-4.657963742141305e-15
1449.9622641509434,3.632725955783956e-15
1450.1132075471698,-4.081722655431104e-16
1450.2641509433963,-1.8883875104298487e-15
1450.4150943396226,1.1522794425272825e-15
1450.566037735849,1.0878889505873042e-15
1450.7169811320755,-1.9769479874929684e-15
1450.867924528302,-9.02439600062516e-16
1451.0188679245282,5.522777762243477e-15
1451.1698113207547,-8.34827711283042e-15
1451.3207547169811,6.329822459587368e-15
1451.4716981132076,-1.830442152456331e-15
1451.622641509434,-1.2754279017742437e-15
1451.7735849056603,-5.244062365770984e-16
1451.9245283018868,4.622549327661671e-15
1452.0754716981132,-6.742446175694877e-15
1452.2264150943397,2.3731852785649018e-15
1452.377358490566,6.50853130323577e-15
1452.5283018867924,-1.5782959120510447e-14
1452.6792452830189,1.9402417319201636e-14
1452.8301886792453,-1.6909273854314972e-14
1452.9811320754718,9.534362862745905e-15
1453.132075471698,-1.9405349176708707e-15
1453.2830188679245,-4.691341430864359e-15
1453.433962264151,8.187053009988643e-15
1453.5849056603774,-9.42070465077761e-15
1453.7358490566037,6.954352713782035e-15
1453.8867924528302,-2.9805976695416245e-15
1454.0377358490566,-2.033926187198767e-15
1454.188679245283,4.591645121442514e-15
1454.3396226415093,-5.372779034414736e-15
1454.4905660377358,3.5394294857372648e-15
1454.6415094339623,-2.289038564452976e-15
1454.7924528301887,1.1510853069342741e-15
1454.9433962264152,-1.9777652139113107e-15
1455.0943396226414,2.2204444689587938e-15
1455.245283018868,-2.8281407794674464e-15
1455.3962264150944,1.7357319071272517e-15
1455.5471698113208,-1.51039570135342e-15
1455.698113207547,1.0371247126292398e-15
1455.8490566037735,-2.480059812840783e-15
1456.0,2.8532854995652795e-15
1456.1509433962265,-3.0825764783772357e-15
1456.301886792453,9.73010604096357e-16
1456.4528301886792,-4.97817826533289e-16
1456.6037735849056,1.4212636592828963e-15
1456.754716981132,-5.912342189307103e-15
1456.9056603773586,8.657715274192047e-15
1457.0566037735848,-8.754193943181594e-15
1457.2075471698113,3.4051550827026686e-15
1457.3584905660377,1.4226578155368472e-15
1457.5094339622642,-4.0695400486802746e-15
1457.6603773584907,8.252199636779208e-16
1457.811320754717,2.777070588632169e-15
1457.9622641509434,-5.488995443987871e-15
1458.1132075471698,2.891627538768992e-15
1458.2641509433963,8.858461449075037e-16
1458.4150943396226,-6.272954145926177e-15
1458.566037735849,8.437418366915806e-15
1458.7169811320755,-9.2884943014625e-15
1458.867924528302,5.951360778112333e-15
1459.0188679245282,-3.4751604510925776e-15
1459.1698113207547,1.6645960261774319e-15
1459.3207547169811,-4.502563230229992e-15
1459.4716981132076,5.550881454737041e-15
1459.622641509434,-3.4204562351836676e-15
1459.7735849056603,-5.831445932872316e-15
1459.9245283018868,1.3252331313330812e-14
1460.0754716981132,-1.4961634219862315e-14
1460.2264150943397,5.745812928471372e-15
1460.377358490566,4.586081789419256e-15
1460.5283018867924,-1.03377484267265e-14
1460.6792452830189,3.4894492282919182e-15
1460.8301886792453,8.245312148412893e-15
1460.9811320754718,-1.9272589541744945e-14
1461.132075471698,1.8222842179454954e-14
1461.2830188679245,-8.556165222422874e-15
1461.433962264151,-6.389090725293648e-15
1461.5849056603774,1.3225617742776408e-14
1461.7358490566037,-1.140511565511792e-14
1461.8867924528302,6.184668742937527e-16
1462.0377358490566,6.9392551746610824e-15
1462.188679245283,-1.013027085780537e-14
1462.3396226415093,6.008703882251143e-15
1462.4905660377358,-3.498720672007874e-15
1462.6415094339623,1.1477888751724232e-15
1462.7924528301887,-2.238161773515906e-15
1462.9433962264152,1.8024845884024778e-17
1463.0943396226414,1.6502853645195053e-15
1463.245283018868,-5.562193605100232e-15
1463.3962264150944,5.368488230770841e-15
1463.5471698113208,-5.4727755893016086e-15
1463.698113207547,2.5456217858818556e-15
1463.8490566037735,-2.46563395196709e-15
1464.0,6.652611753538183e-16
1464.1509433962265,-1.5500548271991132e-15
1464.301886792453,4.821221852081613e-16
1464.4528301886792,-2.9239987548052235e-15
1464.6037735849056,3.7514339927028106e-15
1464.754716981132,-6.509424865385056e-15
1464.9056603773586,4.7173031292288464e-15
1465.0566037735848,-3.3922866960893545e-15
1465.2075471698113,-1.3971358323077895e-15
1465.3584905660377,3.3875594738720913e-15
1465.5094339622642,-7.325198794123318e-15
1465.6603773584907,7.411101441125844e-15
1465.811320754717,-8.29827738765007e-15
1465.9622641509434,4.874960092608183e-15
1466.1132075471698,-4.147688257640618e-15
1466.2641509433963,2.0331969266593947e-15
1466.4150943396226,-3.611843510274086e-15
1466.566037735849,1.4790734769443762e-15
1466.7169811320755,-2.471578627540984e-16
1466.867924528302,-4.68146724017153e-15
1467.0188679245282,5.452169949528277e-15
1467.1698113207547,-6.790684521618952e-15
1467.3207547169811,3.744542611927304e-15
1467.4716981132076,-3.892821841227562e-15
1467.622641509434,2.075390839058295e-15
1467.7735849056603,-3.622558873156184e-15
1467.9245283018868,1.619920674368508e-15
1468.0754716981132,-2.5145327738782873e-15
1468.2264150943397,1.5191491180502327e-15
1468.377358490566,-5.391648252702008e-15
1468.5283018867924,6.5398535445945595e-15
1468.6792452830189,-8.875901643786906e-15
1468.8301886792453,4.6840122597676266e-15
1468.9811320754718,-1.1991632343327538e-15
1469.132075471698,-5.333438072443262e-15
1469.2830188679245,5.386589176199564e-15
1469.433962264151,-4.153751022675047e-15
1469.5849056603774,-3.2707024890600924e-15
1469.7358490566037,6.198972151444893e-15
1469.8867924528302,-7.731480889843361e-15
1470.0377358490566,8.197740994832706e-16
1470.188679245283,4.3061334027767744e-15
1470.3396226415093,-9.840621916128334e-15
1470.4905660377358,6.5409326205516724e-15
1470.6415094339623,-3.309398480021075e-15
1470.7924528301887,-1.8490762154610237e-15
1470.9433962264152,-2.0795565787127388e-15
1471.0943396226414,6.9254965231257336e-15
1471.245283018868,-1.3816847175416374e-14
1471.3962264150944,9.666845660190293e-15
1471.5471698113208,-1.9520610229442212e-15
1471.698113207547,-9.552703699235382e-15
1471.8490566037735,9.39540750880016e-15
1472.0,-3.0534861127738315e-15
1472.1509433962265,-1.0883636411487943e-14
1472.301886792453,1.6002241002020063e-14
1472.4528301886792,-1.5551903993863197e-14
1472.6037735849056,5.281317761412701e-15
1472.754716981132,-4.819758620706357e-17
1472.9056603773586,-3.565642575633822e-15
1473.0566037735848,-6.8068620623815665e-16
1473.2075471698113,6.594839188783282e-16
1473.3584905660377,-1.9407986251082642e-15
1473.5094339622642,-2.1851311170158e-15
1473.6603773584907,1.337244686883212e-15
1473.811320754717,-2.882737280778213e-15
1473.9622641509434,5.197978294712957e-16
1474.1132075471698,-4.628907587470734e-15
1474.2641509433963,7.27866713681959e-15
1474.4150943396226,-1.4191061105268526e-14
1474.566037735849,1.3377261359991969e-14
1474.7169811320755,-1.0878184315707086e-14
1474.867924528302,-4.432638051965285e-16
1475.0188679245282,7.345219363945774e-15
1475.1698113207547,-1.2682105959773763e-14
1475.3207547169811,5.704098767066093e-15
1475.4716981132076,1.3192248944309523e-15
1475.622641509434,-9.573791440667458e-15
1475.7735849056603,5.384136088557523e-15
1475.9245283018868,-8.106875108507778e-17
1476.0754716981132,-6.6333966421595405e-15
1476.2264150943397,-4.559891070612217e-16
1476.377358490566,1.0007017406233193e-14
1476.5283018867924,-2.127718177560344e-14
1476.6792452830189,1.6989830777394062e-14
1476.8301886792453,-6.89751853336112e-15
1476.9811320754718,-8.988042589467847e-15
1477.132075471698,1.215014200796121e-14
1477.2830188679245,-1.0172837746212915e-14
1477.433962264151,3.1152014841244253e-16
1477.5849056603774,6.569235451435088e-16
1477.7358490566037,-8.880437990913386e-16
1477.8867924528302,-3.6315495779405584e-15
1478.0377358490566,-2.3888785444919733e-15
1478.188679245283,9.467389094830965e-15
1478.3396226415093,-2.0744394171588947e-14
1478.4905660377358,1.9012403241263132e-14
1478.6415094339623,-1.184283029188704e-14
1478.7924528301887,-4.620787258414381e-15
1478.9433962264152,1.1013944536598096e-14
1479.0943396226414,-1.158574516732495e-14
1479.245283018868,-6.013675897226385e-16
1479.3962264150944,7.338008114603402e-15
1479.5471698113208,-1.2577412114420736e-14
1479.698113207547,6.942431311375232e-15
1479.8490566037735,-5.315425113459846e-15
1480.0,9.625585403305215e-16
1480.1509433962265,-3.49582160106053e-15
1480.301886792453,2.4271334417356614e-16
1480.4528301886792,-4.502004420438311e-16
1480.6037735849056,-4.952210756479833e-15
1480.754716981132,3.688224371490534e-15
1480.9056603773586,-5.5685096892448285e-15
1481.0566037735848,1.0364607030361988e-15
1481.2075471698113,-2.024316011975763e-15
1481.3584905660377,-1.3238582589334158e-15
1481.5094339622642,-1.5085815956503768e-15
1481.6603773584907,-6.466507241773033e-16
1481.811320754717,-2.601655270921189e-15
1481.9622641509434,2.0328015892737266e-16
1482.1132075471698,-2.664667843626446e-15
1482.2641509433963,-1.1475439066469132e-15
1482.4150943396226,-2.285177406337051e-16
1482.566037735849,-2.7748806518348507e-15
1482.7169811320755,-2.0527601570751272e-15
1482.867924528302,2.8280145536840565e-15
1483.0188679245282,-8.026434291238653e-15
1483.1698113207547,4.078562631391269e-15
1483.3207547169811,-2.5358611573134683e-15
1483.4716981132076,-5.081651272159484e-15
1483.622641509434,4.522692622617998e-15
1483.7735849056603,-6.666268280992356e-15
1483.9245283018868,1.9353802623648885e-15
1484.0754716981132,-4.09873106956273e-15
1484.2264150943397,2.0599366740685765e-15
1484.377358490566,-5.9027858815631916e-15
1484.5283018867924,2.197538460873531e-15
1484.6792452830189,-2.8848214081220424e-15
1484.8301886792453,-1.2868262326212802e-15
1484.9811320754718,-3.927026921501982e-15
1485.132075471698,5.905831523841202e-15
1485.2830188679245,-1.2488967394862812e-14
1485.433962264151,7.803804185311413e-15
1485.5849056603774,-4.383298076934888e-15
1485.7358490566037,-4.614908792677522e-15
1485.8867924528302,1.7013952261562514e-15
1486.0377358490566,9.005161008690149e-16
1486.188679245283,-9.409811824410253e-15
1486.3396226415093,5.186731681815563e-15
1486.4905660377358,-4.694083408892489e-16
1486.6415094339623,-1.0450678214843148e-14
1486.7924528301887,8.102337751701739e-15
1486.9433962264152,-4.410314634300416e-15
1487.0943396226414,-7.284307442317953e-15
1487.245283018868,8.265751335270588e-15
1487.3962264150944,-1.0092542092793812e-14
1487.5471698113208,3.2549993038881494e-15
1487.698113207547,-3.610208527014034e-15
1487.8490566037735,-1.1915558112018266e-15
1488.0,-7.041469442640694e-16
1488.1509433962265,-3.930809983091768e-15
1488.301886792453,1.6056772930433664e-15
1488.4528301886792,-5.344541845079869e-15
1488.6037735849056,2.9349807453490123e-15
1488.754716981132,-7.818552889318273e-15
1488.9056603773586,5.646152403130448e-15
1489.0566037735848,-7.927156719745135e-15
1489.2075471698113,1.0312922775636378e-15
1489.3584905660377,1.507589629832642e-16
1489.5094339622642,-6.746625616708986e-15
1489.6603773584907,4.076329803914278e-15
1489.811320754717,-6.015340613305051e-15
1489.9622641509434,6.393339711220942e-16
1490.1132075471698,-3.3557203012392752e-15
1490.2641509433963,1.3512447164887874e-15
1490.4150943396226,-7.425745114890648e-15
1490.566037735849,6.0050614801152655e-15
1490.7169811320755,-9.735582931712181e-15
1490.867924528302,4.9505870718692726e-15
1491.0188679245282,-6.173118198732292e-15
1491.1698113207547,-4.24282233437516e-19
1491.3207547169811,-1.489184502319937e-15
1491.4716981132076,-1.8420115568983723e-15
1491.622641509434,-4.252529942092645e-15
1491.7735849056603,2.7871392196595623e-15
1491.9245283018868,-4.094987554843426e-15
1492.0754716981132,-6.5719892099392134e-15
1492.2264150943397,1.0181730785194633e-14
1492.377358490566,-1.4837841264500897e-14
1492.5283018867924,4.237319324391989e-15
1492.6792452830189,2.6260784713569103e-15
1492.8301886792453,-1.2859862791129382e-14
1492.9811320754718,7.235423815750029e-15
1493.132075471698,-1.6937512918506844e-15
1493.2830188679245,-1.2068756675024377e-14
1493.433962264151,1.2165874200692322e-14
1493.5849056603774,-1.0465382230267968e-14
1493.7358490566037,-4.129528332578449e-15
1493.8867924528302,9.047907245613374e-15
1494.0377358490566,-1.3571671981208856e-14
1494.188679245283,3.571702146357014e-15
1494.3396226415093,-3.4691675762808204e-16
1494.4905660377358,-5.260060128057669e-15
1494.6415094339623,-2.3908105503504173e-15
1494.7924528301887,3.4613134433933207e-15
1494.9433962264152,-8.273941374447771e-15
1495.0943396226414,8.002357754299911e-16
1495.245283018868,2.801081412469535e-16
1495.3962264150944,-6.72298418523224e-15
1495.5471698113208,2.368104792923664e-15
1495.698113207547,-4.630830003279414e-15
1495.8490566037735,-3.10554687916967e-16
1496.0,-2.7557541068805295e-15
1496.1509433962265,-3.1313887228326295e-15
1496.301886792453,1.99543996877419e-15
1496.4528301886792,-7.468277332927991e-15
1496.6037735849056,2.3631212267978536e-15
1496.754716981132,-3.951408552261705e-15
1496.9056603773586,-8.00729017360085e-16
1497.0566037735848,-4.950556881007013e-15
1497.2075471698113,2.7235368544303263e-15
1497.3584905660377,-5.500974648648021e-15
1497.5094339622642,-2.710010179655597e-15
1497.6603773584907,2.3096829746901594e-15
1497.811320754717,-6.786284120102014e-15
1497.9622641509434,1.2162500242011793e-15
1498.1132075471698,-5.7830372563585825e-15
1498.2641509433963,5.830753145249852e-15
1498.4150943396226,-1.5175376956018168e-14
1498.566037735849,1.3075302031657116e-14
1498.7169811320755,-1.4344729596702128e-14
1498.867924528302,4.449327154542767e-15
1499.0188679245282,-3.4744072578568934e-15
1499.1698113207547,-3.1171075954769358e-15
1499.3207547169811,-1.6635769511749029e-15
1499.4716981132076,2.0464696665896764e-16
1499.622641509434,-8.024114406749651e-15
1499.7735849056603,6.542071145885428e-15
1499.9245283018868,-1.095081356989763e-14
1500.0754716981132,3.2420337423034455e-15
1500.2264150943397,-1.1858786356640766e-15
1500.377358490566,-9.542065097454499e-15
1500.5283018867924,8.223124555688133e-15
1500.6792452830189,-1.0115065308020138e-14
1500.8301886792453,-5.18844413678257e-16
1500.9811320754718,2.067956584294647e-15
1501.132075471698,-8.002007931620425e-15
1501.2830188679245,5.376438651714171e-16
1501.433962264151,-3.7252257381946454e-16
1501.5849056603774,-5.940292714673001e-15
1501.7358490566037,-1.0683507093711047e-15
1501.8867924528302,2.5499957406764774e-15
1502.0377358490566,-1.3013426280069069e-14
1502.188679245283,1.1759035163014014e-14
1502.3396226415093,-1.5174048164883627e-14
1502.4905660377358,5.82804319527133e-15
1502.6415094339623,-3.3872110008417882e-15
1502.7924528301887,-7.328685230111173e-15
1502.9433962264152,5.517005199355419e-15
1503.0943396226414,-7.78191683028814e-15
1503.245283018868,-2.7650810049968073e-15
1503.3962264150944,4.521959381133426e-15
1503.5471698113208,-1.2020718231524384e-14
1503.698113207547,5.803275592190354e-15
1503.8490566037735,-6.621354875975227e-15
1504.0,7.249117443530043e-16
1504.1509433962265,-9.429756563246363e-15
1504.301886792453,1.2469314951238415e-14
1504.4528301886792,-2.2633371398446117e-14
1504.6037735849056,1.6390580936608497e-14
1504.754716981132,-1.2300748078150979e-14
1504.9056603773586,-3.4772294072429402e-15
1505.0566037735848,6.603491456842587e-15
1505.2075471698113,-1.329523842640355e-14
1505.3584905660377,5.941962398563377e-15
1505.5094339622642,-6.236636832120033e-15
1505.6603773584907,-2.3275047244044534e-15
1505.811320754717,-6.937416211119793e-16
1505.9622641509434,-3.009447795424151e-15
1506.1132075471698,-4.922220956535348e-15
1506.2641509433963,2.429914889498798e-15
1506.4150943396226,-4.912392227175064e-15
1506.566037735849,-7.514077452036432e-15
1506.7169811320755,1.0630502100834455e-14
1506.867924528302,-1.6400636609469247e-14
1507.0188679245282,2.624837199443117e-15
1507.1698113207547,5.7898265678325466e-15
1507.3207547169811,-1.845942034979794e-14
1507.4716981132076,1.007914945131227e-14
1507.622641509434,-3.645022153203296e-15
1507.7735849056603,-1.0962237398096036e-14
1507.9245283018868,6.68351994576268e-15
1508.0754716981132,-4.0470272352656074e-15
1508.2264150943397,-9.113485772140802e-15
1508.377358490566,5.709680662743851e-15
1508.5283018867924,-5.275200854458631e-15
1508.6792452830189,-5.737158290607678e-15
1508.8301886792453,6.67191575243301e-16
1508.9811320754718,9.975222619016903e-16
1509.132075471698,-1.3902814167576735e-14
1509.2830188679245,1.217256889857828e-14
1509.433962264151,-1.489361218209961e-14
1509.5849056603774,4.859848429937368e-15
1509.7358490566037,-5.950694326438116e-15
1509.8867924528302,-5.90265580643803e-16
1510.0377358490566,-5.2268457941298116e-15
1510.188679245283,1.3843177613787934e-15
1510.3396226415093,-6.649872590674409e-15
1510.4905660377358,-4.809329304612929e-16
1510.6415094339623,-1.2596025489920294e-15
1510.7924528301887,-6.978436759194195e-15
1510.9433962264152,2.9521193559918688e-15
1511.0943396226414,-7.434292359670037e-15
1511.245283018868,8.607766293153088e-16
1511.3962264150944,-5.3243024897235395e-15
1511.5471698113208,3.139623377073268e-17
1511.698113207547,-5.242593288666001e-15
1511.8490566037735,-6.318179098763974e-16
1512.0,-3.846852617523914e-15
1512.1509433962265,-1.5487654013035693e-15
1512.301886792453,-4.7648742908918756e-15
1512.4528301886792,6.7379927708549605e-16
1512.6037735849056,-5.923856027513923e-15
1512.754716981132,-1.350116765359734e-15
1512.9056603773586,-2.0560268526966486e-15
1513.0566037735848,-2.311939549000877e-15
1513.2075471698113,-8.038188938347995e-15
1513.3584905660377,8.591604432175334e-15
1513.5094339622642,-1.6088486622951847e-14
1513.6603773584907,6.4686453106166e-15
1513.811320754717,-3.750430449368003e-15
1513.9622641509434,-8.98651931731513e-15
1514.1132075471698,6.649361982195764e-15
1514.2641509433963,-1.1327519085476698e-14
1514.4150943396226,3.258177205564476e-15
1514.566037735849,-5.948463861360222e-15
1514.7169811320755,-2.1955874311502877e-15
1514.867924528302,-1.4810297225537924e-15
1515.0188679245282,-4.154223272107352e-15
1515.1698113207547,-3.0083282369966433e-15
1515.3207547169811,-1.0364582528981249e-15
1515.4716981132076,-4.441393012661002e-15
1515.622641509434,-1.8872640196501543e-15
1515.7735849056603,-5.280527275478128e-15
1515.9245283018868,5.061233186225462e-15
1516.0754716981132,-1.7895660870504885e-14
1516.2264150943397,1.7035208191179785e-14
1516.377358490566,-2.228191486742461e-14
1516.5283018867924,1.1853612944814545e-14
1516.6792452830189,-1.1965050428926302e-14
1516.8301886792453,3.1184101620885618e-15
1516.9811320754718,-8.708837488090835e-15
1517.132075471698,3.712344409844526e-15
1517.2830188679245,-8.092031041212207e-15
1517.433962264151,-1.9605071022363557e-15
1517.5849056603774,1.165031048190783e-15
1517.7358490566037,-9.319257673929797e-15
1517.8867924528302,2.603446421969128e-15
1518.0377358490566,-7.064428981490234e-15
1518.188679245283,3.2104433901976664e-15
1518.3396226415093,-1.474491872260685e-14
1518.4905660377358,1.424615992824093e-14
1518.6415094339623,-1.9510602606610303e-14
1518.7924528301887,5.228337284242188e-15
1518.9433962264152,9.754645962035093e-16
1519.0943396226414,-1.5327712940139052e-14
1519.245283018868,9.726438070771137e-15
1519.3962264150944,-9.448540444423636e-15
1519.5471698113208,-3.339739281503782e-15
1519.698113207547,2.1063844346977942e-16
1519.8490566037735,-4.858136380242711e-15
1520.0,-3.1388793317178578e-15
1520.1509433962265,-2.7886418099850013e-15
1520.301886792453,-2.120048279611202e-15
1520.4528301886792,-3.145134189002246e-15
1520.6037735849056,-6.62075734285634e-15
1520.754716981132,4.7756821706967834e-15
1520.9056603773586,-1.1373159749474535e-14
1521.0566037735848,8.585222779578226e-16
1521.2075471698113,-6.18435745488172e-16
1521.3584905660377,-8.480728851747288e-15
1521.5094339622642,-5.567354721290924e-16
1521.6603773584907,1.1399859567221616e-15
1521.811320754717,-1.2389605075817933e-14
1521.9622641509434,5.719900651417295e-15
1522.1132075471698,-5.89954091809138e-15
1522.2641509433963,-7.65230866240286e-15
1522.4150943396226,5.974589287236691e-15
1522.566037735849,-1.22923647323001e-14
1522.7169811320755,3.626694328918531e-15
1522.867924528302,-7.540797418206396e-15
1523.0188679245282,5.433327928054833e-16
1523.1698113207547,-6.879298719895169e-15
1523.3207547169811,3.0007901440350067e-16
1523.4716981132076,-5.466036804665807e-15
1523.622641509434,-1.723514334046158e-15
1523.7735849056603,-4.836214358858754e-15
1523.9245283018868,-3.797403327809164e-16
1524.0754716981132,-6.028383742235041e-15
1524.2264150943397,-2.4807560972541515e-15
1524.377358490566,-4.731713252957899e-16
1524.5283018867924,-7.696361121904189e-15
1524.6792452830189,7.992343255388654e-17
1524.8301886792453,-3.559897049334768e-15
1524.9811320754718,-4.598933329406192e-15
1525.132075471698,-2.216121986365978e-15
1525.2830188679245,-3.3489801608406135e-15
1525.433962264151,-1.5960423221021993e-15
1525.5849056603774,-9.479485110148093e-15
1525.7358490566037,8.543177806798655e-15
1525.8867924528302,-1.7755970309607936e-14
1526.0377358490566,9.35925574799915e-15
1526.188679245283,-1.0599237811525558e-14
1526.3396226415093,-1.252610633315385e-15
1526.4905660377358,-2.206558222355394e-15
1526.6415094339623,-4.836350455483934e-15
1526.7924528301887,-2.671507311148572e-15
1526.9433962264152,-2.2540888470787732e-15
1527.0943396226414,-6.143837590893611e-15
1527.245283018868,6.118285490342089e-16
1527.3962264150944,-5.950203236813697e-15
1527.5471698113208,-4.438749487612689e-15
1527.698113207547,1.707342323934054e-15
1527.8490566037735,-8.402302686564922e-15
1528.0,-4.094027016390965e-15
1528.1509433962265,7.113858689065587e-15
1528.301886792453,-2.155239486605573e-14
1528.4528301886792,1.504672855631699e-14
1528.6037735849056,-1.2909288693926821e-14
1528.754716981132,-6.849348654685476e-15
1528.9056603773586,9.235015308818851e-15
1529.0566037735848,-1.542246758601685e-14
1529.2075471698113,-2.8431025003267224e-16
1529.3584905660377,4.006901584181256e-15
1529.5094339622642,-1.5607574080037197e-14
1529.6603773584907,5.577281344838208e-15
1529.811320754717,-4.024048417155279e-15
1529.9622641509434,-1.0674639650121516e-14
1530.1132075471698,7.055962031460637e-15
1530.2641509433963,-1.1377317349332633e-14
1530.4150943396226,-1.7730883314575332e-15
1530.566037735849,1.801670128313715e-15
1530.7169811320755,-1.308758860512451e-14
1530.867924528302,6.786393727598789e-15
1531.0188679245282,-1.1377923154136633e-14
1531.1698113207547,1.723685745076418e-15
1531.3207547169811,-7.05792516723685e-15
1531.4716981132076,-6.129108287917384e-16
1531.622641509434,-5.148673232327447e-15
1531.7735849056603,-3.736068387367981e-15
1531.9245283018868,-1.2773192425792266e-15
1532.0754716981132,-7.279380117221027e-15
1532.2264150943397,2.066684342809574e-15
1532.377358490566,-1.1239322998165228e-14
1532.5283018867924,5.5459019525228885e-15
1532.6792452830189,-1.1243394317311924e-14
1532.8301886792453,6.859067851230942e-17
1532.9811320754718,-2.3144365266269113e-15
1533.132075471698,-7.41795456971567e-15
1533.2830188679245,-1.1555905672813448e-16
1533.433962264151,-4.901482850201563e-15
1533.5849056603774,-3.3920054737353145e-15
1533.7358490566037,-4.355424722932719e-15
1533.8867924528302,-1.804122641743155e-15
1534.0377358490566,-4.330385367508205e-15
1534.188679245283,-6.094630637938124e-15
1534.3396226415093,2.1133762858795932e-15
1534.4905660377358,-9.417587146797889e-15
1534.6415094339623,-1.3206807141849646e-15
1534.7924528301887,-8.600368466961285e-16
1534.9433962264152,-9.716118528576613e-15
1535.0943396226414,2.7435490425859897e-15
1535.245283018868,-7.965325393522061e-15
1535.3962264150944,-1.5106442406900705e-15
1535.5471698113208,-4.765924952536724e-15
1535.698113207547,-2.09743177457049e-15
1535.8490566037735,-6.0863345498544185e-15
1536.0,-7.778739526335325e-16
1536.1509433962265,-6.080808164776664e-15
1536.301886792453,-2.203446661250968e-15
1536.4528301886792,-4.361852613178125e-15
1536.6037735849056,-2.9590867133316206e-15
1536.754716981132,-5.1578066280466604e-15
1536.9056603773586,-1.3566348116683633e-15
1537.0566037735848,-6.101967531396064e-15
1537.2075471698113,-2.273862032627725e-15
1537.3584905660377,-3.728196610752627e-15
1537.5094339622642,-4.189757174895176e-15
1537.6603773584907,-4.419609077580627e-15
1537.811320754717,-9.282085643075517e-16
1537.9622641509434,-7.255287943022355e-15
1538.1132075471698,-2.5065907129862793e-15
1538.2641509433963,-6.523722417563727e-16
1538.4150943396226,-9.670823634699228e-15
1538.566037735849,6.907207980361173e-16
1538.7169811320755,-3.069315484080912e-15
1538.867924528302,-9.416671668919037e-15
1539.0188679245282,3.409460181368272e-15
1539.1698113207547,-9.427273987143277e-15
1539.3207547169811,6.574633846982914e-16
1539.4716981132076,-9.827951010724195e-15
1539.622641509434,5.6302006057425096e-15
1539.7735849056603,-1.4797581186603476e-14
1539.9245283018868,4.364767012414701e-15
1540.0754716981132,-5.5911796929892175e-15
1540.2264150943397,-8.034453837841187e-15
1540.377358490566,1.731667459882626e-15
1540.5283018867924,-4.742092819079386e-15
1540.6792452830189,-1.029839015127129e-14
1540.8301886792453,6.935031786713638e-15
1540.9811320754718,-1.2011342092327325e-14
1541.132075471698,-3.4153661419150782e-15
1541.2830188679245,2.052722996829149e-15
1541.433962264151,-9.077493780631157e-15
1541.5849056603774,-5.588579550580356e-15
1541.7358490566037,3.848533760374646e-15
1541.8867924528302,-9.675681950343709e-15
1542.0377358490566,-7.612961623067555e-15
1542.188679245283,8.918555077932698e-15
1542.3396226415093,-1.7020354723596337e-14
1542.4905660377358,2.4979189480888234e-16
1542.6415094339623,2.276493467155959e-15
1542.7924528301887,-1.2963382697566702e-14
1542.9433962264152,-1.3448554789184028e-15
1543.0943396226414,3.4372340674620938e-15
1543.245283018868,-1.7374099653117646e-14
1543.3962264150944,9.15838293682002e-15
1543.5471698113208,-1.2842266364922286e-14
1543.698113207547,2.249403166939111e-16
1543.8490566037735,-3.439504918039728e-15
1544.0,-1.0626323940389612e-14
1544.1509433962265,1.0385358373621154e-14
1544.301886792453,-2.418232223854295e-14
1544.4528301886792,1.5410401860708152e-14
1544.6037735849056,-1.425180772792852e-14
1544.754716981132,-6.608546588211548e-15
1544.9056603773586,7.054724197926284e-15
1545.0566037735848,-1.379009945757626e-14
1545.2075471698113,-2.8324505749264013e-15
1545.3584905660377,3.24751997310969e-15
1545.5094339622642,-1.3973279871287029e-14
1545.6603773584907,3.559800613295164e-15
1545.811320754717,-8.49140076538528e-15
1545.9622641509434,-1.133426561442272e-15
1546.1132075471698,-5.461940875890871e-15
1546.2641509433963,-6.155473684517649e-15
1546.4150943396226,2.9182827890657552e-15
1546.566037735849,-1.4060547428584543e-14
1546.7169811320755,4.6379567787431686e-15
1546.867924528302,-7.538091099777163e-15
1547.0188679245282,-6.961028211030444e-15
1547.1698113207547,2.846074223498235e-15
1547.3207547169811,-1.0408551980195871e-14
1547.4716981132076,-2.8646182949325566e-15
1547.622641509434,8.7920595670985195e-16
1547.7735849056603,-1.137174914986811e-14
1547.9245283018868,-1.2000275401775213e-15
1548.0754716981132,1.3590893259306412e-15
1548.2264150943397,-1.5857375921327243e-14
1548.377358490566,7.709961367356311e-15
1548.5283018867924,-1.1704996783159954e-14
1548.6792452830189,1.9314533800871443e-16
1548.8301886792453,-9.417726705962288e-15
1548.9811320754718,4.020224044862943e-15
1549.132075471698,-1.2401349156775504e-14
1549.2830188679245,-4.851081940374291e-16
1549.433962264151,-1.7503662281527985e-15
1549.5849056603774,-9.508978210665295e-15
1549.7358490566037,-5.71492294162295e-16
1549.8867924528302,-4.5031048427386956e-15
1550.0377358490566,-4.003889693331486e-15
1550.188679245283,-9.316639231461568e-15
1550.3396226415093,8.112735570620415e-15
1550.4905660377358,-2.0573161381493058e-14
1550.6415094339623,9.633337836540617e-15
1550.7924528301887,-1.055737719101868e-14
1550.9433962264152,-4.812952594019686e-15
1551.0943396226414,-2.131336713718051e-15
1551.245283018868,-2.352089550693604e-15
1551.3962264150944,-1.109601271250439e-14
1551.5471698113208,3.803039676337034e-15
1551.698113207547,-8.662268785506765e-15
1551.8490566037735,-5.354344340768836e-15
1552.0,4.294887830503849e-16
1552.1509433962265,-9.07141720936152e-15
1552.301886792453,-1.6688795997943995e-15
1552.4528301886792,-4.475962864862581e-15
1552.6037735849056,-5.392206592680099e-15
1552.754716981132,-3.08643004444742e-15
1552.9056603773586,-4.7524509628869706e-15
1553.0566037735848,-4.974443455715262e-15
1553.2075471698113,-2.863839331137373e-15
1553.3584905660377,-4.9565896341249454e-15
1553.5094339622642,-6.547913925885031e-15
1553.6603773584907,1.4518439169169675e-15
1553.811320754717,-1.1502521248155273e-14
1553.9622641509434,5.770613721425994e-16
1554.1132075471698,-4.995177702451092e-15
1554.2641509433963,-6.361173740608384e-15
1554.4150943396226,-2.8479716097072045e-15
1554.566037735849,-4.545772655557261e-15
1554.7169811320755,-2.5075595021860343e-15
1554.867924528302,-1.0855481551794054e-14
1555.0188679245282,4.633367138870392e-15
1555.1698113207547,-8.367051108884039e-15
1555.3207547169811,-1.212479881446289e-14
1555.4716981132076,1.410532765239706e-14
1555.622641509434,-2.4397454265140703e-14
1555.7735849056603,6.428996070261262e-15
1555.9245283018868,-1.697858951502942e-15
1556.0754716981132,-1.6525168968196996e-14
1556.2264150943397,9.076871821512708e-15
1556.377358490566,-1.3619301454531475e-14
1556.5283018867924,7.502321084952418e-17
1556.6792452830189,-7.210586587227514e-15
1556.8301886792453,-6.663424304578064e-16
1556.9811320754718,-9.46970296605558e-15
1557.132075471698,3.430669991120011e-16
1557.2830188679245,-7.692205019654587e-15
1557.433962264151,-2.557069148117377e-15
1557.5849056603774,-6.313473824747995e-15
1557.7358490566037,-1.616396026664489e-15
1557.8867924528302,-8.120186577161177e-15
1558.0377358490566,-1.1536859779834993e-15
1558.188679245283,-6.587653351938485e-15
1558.3396226415093,-3.275089116742193e-15
1558.4905660377358,-6.123162615040357e-15
1558.6415094339623,-1.382067779177137e-15
1558.7924528301887,-8.67137242195736e-15
1558.9433962264152,-1.0860796848327995e-15
1559.0943396226414,-5.718901634788812e-15
1559.245283018868,-4.642928040240383e-15
1559.3962264150944,-6.230159440059626e-15
1559.5471698113208,1.7270909688171727e-15
1559.698113207547,-1.4484319764492932e-14
1559.8490566037735,4.56519006798198e-15
1560.0,-8.094642090819359e-15
1560.1509433962265,-7.170253926785082e-15
1560.301886792453,3.629144425848873e-17
1560.4528301886792,-5.673914107798251e-15
1560.6037735849056,-8.921124918142727e-15
1560.754716981132,2.198130284305649e-15
1560.9056603773586,-8.062666241594312e-15
1561.0566037735848,-8.331271518905765e-15
1561.2075471698113,5.803161580622741e-15
1561.3584905660377,-1.7006962210394198e-14
1561.5094339622642,4.6493078053080464e-15
1561.6603773584907,-8.25782729934241e-15
1561.811320754717,-5.333485091856705e-15
1561.9622641509434,-2.215490491679706e-15
1562.1132075471698,-6.977211273337181e-15
1562.2641509433963,-2.408365010136958e-15
1562.4150943396226,-6.5024038545970035e-15
1562.566037735849,-4.505290860493216e-15
1562.7169811320755,-1.4393327404618772e-15
1562.867924528302,-1.061545057874987e-14
1563.0188679245282,1.0070637644121165e-15
1563.1698113207547,-6.4996812200003776e-15
1563.3207547169811,-7.62957731720234e-15
1563.4716981132076,1.102447878207465e-15
1563.622641509434,-1.0064049584596656e-14
1563.7735849056603,-1.33311959947457e-15
1563.9245283018868,-6.476888101316343e-15
1564.0754716981132,-2.9108243970209108e-15
1564.2264150943397,-7.0357843222464985e-15
1564.377358490566,-2.528581985502348e-15
1564.5283018867924,-5.622376021890137e-15
1564.6792452830189,-4.7582340093113584e-15
1564.8301886792453,-5.251620883635573e-15
1564.9811320754718,-2.362406342055477e-15
1565.132075471698,-7.701625004668394e-15
1565.2830188679245,-4.417362309519957e-15
1565.433962264151,4.1731681281571434e-16
1565.5849056603774,-1.4156077234263769e-14
1565.7358490566037,3.3424053720969945e-15
1565.8867924528302,-4.888112441158409e-15
1566.0377358490566,-1.4751010211114373e-14
1566.188679245283,1.132120197788754e-14
1566.3396226415093,-1.9962268339131366e-14
1566.4905660377358,5.67874720983829e-15
1566.6415094339623,-1.1913151249669542e-14
1566.7924528301887,2.902367851833914e-15
1566.9433962264152,-1.4098734789185165e-14
1567.0943396226414,3.4228738765641523e-15
1567.245283018868,-8.654336900152155e-15
1567.3962264150944,-4.999741852374685e-15
1567.5471698113208,-3.568029740996322e-15
1567.698113207547,-5.235547865766387e-15
1567.8490566037735,-3.278845927669527e-15
1568.0,-1.048188868729075e-14
1568.1509433962265,5.285975637188032e-15
1568.301886792453,-1.613822766324578e-14
1568.4528301886792,4.3176703460219485e-15
1568.6037735849056,-1.1039777424940398e-14
1568.754716981132,-9.836712839175961e-17
1568.9056603773586,-8.8953195009364e-15
1569.0566037735848,-2.762765962609777e-15
1569.2075471698113,-2.8389244416636323e-15
1569.3584905660377,-1.0936338843592015e-14
1569.5094339622642,1.9013461124253047e-15
1569.6603773584907,-7.549644180058684e-15
1569.811320754717,-7.91819630454982e-15
1569.9622641509434,3.6757884723355677e-16
1570.1132075471698,-6.130313470940391e-15
1570.2641509433963,-1.0820365732681753e-14
1570.4150943396226,5.645035284721452e-15
1570.566037735849,-1.3923668841074677e-14
1570.7169811320755,-1.5748216972519958e-15
1570.867924528302,-3.1460694836824267e-15
1571.0188679245282,-7.654610289416395e-15
1571.1698113207547,-4.424623477080686e-15
1571.3207547169811,-3.3110415393409536e-15
1571.4716981132076,-5.919723132305465e-15
1571.622641509434,-6.0549508414634365e-15
1571.7735849056603,-3.4377090284222066e-15
1571.9245283018868,-3.173431758110611e-15
1572.0754716981132,-1.1199723091823471e-14
1572.2264150943397,2.407345001022388e-15
1572.377358490566,-6.9438631878597464e-15
1572.5283018867924,-1.2852575167092294e-14
1572.6792452830189,1.1513923562507764e-14
1572.8301886792453,-2.2425084209247968e-14
1572.9811320754718,4.110525908572481e-15
1573.132075471698,-6.354795959131998e-16
1573.2830188679245,-1.9351651025547368e-14
1573.433962264151,9.620108006850667e-15
1573.5849056603774,-9.909381541388411e-15
1573.7358490566037,-1.2925238957376099e-14
1573.8867924528302,1.0504803253933375e-14
1574.0377358490566,-1.8251328574341575e-14
1574.188679245283,-1.0502379011557196e-15
1574.3396226415093,1.0811021547473522e-16
1574.4905660377358,-1.2512438122025282e-14
1574.6415094339623,-2.3659606153902177e-15
1574.7924528301887,-8.102142395681402e-16
1574.9433962264152,-1.1057281231190351e-14
1575.0943396226414,-5.106779347823385e-15
1575.245283018868,5.73243350862202e-15
1575.3962264150944,-2.3951539175552925e-14
1575.5471698113208,1.4573775335041785e-14
1575.698113207547,-1.8412200221043267e-14
1575.8490566037735,9.897227623849726e-17
1576.0,-4.961153640406637e-15
1576.1509433962265,-5.369807767479659e-15
1576.301886792453,-8.17082321674709e-15
1576.4528301886792,2.141785511315948e-15
1576.6037735849056,-1.4087823411995194e-14
1576.754716981132,2.5805567432282824e-15
1576.9056603773586,-1.0063765596295511e-14
1577.0566037735848,-7.839583893790439e-16
1577.2075471698113,-1.1490560381291325e-14
1577.3584905660377,2.933988245695449e-15
1577.5094339622642,-9.73490159607289e-15
1577.6603773584907,-8.816427223613897e-15
1577.811320754717,5.9737337139117935e-15
1577.9622641509434,-1.5641356699179344e-14
1578.1132075471698,-3.4236754834351533e-15
1578.2641509433963,3.1265347657836078e-15
1578.4150943396226,-1.585282329453905e-14
1578.566037735849,-1.0470413097594378e-15
1578.7169811320755,4.448199835336932e-16
1578.867924528302,-1.5262778573105458e-14
1579.0188679245282,1.6701528173734579e-15
1579.1698113207547,-4.4219572023271305e-15
1579.3207547169811,-1.1580223300528152e-14
1579.4716981132076,2.168712236521486e-15
1579.622641509434,-9.715989128617294e-15
1579.7735849056603,-3.62834636272974e-15
1579.9245283018868,-5.6392722526770565e-15
1580.0754716981132,-3.615669923667171e-15
1580.2264150943397,-8.482404542254725e-15
1580.377358490566,-8.092352401385206e-16
1580.5283018867924,-9.1257400683673e-15
1580.6792452830189,-2.830731941925886e-15
1580.8301886792453,-5.829544917214284e-15
1580.9811320754718,-4.6700927050947726e-15
1581.132075471698,-8.06021157369838e-15
1581.2830188679245,1.4894023280530521e-15
1581.433962264151,-1.4396032346794262e-14
1581.5849056603774,2.977918259684988e-15
1581.7358490566037,-9.124291511664891e-15
1581.8867924528302,-6.087334857889081e-15
1582.0377358490566,-1.7809401067092968e-15
1582.188679245283,-8.18800965065118e-15
1582.3396226415093,-4.283987049845008e-15
1582.4905660377358,-4.580712762092045e-15
1582.6415094339623,-6.0107412940586516e-15
1582.7924528301887,-5.240355924756045e-15
1582.9433962264152,-4.697099263105679e-15
1583.0943396226414,-5.284221946466869e-15
1583.245283018868,-6.463946725595893e-15
1583.3962264150944,-3.022773739956255e-15
1583.5471698113208,-7.212825066837852e-15
1583.698113207547,-4.9026239383819675e-15
1583.8490566037735,-3.946222200916651e-15
1584.0,-6.280343385546811e-15
1584.1509433962265,-7.358543864454292e-15
1584.301886792453,8.486276081859822e-16
1584.4528301886792,-1.2654248176630802e-14
1584.6037735849056,-1.3662111563263923e-15
1584.754716981132,-3.210125796078898e-15
1584.9056603773586,-1.1502337912154881e-14
1585.0566037735848,1.3769130552223538e-15
1585.2075471698113,-1.0936543214150741e-14
1585.3584905660377,4.669956470364495e-16
1585.5094339622642,-1.1157654833721578e-14
1585.6603773584907,-3.1598653347772733e-15
1585.811320754717,7.61189239386459e-16
1585.9622641509434,-1.873860852642732e-14
1586.1132075471698,7.591242712742787e-15
1586.2641509433963,-8.899023321378804e-15
1586.4150943396226,-1.2369056284923945e-14
1586.566037735849,4.143878153435424e-15
1586.7169811320755,-6.7300926405791825e-15
1586.867924528302,-1.5076849312308287e-14
1587.0188679245282,8.254672950122203e-15
1587.1698113207547,-1.1628686945944206e-14
1587.3207547169811,-1.163782321839495e-14
1587.4716981132076,8.647039184677902e-15
1587.622641509434,-1.6721898421738945e-14
1587.7735849056603,-3.404317508354144e-15
1587.9245283018868,3.900624368722177e-16
1588.0754716981132,-1.1913121575136334e-14
1588.2264150943397,-2.3904375703936928e-15
1588.377358490566,-7.081899451464621e-15
1588.5283018867924,8.557003919874528e-16
1588.6792452830189,-1.8873577337284708e-14
1588.8301886792453,1.2050431621721527e-14
1588.9811320754718,-2.0247096844108613e-14
1589.132075471698,2.4660273928570436e-15
1589.2830188679245,-6.6351520313374515e-15
1589.433962264151,-6.692180916830036e-15
1589.5849056603774,-6.2996506705227564e-15
1589.7358490566037,4.375982933331304e-16
1589.8867924528302,-1.5707993815140536e-14
1590.0377358490566,6.18353794082003e-15
1590.188679245283,-1.458749272879002e-14
1590.3396226415093,-4.497599394691017e-16
1590.4905660377358,-7.176274732947919e-15
1590.6415094339623,-4.5810024388283755e-15
1590.7924528301887,-6.716468268876881e-15
1590.9433962264152,-3.913982989357717e-15
1591.0943396226414,-6.9156805436514505e-15
1591.245283018868,-2.783215650103566e-15
1591.3962264150944,-1.1304397937271119e-14
1591.5471698113208,4.179501051095189e-15
1591.698113207547,-1.6475882103015726e-14
1591.8490566037735,2.8164615718336158e-15
1592.0,-7.845921142750023e-15
1592.1509433962265,-8.52033688267195e-15
1592.301886792453,-1.3095018766386177e-15
1592.4528301886792,-4.887092201619294e-15
1592.6037735849056,-1.37421725231485e-14
1592.754716981132,7.540907304195663e-15
1592.9056603773586,-1.582869465654199e-14
1593.0566037735848,-3.818624980457391e-15
1593.2075471698113,8.033338992760868e-16
1593.3584905660377,-1.2332703265245378e-14
1593.5094339622642,-6.301535791191129e-15
1593.6603773584907,5.8089182202201475e-15
1593.811320754717,-2.340976431956871e-14
1593.9622641509434,1.2404611444530904e-14
1594.1132075471698,-1.904224735176599e-14
1594.2641509433963,3.45831963372106e-15
1594.4150943396226,-1.2038775331714103e-14
1594.566037735849,2.9774845835784703e-16
1594.7169811320755,-1.0796547913838728e-14
1594.867924528302,-1.2175595580753998e-15
1595.0188679245282,-8.902454762255442e-15
1595.1698113207547,-2.6525076116967402e-15
1595.3207547169811,-7.534493044526357e-15
1595.4716981132076,-5.748512331513341e-15
1595.622641509434,-2.1648896392437565e-15
1595.7735849056603,-1.1205513526869567e-14
1595.9245283018868,3.993673340259421e-16
1596.0754716981132,-1.0428536134097274e-14
1596.2264150943397,-1.5969978655913793e-15
1596.377358490566,-9.202109995273379e-15
1596.5283018867924,-2.044907368093892e-15
1596.6792452830189,-8.820580699082635e-15
1596.8301886792453,-2.122488222078554e-15
1596.9811320754718,-1.020213657456187e-14
1597.132075471698,1.1948900470707145e-15
1597.2830188679245,-1.4542323777775635e-14
1597.433962264151,4.62681376703638e-15
1597.5849056603774,-1.5136343780552327e-14
1597.7358490566037,1.2971603076839966e-15
1597.8867924528302,-8.946829263537445e-15
1598.0377358490566,-3.9052483974829346e-15
1598.188679245283,-9.606150877725796e-15
1598.3396226415093,3.792844877729561e-15
1598.4905660377358,-1.8728075048167126e-14
1598.6415094339623,5.04757084970158e-15
1598.7924528301887,-7.72931612361755e-15
1598.9433962264152,-1.2127627028577123e-14
1599.0943396226414,2.914469365504274e-15
1599.245283018868,-7.648324985523665e-15
1599.3962264150944,-1.3868546475964765e-14
1599.5471698113208,9.659335095246709e-15
1599.698113207547,-2.0614203008913857e-14
1599.8490566037735,2.9702784906258054e-15
1600.0,-5.760532993842393e-15
1600.1509433962265,-1.2364731438396679e-14
1600.301886792453,4.7060044400301364e-15
1600.4528301886792,-1.6067056525211513e-14
1600.6037735849056,2.0127641268429523e-15
1600.754716981132,-8.911051224928508e-15
1600.9056603773586,-6.575199853399398e-15
1601.0566037735848,-2.1246540031259382e-15
1601.2075471698113,-9.690727353543036e-15
1601.3584905660377,-2.521577531653688e-15
1601.5094339622642,-7.469580580902743e-15
1601.6603773584907,-4.723830521662646e-15
1601.811320754717,-6.420691375633247e-15
1601.9622641509434,-4.515397725243307e-15
1602.1132075471698,-7.302606471761555e-15
1602.2641509433963,-3.880434426442925e-15
1602.4150943396226,-7.055260348697277e-15
1602.566037735849,-4.9641667653009395e-15
1602.7169811320755,-6.035354344275636e-15
1602.867924528302,-4.863660872351479e-15
1603.0188679245282,-7.518405256989174e-15
1603.1698113207547,-3.196445982419193e-15
1603.3207547169811,-7.546497600402793e-15
1603.4716981132076,-5.4396795781648714e-15
1603.622641509434,-5.082535292495525e-15
1603.7735849056603,-4.694227111550853e-15
1603.9245283018868,-1.0384175987977619e-14
1604.0754716981132,2.0455736168608227e-15
1604.2264150943397,-1.3075120860667486e-14
1604.377358490566,-2.402908191924356e-15
1604.5283018867924,-3.7886649661287584e-15
1604.6792452830189,-1.08045390461845e-14
1604.8301886792453,-8.31672031830475e-16
1604.9811320754718,-8.136895836999736e-15
1605.132075471698,-5.653139161128668e-15
1605.2830188679245,-5.23856883875407e-15
1605.433962264151,-4.9035344960430494e-15
1605.5849056603774,-8.169844099513353e-15
1605.7358490566037,-3.3316553149458564e-15
1605.8867924528302,-5.633087929070571e-15
1606.0377358490566,-9.30325254821045e-15
1606.188679245283,-4.1021542436468744e-16
1606.3396226415093,-9.633089949283061e-15
1606.4905660377358,-5.3149031269592866e-15
1606.6415094339623,-3.0380270474057626e-15
1606.7924528301887,-1.0266255430224908e-14
1606.9433962264152,2.4765854885724355e-16
1607.0943396226414,-1.3774493970509997e-14
1607.245283018868,3.8389801201724764e-15
1607.3962264150944,-1.4410486143843286e-14
1607.5471698113208,-1.1265517752149151e-15
1607.698113207547,-5.312756709030275e-15
1607.8490566037735,-9.284743404146287e-15
1608.0,-2.6581184810014315e-15
1608.1509433962265,-6.254355617137698e-15
1608.301886792453,-7.31184905759652e-15
1608.4528301886792,-4.664906105326945e-15
1608.6037735849056,-4.765127587681206e-15
1608.754716981132,-7.730867347683873e-15
1608.9056603773586,-6.2594256258013525e-15
1609.0566037735848,-5.699976467547365e-16
1609.2075471698113,-1.409605915535076e-14
1609.3584905660377,7.269035853842191e-16
1609.5094339622642,-6.5166162164889044e-15
1609.6603773584907,-1.009047723616374e-14
1609.811320754717,-1.4420387465304494e-15
1609.9622641509434,-5.886093536261819e-15
1610.1132075471698,-9.22572510708848e-15
1610.2641509433963,-3.882867710229897e-15
1610.4150943396226,-2.14561147877532e-15
1610.566037735849,-1.434471450895353e-14
1610.7169811320755,3.854471673797681e-15
1610.867924528302,-1.4298260115074776e-14
1611.0188679245282,2.010896146262582e-15
1611.1698113207547,-1.304529959937118e-14
1611.3207547169811,-2.3636654587739844e-15
1611.4716981132076,-1.5276678866451383e-15
1611.622641509434,-1.6975435520262737e-14
1611.7735849056603,4.749878712617862e-15
1611.9245283018868,-7.522193033391978e-15
1612.0754716981132,-1.4098868456613522e-14
1612.2264150943397,4.466613158582623e-15
1612.377358490566,-8.276502727727562e-15
1612.5283018867924,-1.3712220166138242e-14
1612.6792452830189,5.08222926848211e-15
1612.8301886792453,-9.695432833368789e-15
1612.9811320754718,-1.2746345978928718e-14
1613.132075471698,6.259749281696708e-15
1613.2830188679245,-1.3920042138851426e-14
1613.433962264151,-6.4450283231549175e-15
1613.5849056603774,1.6896299508025488e-16
1613.7358490566037,-1.0008143903560122e-14
1613.8867924528302,-8.155325991625127e-15
1614.0377358490566,1.1137685497213256e-15
1614.188679245283,-1.0989850536639404e-14
1614.3396226415093,-8.67838662806989e-15
1614.4905660377358,5.978644097934728e-15
1614.6415094339623,-2.174893983185609e-14
1614.7924528301887,6.32703385997303e-15
1614.9433962264152,-9.293604750617287e-15
1615.0943396226414,-9.932601054514127e-15
1615.245283018868,-8.76452179676836e-16
1615.3962264150944,-5.288899419965348e-15
1615.5471698113208,-1.3090711778243936e-14
1615.698113207547,2.474108908559347e-15
1615.8490566037735,-7.7497929359455e-15
1616.0,-1.388236661421008e-14
1616.1509433962265,8.200116715646122e-15
1616.301886792453,-1.806685628492769e-14
1616.4528301886792,-1.441485821634656e-15
1616.6037735849056,-3.252620287266041e-15
1616.754716981132,-9.83117572014127e-15
1616.9056603773586,-6.022405735451714e-15
1617.0566037735848,-1.2077023730586658e-15
1617.2075471698113,-1.1199112832669582e-14
1617.3584905660377,-4.160909034348157e-15
1617.5094339622642,-3.010553283596949e-15
1617.6603773584907,-1.1778742504192171e-14
1617.811320754717,1.1121706791838202e-15
1617.9622641509434,-1.3295816954554016e-14
1618.1132075471698,1.3990400810694914e-15
1618.2641509433963,-1.2091481714439967e-14
1618.4150943396226,-2.0629511967443453e-15
1618.566037735849,-6.932638367363031e-15
1618.7169811320755,-7.610420709441704e-15
1618.867924528302,-1.629642405853289e-15
1619.0188679245282,-1.2470090577147308e-14
1619.1698113207547,1.4827033884455774e-15
1619.3207547169811,-1.1644837699919675e-14
1619.4716981132076,-4.088591666941101e-15
1619.622641509434,-3.6114261955430884e-15
1619.7735849056603,-1.0606290014631252e-14
1619.9245283018868,-1.235547294700357e-15
1620.0754716981132,-9.326435271961966e-15
1620.2264150943397,-3.7205851790193505e-15
1620.377358490566,-7.72274456201857e-15
1620.5283018867924,-4.094214007181859e-15
1620.6792452830189,-7.772708694044186e-15
1620.8301886792453,-4.3296817755052515e-15
1620.9811320754718,-7.344268414480627e-15
1621.132075471698,-4.502497854953515e-15
1621.2830188679245,-7.563463607468532e-15
1621.433962264151,-4.304727511330381e-15
1621.5849056603774,-7.31606543903169e-15
1621.7358490566037,-4.923540091429156e-15
1621.8867924528302,-6.928933408861297e-15
1622.0377358490566,-4.61626240083213e-15
1622.188679245283,-7.715535549646281e-15
1622.3396226415093,-4.186889242626013e-15
1622.4905660377358,-7.186602358696671e-15
1622.6415094339623,-5.3276496888128974e-15
1622.7924528301887,-6.636194540544009e-15
1622.9433962264152,-4.414511721257376e-15
1623.0943396226414,-8.445808042869864e-15
1623.245283018868,-3.613594202518033e-15
1623.3962264150944,-6.870712928188315e-15
1623.5471698113208,-6.414091404106887e-15
1623.698113207547,-6.245190841837884e-15
1623.8490566037735,-2.4507228000325733e-15
1624.0,-1.319727613001308e-14
1624.1509433962265,2.2323820072861507e-15
1624.301886792453,-1.0592952342279297e-14
1624.4528301886792,-8.292271391569232e-15
1624.6037735849056,2.8765154743395993e-15
1624.754716981132,-1.7217728850137052e-14
1624.9056603773586,2.472469713685534e-15
1625.0566037735848,-8.812166610286671e-15
1625.2075471698113,-7.963342036061581e-15
1625.3584905660377,-2.0617472204791775e-15
1625.5094339622642,-9.489017219161838e-15
1625.6603773584907,-3.623796198217314e-15
1625.811320754717,-7.339503220319285e-15
1625.9622641509434,-5.940660219685474e-15
1626.1132075471698,-3.69062543099872e-15
1626.2641509433963,-1.1151186604356727e-14
1626.4150943396226,1.1864252370769258e-16
1626.566037735849,-8.587225978268583e-15
1626.7169811320755,-1.1050798930937724e-14
1626.867924528302,6.637543819071611e-15
1627.0188679245282,-2.105682134475652e-14
1627.1698113207547,4.992685800650188e-15
1627.3207547169811,-1.0398271314534193e-14
1627.4716981132076,-4.959169337859541e-15
1627.622641509434,-9.212571047191514e-15
1627.7735849056603,1.9273504807876535e-15
1627.9245283018868,-1.611227510797483e-14
1628.0754716981132,1.1669877579790063e-15
1628.2264150943397,-6.941691262073543e-15
1628.377358490566,-1.0277902487440653e-14
1628.5283018867924,-1.0849594110625565e-15
1628.6792452830189,-6.779018206891789e-15
1628.8301886792453,-1.109566441869424e-14
1628.9811320754718,2.4151314123223213e-15
1629.132075471698,-1.3068044557008367e-14
1629.2830188679245,-3.749082510525398e-15
1629.433962264151,-3.520596812788303e-15
1629.5849056603774,-1.0549742096374563e-14
1629.7358490566037,-2.308290004777082e-15
1629.8867924528302,-7.842850922000107e-15
1630.0377358490566,-5.383384696602526e-15
1630.188679245283,-6.554976834022137e-15
1630.3396226415093,-5.226532170956964e-15
1630.4905660377358,-6.736370721761516e-15
1630.6415094339623,-5.724195885900618e-15
1630.7924528301887,-6.038729148969745e-15
1630.9433962264152,-5.943829147918447e-15
1631.0943396226414,-6.253541995235071e-15
1631.245283018868,-5.946408653476395e-15
1631.3962264150944,-5.752507369627995e-15
1631.5471698113208,-6.362687474198824e-15
1631.698113207547,-6.236982741938962e-15
1631.8490566037735,-5.165010340195945e-15
1632.0,-6.747645367412828e-15
1632.1509433962265,-6.496241506644625e-15
1632.301886792453,-4.629938483887702e-15
1632.4528301886792,-6.391471585273192e-15
1632.6037735849056,-8.904956698155097e-15
1632.754716981132,9.612186683172052e-17
1632.9056603773586,-1.2607636062993092e-14
1633.0566037735848,-2.9335583781771197e-15
1633.2075471698113,-3.4929742214120627e-15
1633.3584905660377,-1.3061678267784365e-14
1633.5094339622642,1.4937634961626479e-15
1633.6603773584907,-9.855690910613743e-15
1633.811320754717,-7.522094208532568e-15
1633.9622641509434,-1.523311707058781e-15
1634.1132075471698,-9.231994539647432e-15
1634.2641509433963,-7.360119573933889e-15
1634.4150943396226,-3.136062787681556e-16
1634.566037735849,-1.369456170292063e-14
1634.7169811320755,1.2021447836270463e-15
1634.867924528302,-1.240000797336979e-14
1635.0188679245282,3.194039119196609e-17
1635.1698113207547,-1.1826331110828521e-14
1635.3207547169811,-1.6296979315662283e-15
1635.4716981132076,-8.862997110877248e-15
1635.622641509434,-2.515999276437354e-15
1635.7735849056603,-1.4018638892514717e-14
1635.9245283018868,7.714876348291648e-15
1636.0754716981132,-2.2232284804283343e-14
1636.2264150943397,6.2641278530347454e-15
1636.377358490566,-1.0021430262623755e-14
1636.5283018867924,-9.96448336086884e-15
1636.6792452830189,1.2279771241600414e-15
1636.8301886792453,-1.1827946559568748e-14
1636.9811320754718,-4.028132238388487e-15
1637.132075471698,-5.148874864524169e-15
1637.2830188679245,-7.725608332134657e-15
1637.433962264151,-5.255872352940754e-15
1637.5849056603774,-5.790332252769478e-15
1637.7358490566037,-6.441289969054054e-15
1637.8867924528302,-6.8020519911331725e-15
1638.0377358490566,-3.6100711974514055e-15
1638.188679245283,-9.570291353174394e-15
1638.3396226415093,-3.0983846311919448e-15
1638.4905660377358,-7.204887689364466e-15
1638.6415094339623,-6.085568810100316e-15
1638.7924528301887,-7.56959154080015e-15
1638.9433962264152,-3.8253165128318607e-16
1639.0943396226414,-1.5747949982116835e-14
1639.245283018868,3.959760022488796e-15
1639.3962264150944,-1.1665557512377324e-14
1639.5471698113208,-6.994313447096529e-15
1639.698113207547,-1.1534713812501695e-15
1639.8490566037735,-9.410742276197454e-15
1640.0,-8.553122615613062e-15
1640.1509433962265,1.84878316481109e-15
1640.301886792453,-1.4667469035067045e-14
1640.4528301886792,-2.0950093345054306e-15
1640.6037735849056,-3.4863091037694778e-15
1640.754716981132,-1.2580229249656132e-14
1640.9056603773586,-5.604627313118252e-16
1641.0566037735848,-6.998642278025199e-15
1641.2075471698113,-9.281373166890788e-15
1641.3584905660377,-2.919952602897754e-15
1641.5094339622642,-4.599563751418862e-15
1641.6603773584907,-1.2569763473847094e-14
1641.811320754717,4.419637534153415e-16
1641.9622641509434,-6.110605988841753e-15
1642.1132075471698,-1.4333611401267346e-14
1642.2641509433963,5.554654125920635e-15
1642.4150943396226,-1.376793015295687e-14
1642.566037735849,-4.943273309204923e-15
1642.7169811320755,-5.0277269899496296e-15
1642.867924528302,-2.6672988569984856e-15
1643.0188679245282,-1.542128325586639e-14
1643.1698113207547,3.4776660525672736e-15
1643.3207547169811,-8.265201362543103e-15
1643.4716981132076,-1.2920009555272325e-14
1643.622641509434,3.4743186110096736e-15
1643.7735849056603,-9.101813558119801e-15
1643.9245283018868,-1.4248394868324916e-14
1644.0754716981132,1.0509212289835272e-14
1644.2264150943397,-2.3691823769534963e-14
1644.377358490566,6.051785184314624e-15
1644.5283018867924,-1.055584213940485e-14
1644.6792452830189,-6.860763432155652e-15
1644.8301886792453,-4.113505421543958e-15
1644.9811320754718,-6.739210128178412e-15
1645.132075471698,-6.128710360883596e-15
1645.2830188679245,-7.0778966438629705e-15
1645.433962264151,-3.717432004524064e-15
1645.5849056603774,-8.045526168764075e-15
1645.7358490566037,-5.912463504836253e-15
1645.8867924528302,-5.4833531960172895e-15
1646.0377358490566,-4.3635272157601675e-15
1646.188679245283,-1.2156062987685084e-14
1646.3396226415093,3.211729537392886e-15
1646.4905660377358,-1.469536920094102e-14
1646.6415094339623,-1.3977948999003794e-15
1646.7924528301887,-7.150525370097437e-15
1646.9433962264152,-4.56225187834526e-15
1647.0943396226414,-1.2051530428771594e-14
1647.245283018868,4.272783170004266e-15
1647.3962264150944,-1.5725025289719337e-14
1647.5471698113208,-3.435099086587498e-15
1647.698113207547,9.796648212978532e-16
1647.8490566037735,-1.9532671295463862e-14
1648.0,6.657103164755327e-15
1648.1509433962265,-1.1418770288189406e-14
1648.301886792453,-1.0778546997594904e-14
1648.4528301886792,6.9322052388015664e-15
1648.6037735849056,-2.2810710135149185e-14
1648.754716981132,9.126595186364866e-15
1648.9056603773586,-1.4969901523093995e-14
1649.0566037735848,-6.731045488123141e-15
1649.2075471698113,4.7280345534388344e-15
1649.3584905660377,-2.3400560293077862e-14
1649.5094339622642,1.0121910102258097e-14
1649.6603773584907,-1.2561448740950655e-14
1649.811320754717,-1.3054912227093083e-14
1649.9622641509434,9.747138561959581e-15
1650.1132075471698,-2.002240660225841e-14
1650.2641509433963,-2.7020341638160467e-15
1650.4150943396226,9.99487678668445e-16
1650.566037735849,-1.4948661308274343e-14
1650.7169811320755,-4.6570964283351435e-15
1650.867924528302,2.25845881334295e-15
1651.0188679245282,-1.834529615915707e-14
1651.1698113207547,2.258670249066991e-15
1651.3207547169811,-6.829600250564509e-15
1651.4716981132076,-1.047594863768965e-14
1651.622641509434,-1.3259441038119467e-15
1651.7735849056603,-8.09485998375653e-15
1651.9245283018868,-6.390984686616083e-15
1652.0754716981132,-5.379146137037791e-15
1652.2264150943397,-5.730000254125329e-15
1652.377358490566,-7.247515448353796e-15
1652.5283018867924,-4.782870835160057e-15
1652.6792452830189,-7.0665806477688415e-15
1652.8301886792453,-5.161102184200801e-15
1652.9811320754718,-6.7861580814287795e-15
1653.132075471698,-5.891525639093646e-15
1653.2830188679245,-5.7598897653563275e-15
1653.433962264151,-5.4649476123286655e-15
1653.5849056603774,-9.310753628071933e-15
1653.7358490566037,2.7208595553442964e-16
1653.8867924528302,-1.3288897427143318e-14
1654.0377358490566,-1.8170237411914176e-15
1654.188679245283,-4.0833196971836186e-15
1654.3396226415093,-1.4208933486416646e-14
1654.4905660377358,4.664860260354108e-15
1654.6415094339623,-1.4316876989904505e-14
1654.7924528301887,-3.290293325367651e-15
1654.9433962264152,-3.688797185326299e-15
1655.0943396226414,-1.1030935901055239e-14
1655.245283018868,-5.222414968543783e-16
1655.3962264150944,-1.1645837523997344e-14
1655.5471698113208,2.6935475380073323e-16
1655.698113207547,-1.347846743964222e-14
1655.8490566037735,1.7457369450258841e-15
1656.0,-1.2234656096227692e-14
1656.1509433962265,-3.555735377642633e-15
1656.301886792453,-3.971422930488056e-15
1656.4528301886792,-1.150979197385226e-14
1656.6037735849056,3.6864766822911575e-16
1656.754716981132,-1.121793297553514e-14
1656.9056603773586,-2.71797083665996e-15
1657.0566037735848,-8.298068326612425e-15
1657.2075471698113,-3.732355255993062e-15
1657.3584905660377,-8.663164022678069e-15
1657.5094339622642,-3.743602048195586e-15
1657.6603773584907,-7.221816243863678e-15
1657.811320754717,-5.7908120618953736e-15
1657.9622641509434,-6.526190277810975e-15
1658.1132075471698,-4.138587743137014e-15
1658.2641509433963,-8.880582538696612e-15
1658.4150943396226,-4.409800513004759e-15
1658.566037735849,-4.2487071109425224e-15
1658.7169811320755,-1.1068582359547872e-14
1658.867924528302,-7.181756351003404e-16
1659.0188679245282,-7.478135492780703e-15
1659.1698113207547,-1.0845645069391172e-14
1659.3207547169811,4.096651648220207e-15
1659.4716981132076,-1.7867309585404494e-14
1659.622641509434,4.0781879525071085e-15
1659.7735849056603,-1.2973239078286897e-14
1659.9245283018868,-1.876544291787559e-15
1660.0754716981132,-7.980007072001553e-15
1660.2264150943397,-5.5229546613943845e-15
1660.377358490566,-6.503595569389991e-15
1660.5283018867924,-3.92867064178224e-15
1660.6792452830189,-9.154459996732547e-15
1660.8301886792453,-5.415205065296396e-15
1660.9811320754718,-1.0484824193865215e-16
1661.132075471698,-1.846489445459771e-14
1661.2830188679245,7.916519733880432e-15
1661.433962264151,-1.4882315617784287e-14
1661.5849056603774,-4.646309806908569e-15
1661.7358490566037,-3.4685344632976137e-15
1661.8867924528302,-6.079500723015479e-15
1662.0377358490566,-1.1781430654163473e-14
1662.188679245283,2.9999309890510414e-15
1662.3396226415093,-1.1622009430716836e-14
1662.4905660377358,-9.03068381465741e-15
1662.6415094339623,5.3760922157660476e-15
1662.7924528301887,-1.9466926476663805e-14
1662.9433962264152,1.0628986353990903e-15
1663.0943396226414,-1.1930731099070398e-15
1663.245283018868,-2.1363873525214926e-14
1663.3962264150944,1.2388463535604631e-14
1663.5471698113208,-1.789402751407085e-14
1663.698113207547,-6.360620806404841e-15
1663.8490566037735,5.588366316395234e-15
1664.0,-2.2063935412242917e-14
1664.1509433962265,6.925293565974069e-15
1664.301886792453,-1.1661690377638822e-14
1664.4528301886792,-6.586484980719962e-15
1664.6037735849056,-2.8811237240999735e-15
1664.754716981132,-8.286692947276616e-15
1664.9056603773586,-5.393138726302678e-15
1665.0566037735848,-5.741455200926289e-15
1665.2075471698113,-5.913259554715416e-15
1665.3584905660377,-6.569686263288064e-15
1665.5094339622642,-5.33239345550146e-15
1665.6603773584907,-6.182670584131982e-15
1665.811320754717,-6.137346723532182e-15
1665.9622641509434,-5.813342043940498e-15
1666.1132075471698,-5.812341967547358e-15
1666.2641509433963,-6.3534787899509655e-15
1666.4150943396226,-5.616454157033904e-15
1666.566037735849,-6.086062061436505e-15
1666.7169811320755,-5.972229978019347e-15
1666.867924528302,-6.021144414441218e-15
1667.0188679245282,-5.695871242556392e-15
1667.1698113207547,-6.3358065631966645e-15
1667.3207547169811,-5.6141576636332954e-15
1667.4716981132076,-6.16864981644729e-15
1667.622641509434,-5.780202230358028e-15
1667.7735849056603,-6.199900851382817e-15
1667.9245283018868,-5.561693486249231e-15
1668.0754716981132,-6.391580993130475e-15
1668.2264150943397,-5.534884154234245e-15
1668.377358490566,-6.292140342696307e-15
1668.5283018867924,-5.5664552158736976e-15
1668.6792452830189,-6.416517959394569e-15
1668.8301886792453,-5.3634017646485664e-15
1668.9811320754718,-6.5084102362284556e-15
1669.132075471698,-5.419310556371951e-15
1669.2830188679245,-6.4462226115301736e-15
1669.433962264151,-5.274019060264021e-15
1669.5849056603774,-6.7818689315051885e-15
1669.7358490566037,-4.99542792293102e-15
1669.8867924528302,-6.722464230887001e-15
1670.0377358490566,-5.30459373117439e-15
1670.188679245283,-6.618727164147793e-15
1670.3396226415093,-4.737363821898678e-15
1670.4905660377358,-7.692159726659274e-15
1670.6415094339623,-4.024230322720823e-15
1670.7924528301887,-7.145288855661596e-15
1670.9433962264152,-5.511928885829419e-15
1671.0943396226414,-6.611260841271575e-15
1671.245283018868,-3.119516624816747e-15
1671.3962264150944,-1.14027904328105e-14
1671.5471698113208,8.138345650922509e-16
1671.698113207547,-1.1615531513090912e-14
1671.8490566037735,-1.9636068614618387e-15
1672.0,-9.012783364528568e-15
1672.1509433962265,-2.8801578825400566e-15
1672.301886792453,-7.72799026186879e-15
1672.4528301886792,-7.089942377819056e-15
1672.6037735849056,-1.6302760082783074e-15
1672.754716981132,-1.0618986619696015e-14
1672.9056603773586,-3.656607721734667e-15
1673.0566037735848,-5.121758023090229e-15
1673.2075471698113,-7.376952217972857e-15
1673.3584905660377,-6.292556006694056e-15
1673.5094339622642,-2.6052294591117143e-15
1673.6603773584907,-1.1677634729740178e-14
1673.811320754717,2.2729697331104206e-15
1673.9622641509434,-1.6314983445385415e-14
1674.1132075471698,5.470049453322565e-15
1674.2641509433963,-1.4945767811919446e-14
1674.4150943396226,-1.8396452352048308e-15
1674.566037735849,-5.2847216721278175e-15
1674.7169811320755,-7.243532966425748e-15
1674.867924528302,-7.528408699034276e-15
1675.0188679245282,-7.627815951343885e-16
1675.1698113207547,-1.121663834561441e-14
1675.3207547169811,-3.6394249471839434e-15
1675.4716981132076,-4.203408419872459e-15
1675.622641509434,-9.73378295572622e-15
1675.7735849056603,-1.2058957228431534e-15
1675.9245283018868,-1.1304316525007939e-14
1676.0754716981132,9.496289132940684e-16
1676.2264150943397,-1.2972766396210578e-14
1676.377358490566,-1.3868391745008658e-15
1676.5283018867924,-4.39484134152775e-15
1676.6792452830189,-1.381833836241993e-14
1676.8301886792453,5.5759746442303405e-15
1676.9811320754718,-1.5475162141683073e-14
1677.132075471698,-1.8088424814994762e-15
1677.2830188679245,-4.007444290552832e-15
1677.433962264151,-1.0537932866444201e-14
1677.5849056603774,-1.7188621630108025e-15
1677.7358490566037,-7.601890713270577e-15
1677.8867924528302,-5.76971225311032e-15
1678.0377358490566,-5.750798456273058e-15
1678.188679245283,-4.9145227810283405e-15
1678.3396226415093,-7.467877756214658e-15
1678.4905660377358,-4.430966407960081e-15
1678.6415094339623,-6.011561366938463e-15
1678.7924528301887,-6.713998878729989e-15
1678.9433962264152,-4.81537715736195e-15
1679.0943396226414,-5.582786093537145e-15
1679.245283018868,-7.50895248578769e-15
1679.3962264150944,-4.004610485040681e-15
1679.5471698113208,-5.321025640495531e-15
1679.698113207547,-9.639709457353246e-15
1679.8490566037735,-7.882808250959223e-17
1680.0,-1.0159640618510837e-14
1680.1509433962265,-4.968632187763273e-15
1680.301886792453,-3.2080090235988706e-15
1680.4528301886792,-1.0325167634730442e-14
1680.6037735849056,1.1917052483532511e-16
1680.754716981132,-1.3338079011096219e-14
1680.9056603773586,3.121680593334497e-15
1681.0566037735848,-1.3883656051256729e-14
1681.2075471698113,-1.1479375812365147e-15
1681.3584905660377,-5.724773404081175e-15
1681.5094339622642,-9.047809807644526e-15
1681.6603773584907,-2.0312259553328256e-15
1681.811320754717,-7.754609376770547e-15
1681.9622641509434,-5.785334844381446e-15
1682.1132075471698,-4.842969769052876e-15
1682.2641509433963,-6.200998966675476e-15
1682.4150943396226,-6.163166049071645e-15
1682.566037735849,-5.052902272433308e-15
1682.7169811320755,-5.77357576233993e-15
1682.867924528302,-6.732817023077321e-15
1683.0188679245282,-4.216485452417368e-15
1683.1698113207547,-6.816621170735367e-15
1683.3207547169811,-5.58872847156301e-15
1683.4716981132076,-5.431529141336412e-15
1683.622641509434,-5.236703671015837e-15
1683.7735849056603,-7.779121613878572e-15
1683.9245283018868,-2.7335988334548032e-15
1684.0754716981132,-7.825253445153924e-15
1684.2264150943397,-5.6601285519311774e-15
1684.377358490566,-4.918007708170807e-15
1684.5283018867924,-3.8632318963293165e-15
1684.6792452830189,-1.3291774458889996e-14
1684.8301886792453,6.932450505415406e-15
1684.9811320754718,-1.777895475439012e-14
1685.132075471698,-1.5106754917804087e-15
1685.2830188679245,1.3712152847899659e-15
1685.433962264151,-1.9958047408967028e-14
1685.5849056603774,6.934884594441441e-15
1685.7358490566037,-9.861085771974568e-15
1685.8867924528302,-9.938369520759372e-15
1686.0377358490566,1.7206459547811148e-15
1686.188679245283,-1.1130678380640432e-14
1686.3396226415093,-3.5556066348803456e-15
1686.4905660377358,-5.735083576565368e-15
1686.6415094339623,-6.6714963075493566e-15
1686.7924528301887,-3.162113472599937e-15
1686.9433962264152,-1.032105458985677e-14
1687.0943396226414,7.445244647819051e-16
1687.245283018868,-1.2668095795077183e-14
1687.3962264150944,1.2470367783234456e-15
1687.5471698113208,-1.2407611144815084e-14
1687.698113207547,6.42722016212766e-16
1687.8490566037735,-1.034114472453595e-14
1688.0,-3.154399900227617e-15
1688.1509433962265,-7.903868707406139e-15
1688.301886792453,8.210458678365166e-16
1688.4528301886792,-1.9612388888667874e-14
1688.6037735849056,1.4072475154071976e-14
1688.754716981132,-2.398386816834444e-14
1688.9056603773586,3.630142630815764e-15
1689.0566037735848,-2.924203387813889e-15
1689.2075471698113,-1.648406570011163e-14
1689.3584905660377,6.22725956654286e-15
1689.5094339622642,-1.3044563012680072e-14
1689.6603773584907,-3.1858981185925533e-15
1689.811320754717,-6.259661357812374e-15
1689.9622641509434,-3.328719170317965e-15
1690.1132075471698,-9.785380747021187e-15
1690.2641509433963,-2.5224705616854952e-15
1690.4150943396226,-4.2736467158482055e-15
1690.566037735849,-1.1462181815936133e-14
1690.7169811320755,1.158086167673838e-15
1690.867924528302,-8.376021819700922e-15
1691.0188679245282,-9.164505401476235e-15
1691.1698113207547,2.613391018351031e-15
1691.3207547169811,-1.3630421989881997e-14
1691.4716981132076,-2.1441220354194755e-15
1691.622641509434,-3.371840688074911e-15
1691.7735849056603,-1.024298562092774e-14
1691.9245283018868,-3.139150890171411e-15
1692.0754716981132,-3.252448394158552e-15
1692.2264150943397,-1.1354833955337771e-14
1692.377358490566,9.183065663820979e-16
1692.5283018867924,-1.1648201720194905e-14
1692.6792452830189,1.6875955639085802e-15
1692.8301886792453,-1.5635539844832996e-14
1692.9811320754718,6.285321783835867e-15
1693.132075471698,-1.4661474085191242e-14
1693.2830188679245,-3.92236127210824e-15
1693.433962264151,1.1367315360182486e-15
1693.5849056603774,-1.5323145660752668e-14
1693.7358490566037,-6.297457239034031e-16
1693.8867924528302,-8.163517858814299e-16
1694.0377358490566,-1.7557688345830344e-14
1694.188679245283,7.132986948281475e-15
1694.3396226415093,-1.3902442780911691e-14
1694.4905660377358,-6.3350056705417e-16
1694.6415094339623,-1.101713724029238e-14
1694.7924528301887,2.7866995021660635e-15
1694.9433962264152,-1.4166347874366078e-14
1695.0943396226414,-6.692205468570613e-16
1695.245283018868,-5.001662230949534e-15
1695.3962264150944,-8.804461042715549e-15
1695.5471698113208,-2.933588208025637e-15
1695.698113207547,-6.125209138381731e-15
1695.8490566037735,-4.892351388888779e-15
1696.0,-8.609202215173087e-15
1696.1509433962265,1.0230520844761543e-15
1696.301886792453,-1.3762143779316042e-14
1696.4528301886792,1.9035624421080088e-15
1696.6037735849056,-9.888289895856583e-15
1696.754716981132,-4.088028532627559e-15
1696.9056603773586,-5.686528015869624e-15
1697.0566037735848,-3.633968094134584e-15
1697.2075471698113,-1.0313169005225138e-14
1697.3584905660377,8.796643578021447e-16
1697.5094339622642,-9.226449361834143e-15
1697.6603773584907,-7.256491429901911e-15
1697.811320754717,4.968096888430514e-16
1697.9622641509434,-9.497988343912064e-15
1698.1132075471698,-9.366843041648666e-15
1698.2641509433963,7.72241720505744e-15
1698.4150943396226,-2.302042231005583e-14
1698.566037735849,9.810358091157363e-15
1698.7169811320755,-1.4727675646436562e-14
1698.867924528302,-4.3388085552018327e-16
1699.0188679245282,-9.735948601983733e-15
1699.1698113207547,-7.692016336621448e-16
1699.3207547169811,-6.838668983188128e-15
1699.4716981132076,-1.2126947891097102e-14
1699.622641509434,1.0830044029954927e-14
1699.7735849056603,-2.634320540781759e-14
1699.9245283018868,1.1963935156681904e-14
1700.0754716981132,-1.2939977765282903e-14
1700.2264150943397,-7.506113041828226e-15
1700.377358490566,7.512961606184147e-16
1700.5283018867924,-9.430149664240383e-15
1700.6792452830189,-4.656339908165243e-15
1700.8301886792453,-6.783859897402504e-15
1700.9811320754718,1.2041856091154516e-15
1701.132075471698,-1.6256722035652826e-14
1701.2830188679245,3.3128696635419024e-15
1701.433962264151,-5.2878148679383816e-15
1701.5849056603774,-1.4107973844033845e-14
1701.7358490566037,4.939798277467165e-15
1701.8867924528302,-8.792701275988968e-15
1702.0377358490566,-1.1681228869087471e-14
1702.188679245283,7.141141983655696e-15
1702.3396226415093,-1.7841186121520464e-14
1702.4905660377358,3.242089019957954e-15
1702.6415094339623,-8.918369609140672e-15
1702.7924528301887,-6.931577408037278e-15
1702.9433962264152,2.4990027811414826e-15
1703.0943396226414,-1.9965297672927076e-14
1703.245283018868,1.4051130369537247e-14
1703.3962264150944,-2.3845827640794336e-14
1703.5471698113208,6.108017473289891e-15
1703.698113207547,-6.69503680072572e-15
1703.8490566037735,-1.0924125647257017e-14
1704.0,4.219176948964361e-16
1704.1509433962265,-5.330365329745292e-15
1704.301886792453,-1.1176991006067614e-14
1704.4528301886792,1.6158205448762167e-15
1704.6037735849056,-7.460608186443353e-15
1704.754716981132,-9.617518237228697e-15
1704.9056603773586,2.5528176821338794e-15
1705.0566037735848,-1.1642111841624381e-14
1705.2075471698113,-2.9146805046856355e-15
1705.3584905660377,-5.122001922590663e-15
1705.5094339622642,-4.002188808350376e-15
1705.6603773584907,-1.0055201711092193e-14
1705.811320754717,9.16562006520507e-16
1705.9622641509434,-7.753681517286014e-15
1706.1132075471698,-8.926261103810208e-15
1706.2641509433963,8.979297187440682e-16
1706.4150943396226,-5.915419525354422e-15
1706.566037735849,-1.4992297538089768e-14
1706.7169811320755,1.2151928842211073e-14
1706.867924528302,-2.1509122229643772e-14
1707.0188679245282,2.466497466544752e-15
1707.1698113207547,-3.1624603535113544e-15
1707.3207547169811,-1.2254608017817656e-14
1707.4716981132076,9.665152157839416e-16
1707.622641509434,-7.35239393045274e-15
1707.7735849056603,-6.902823238914546e-15
1707.9245283018868,-1.4109348913014358e-15
1708.0754716981132,-9.146898133078958e-15
1708.2264150943397,-1.9392501212091637e-15
1708.377358490566,-8.466539043949065e-15
1708.5283018867924,1.378861059554996e-16
1708.6792452830189,-1.3546786374202132e-14
1708.8301886792453,4.145317243029846e-15
1708.9811320754718,-1.0212765046460819e-14
1709.132075471698,-9.270663309924938e-15
1709.2830188679245,8.667855179617387e-15
1709.433962264151,-2.3685989809587908e-14
1709.5849056603774,1.0689737652475922e-14
1709.7358490566037,-1.3328871691438964e-14
1709.8867924528302,-4.3048176154468156e-15
1710.0377358490566,-2.8148046582182857e-15
1710.188679245283,-6.26290310943874e-15
1710.3396226415093,-6.581954019813638e-15
1710.4905660377358,-2.754869048445716e-15
1710.6415094339623,-5.895700150425934e-15
1710.7924528301887,-6.585968516214732e-15
1710.9433962264152,-3.3100674042518177e-15
1711.0943396226414,-4.509650468767164e-15
1711.245283018868,-8.477555663201859e-15
1711.3962264150944,-2.2647966600799797e-15
1711.5471698113208,-2.6470477323384148e-15
1711.698113207547,-1.4430592940503585e-14
1711.8490566037735,7.291178363700932e-15
1712.0,-1.3315358508470664e-14
1712.1509433962265,-6.458936193753402e-15
1712.301886792453,6.0302306525917426e-15
1712.4528301886792,-2.0824367587323352e-14
1712.6037735849056,9.02322287084508e-15
1712.754716981132,-1.4383217215383235e-14
1712.9056603773586,1.0863594984513566e-15
1713.0566037735848,-1.1202344136913794e-14
1713.2075471698113,1.5340265278332948e-15
1713.3584905660377,-8.7459245176339e-15
1713.5094339622642,-7.459049356514795e-15
1713.6603773584907,2.6842345331720135e-15
1713.811320754717,-1.3548813367954451e-14
1713.9622641509434,4.3935379699579323e-16
1714.1132075471698,-7.296399352412412e-15
1714.2641509433963,-3.556035065363392e-15
1714.4150943396226,-6.7429358033071414e-15
1714.566037735849,-5.142242851477776e-15
1714.7169811320755,3.3067738992723947e-16
1714.867924528302,-1.6116279813432376e-14
1715.0188679245282,8.284697511408098e-15
1715.1698113207547,-1.5426355092259328e-14
1715.3207547169811,5.399673723688518e-16
1715.4716981132076,-7.722314687717067e-15
1715.622641509434,-1.5892739312479631e-15
1715.7735849056603,-9.736283246362332e-15
1715.9245283018868,-1.8836606217338455e-15
1716.0754716981132,-2.4289345485493915e-15
1716.2264150943397,-1.375979682951368e-14
1716.377358490566,6.232616869810562e-15
1716.5283018867924,-1.322158660459431e-14
1716.6792452830189,-1.893316948157894e-15
1716.8301886792453,-4.819168162144103e-15
1716.9811320754718,-4.609444330951778e-15
1717.132075471698,-6.938427063014144e-15
1717.2830188679245,-3.8376252678628426e-15
1717.433962264151,-1.0254788175227573e-15
1717.5849056603774,-1.5391922639520065e-14
1717.7358490566037,9.24867422117429e-15
1717.8867924528302,-1.7193493931327575e-14
1718.0377358490566,1.2489877509479789e-15
1718.188679245283,-4.762708917728587e-15
1718.3396226415093,-7.999585426922718e-15
1718.4905660377358,-2.638098390614508e-15
1718.6415094339623,-4.65064149777642e-15
1718.7924528301887,-6.7174203306385665e-15
1718.9433962264152,-3.255060440636593e-15
1719.0943396226414,-5.390610843388113e-15
1719.245283018868,-4.910888059182473e-15
1719.3962264150944,-5.4077584135823574e-15
1719.5471698113208,-3.211867358326201e-15
1719.698113207547,-7.063386493200312e-15
1719.8490566037735,-3.0991504157765123e-15
1720.0,-5.693216744560594e-15
1720.1509433962265,-4.317355193325502e-15
1720.301886792453,-6.108368199002236e-15
1720.4528301886792,-2.4089193681252435e-15
1720.6037735849056,-7.551242152202842e-15
1720.754716981132,-3.1765847997504982e-15
1720.9056603773586,-5.165436823247598e-15
1721.0566037735848,-4.077629722741099e-15
1721.2075471698113,-8.322666926845857e-15
1721.3584905660377,2.2608723100100848e-15
1721.5094339622642,-1.3326939540819452e-14
1721.6603773584907,1.0671410404271432e-15
1721.811320754717,-4.374056219815997e-15
1721.9622641509434,-1.208963114511058e-14
1722.1132075471698,6.1915971525031854e-15
1722.2641509433963,-1.3963448486829087e-14
1722.4150943396226,-2.118237696879539e-15
1722.566037735849,3.7825973262930067e-16
1722.7169811320755,-1.4763583043505597e-14
1722.867924528302,5.0301772119998095e-15
1723.0188679245282,-1.1040826846608243e-14
1723.1698113207547,-1.2501101014304558e-15
1723.3207547169811,-8.390157462679643e-15
1723.4716981132076,-5.0126573340913055e-17
1723.622641509434,-7.500229402582897e-15
1723.7735849056603,-7.894886080207387e-15
1723.9245283018868,4.824461712105826e-15
1724.0754716981132,-1.6348597826465092e-14
1724.2264150943397,3.213247463742546e-15
1724.377358490566,-6.172291398998173e-15
1724.5283018867924,-8.096773500212068e-15
1724.6792452830189,-3.113687008731542e-16
1724.8301886792453,-7.210886171345774e-15
1724.9811320754718,-4.582854079533323e-15
1725.132075471698,-3.594323069718441e-15
1725.2830188679245,-5.4459777231944234e-15
1725.433962264151,-5.3112639822997854e-15
1725.5849056603774,-2.5332370997889965e-15
1725.7358490566037,-7.126948503760821e-15
1725.8867924528302,-4.1710037472432296e-15
1726.0377358490566,-1.44435308276496e-15
1726.188679245283,-1.079533510155805e-14
1726.3396226415093,6.734777182927703e-16
1726.4905660377358,-4.572740541036863e-15
1726.6415094339623,-1.2479405362185978e-14
1726.7924528301887,9.246741747355907e-15
1726.9433962264152,-1.9310892775862635e-14
1727.0943396226414,4.421546020788078e-15
1727.245283018868,-3.350391818766753e-15
1727.3962264150944,-1.689470209443794e-14
1727.5471698113208,1.4284159540197315e-14
1727.698113207547,-2.1752762736266258e-14
1727.8490566037735,2.2274256013439527e-15
1728.0,2.217922279677841e-15
1728.1509433962265,-2.0021153505975388e-14
1728.301886792453,8.748257329164668e-15
1728.4528301886792,-7.241525162633883e-15
1728.6037735849056,-1.2411000481359672e-14
1728.754716981132,5.22922295669051e-15
1728.9056603773586,-6.939416713441434e-15
1729.0566037735848,-1.2294619088074973e-14
1729.2075471698113,7.72227917695277e-15
1729.3584905660377,-1.2759904693546378e-14
1729.5094339622642,-5.448612104852168e-15
1729.6603773584907,3.894774188663806e-15
1729.811320754717,-1.4831656050850428e-14
1729.9622641509434,2.8075576864527783e-15
1730.1132075471698,-8.006124273527296e-15
1730.2641509433963,-3.2130307084457306e-15
1730.4150943396226,-5.015444829707917e-15
1730.566037735849,-4.858445581602165e-15
1730.7169811320755,-3.4096051768196413e-15
1730.867924528302,-5.2883437640106836e-15
1731.0188679245282,-4.685270910036049e-15
1731.1698113207547,-5.096735640341985e-15
1731.3207547169811,5.696249148613654e-16
1731.4716981132076,-1.6494571681721946e-14
1731.622641509434,1.2739633346419472e-14
1731.7735849056603,-2.105271991292632e-14
1731.9245283018868,4.959722093933603e-15
1732.0754716981132,-3.734600336642885e-15
1732.2264150943397,-1.3487812827831818e-14
1732.377358490566,8.193093571705166e-15
1732.5283018867924,-1.6407654779631715e-14
1732.6792452830189,4.065738966588243e-15
1732.8301886792453,-7.489368597845578e-15
1732.9811320754718,-8.577771813841068e-15
1733.132075471698,6.954022899245435e-15
1733.2830188679245,-2.0218609734565808e-14
1733.433962264151,1.1348652230983186e-14
1733.5849056603774,-1.7124522439370698e-14
1733.7358490566037,5.065256316622858e-15
1733.8867924528302,-1.2054111435127007e-14
1734.0377358490566,2.166765785590352e-15
1734.188679245283,-9.265295011750363e-15
1734.3396226415093,-2.220053295198059e-15
1734.4905660377358,-3.742691749194847e-15
1734.6415094339623,-6.59792408316368e-15
1734.7924528301887,-2.8805486061712763e-15
1734.9433962264152,-2.8514158401231763e-15
1735.0943396226414,-9.708327277428301e-15
1735.245283018868,3.2903303437207693e-15
1735.3962264150944,-1.1333965976805561e-14
1735.5471698113208,-4.789155008539977e-16
1735.698113207547,-4.501777096290944e-15
1735.8490566037735,-7.167601962775887e-15
1736.0,4.1749227429975504e-16
1736.1509433962265,-9.775987030775768e-15
1736.301886792453,2.521365198815421e-16
1736.4528301886792,-6.949744194931205e-15
1736.6037735849056,-3.190450331634304e-15
1736.754716981132,-5.2166620680073e-15
1736.9056603773586,-3.6983102331807415e-15
1737.0566037735848,-2.2750679438578664e-15
1737.2075471698113,-1.1415098738298421e-14
1737.3584905660377,7.744280334433565e-15
1737.5094339622642,-1.8265034947233922e-14
1737.6603773584907,8.319198558396847e-15
1737.811320754717,-1.3804716777436331e-14
1737.9622641509434,2.195419368066035e-15
1738.1132075471698,-8.532287204394111e-15
1738.2641509433963,-8.815188681985705e-16
1738.4150943396226,-8.09519489733048e-15
1738.566037735849,6.604349144592734e-16
1738.7169811320755,-9.25657822760967e-15
1738.867924528302,-1.4615633822113605e-15
1739.0188679245282,-2.5171278032039636e-15
1739.1698113207547,-1.0730255075203573e-14
1739.3207547169811,4.698995617763017e-15
1739.4716981132076,-1.155712638523294e-14
1739.622641509434,-2.033165553321577e-15
1739.7735849056603,1.6265057040563586e-16
1739.9245283018868,-1.3717621392411197e-14
1740.0754716981132,7.323730316091675e-15
1740.2264150943397,-1.4796770058824324e-14
1740.377358490566,4.0680675408357085e-15
1740.5283018867924,-9.7223392616225e-15
1740.6792452830189,-1.3353018318436727e-15
1740.8301886792453,-5.147318179597265e-15
1740.9811320754718,-2.6974750475279126e-15
1741.132075471698,-8.49454046045585e-15
1741.2830188679245,2.2657743796425767e-15
1741.433962264151,-7.726042331821472e-15
1741.5849056603774,-8.531768938858015e-15
1741.7358490566037,7.740478371161823e-15
1741.8867924528302,-1.6082251536393787e-14
1742.0377358490566,-8.519349131276235e-16
1742.188679245283,3.62659483690453e-15
1742.3396226415093,-1.6373300950893847e-14
1742.4905660377358,2.4177894079774714e-15
1742.6415094339623,9.181953853788328e-16
1742.7924528301887,-1.7699300111404625e-14
1742.9433962264152,8.703198840296957e-15
1743.0943396226414,-7.11016479387045e-15
1743.245283018868,-1.3612300432919892e-14
1743.3962264150944,1.3765124091539661e-14
1743.5471698113208,-2.3160490700395225e-14
1743.698113207547,1.1605059659260875e-14
1743.8490566037735,-1.619432435023517e-14
1744.0,6.628956321715675e-15
1744.1509433962265,-1.3738502201507021e-14
1744.301886792453,2.2358285190800933e-15
1744.4528301886792,-4.5286008049833914e-15
1744.6037735849056,-8.105679836523152e-15
1744.754716981132,-3.399074309480777e-16
1744.9056603773586,-2.9400770790683296e-15
1745.0566037735848,-9.396302207666107e-15
1745.2075471698113,6.144377953277039e-16
1745.3584905660377,-3.4249831693008863e-15
1745.5094339622642,-9.184598414026869e-15
1745.6603773584907,1.1269518744260378e-15
1745.811320754717,-5.941076920542586e-15
1745.9622641509434,-3.0520569797784613e-15
1746.1132075471698,-9.173031312479065e-15
1746.2641509433963,8.066344727525379e-15
1746.4150943396226,-1.9470611176261527e-14
1746.566037735849,7.780534984250609e-15
1746.7169811320755,-6.622929675708517e-15
1746.867924528302,-9.728974545350003e-15
1747.0188679245282,4.50838963425025e-15
1747.1698113207547,-9.267078341582354e-15
1747.3207547169811,-3.2957405214901674e-15
1747.4716981132076,-2.51817273587405e-15
1747.622641509434,-4.502604530924086e-15
1747.7735849056603,-4.174156509115993e-15
1747.9245283018868,-5.359917919543133e-15
1748.0754716981132,1.2184451371653952e-15
1748.2264150943397,-1.2121900444613584e-14
1748.377358490566,4.827626099060069e-15
1748.5283018867924,-1.0941788380306135e-14
1748.6792452830189,1.1046510498311097e-15
1748.8301886792453,-7.87063363527568e-15
1748.9811320754718,5.1596087952403894e-17
1749.132075471698,-7.973641417330755e-15
1749.2830188679245,4.662482670821118e-16
1749.433962264151,-9.042227491403065e-15
1749.5849056603774,2.830385622490643e-15
1749.7358490566037,-1.1939402049211909e-14
1749.8867924528302,4.65645087836318e-15
1750.0377358490566,-1.1557604486655372e-14
1750.188679245283,1.9232850137676055e-15
1750.3396226415093,-6.780827312239208e-15
1750.4905660377358,-3.3485337922393545e-15
1750.6415094339623,-4.0675490444848594e-15
1750.7924528301887,-1.1832657913928108e-15
1750.9433962264152,-8.687555996885705e-15
1751.0943396226414,-8.553492613131629e-16
1751.245283018868,1.5514797447339424e-16
1751.3962264150944,-1.5251358034255474e-14
1751.5471698113208,9.451611686452419e-15
1751.698113207547,-1.0531580350642596e-14
1751.8490566037735,-8.07312640876523e-15
1752.0,8.766441727071704e-15
1752.1509433962265,-1.6292057099583098e-14
1752.301886792453,6.375294165190293e-16
1752.4528301886792,2.9177030765970027e-15
1752.6037735849056,-1.8451086867204654e-14
1752.754716981132,1.3161960714271082e-14
1752.9056603773586,-1.8336233544645924e-14
1753.0566037735848,6.7464189324027085e-15
1753.2075471698113,-9.623859965876705e-15
1753.3584905660377,-3.2410383692286212e-15
1753.5094339622642,2.2080565778776885e-15
1753.6603773584907,-1.5836162859866318e-14
1753.811320754717,1.2428192214769317e-14
1753.9622641509434,-2.03091500919266e-14
1754.1132075471698,9.555187822294373e-15
1754.2641509433963,-1.0591289166246802e-14
1754.4150943396226,-4.129459569283276e-15
1754.566037735849,2.1574585371607e-15
1754.7169811320755,-1.0496798251387974e-14
1754.867924528302,-3.647631517772391e-16
1755.0188679245282,-2.0505135350179225e-15
1755.1698113207547,-6.970205387749084e-15
1755.3207547169811,-4.800267457542218e-15
1755.4716981132076,6.936217003338012e-15
1755.622641509434,-2.3802550093606297e-14
1755.7735849056603,2.0787038919718748e-14
1755.9245283018868,-2.4743113498089434e-14
1756.0754716981132,9.13647648278155e-15
1756.2264150943397,-8.488143771492405e-15
1756.377358490566,-1.7284074851421059e-15
1756.5283018867924,-8.025747993318658e-15
1756.6792452830189,5.797540657778258e-15
1756.8301886792453,-1.6264966754276303e-14
1756.9811320754718,7.899596161394913e-15
1757.132075471698,-9.73309614977749e-15
1757.2830188679245,-3.912011186152433e-15
1757.433962264151,4.912587632636154e-16
1757.5849056603774,-6.780297339792323e-15
1757.7358490566037,-4.236103991600439e-15
1757.8867924528302,3.907572377912227e-16
1758.0377358490566,-7.71664636974591e-15
1758.188679245283,-1.6113803114233758e-15
1758.3396226415093,-3.4152553887558175e-15
1758.4905660377358,-4.181119090226971e-15
1758.6415094339623,-2.3966526458202464e-15
1758.7924528301887,-8.012274317143765e-15
1758.9433962264152,8.064841541185702e-15
1759.0943396226414,-2.3183271999114377e-14
1759.245283018868,2.040067098352484e-14
1759.3962264150944,-2.4692898181031053e-14
1759.5471698113208,9.146027423999988e-15
1759.698113207547,-6.660381607557304e-15
1759.8490566037735,-5.5310974228730345e-15
1760.0,-2.2646199893065046e-15
1760.1509433962265,-5.880722830777726e-16
1760.301886792453,-9.35292580541119e-15
1760.4528301886792,2.3317844648563735e-15
1760.6037735849056,-7.623222004320868e-15
1760.754716981132,-4.0369168246466e-16
1760.9056603773586,-5.630395883809446e-15
1761.0566037735848,-3.657996484229541e-15
1761.2075471698113,7.6543222504648845e-16
1761.3584905660377,-1.0929247706632385e-14
1761.5094339622642,4.860591491394378e-15
1761.6603773584907,-1.0867972911717756e-14
1761.811320754717,3.338846845655251e-15
1761.9622641509434,-9.17724888747191e-15
1762.1132075471698,-1.310132354610344e-15
1762.2641509433963,1.3351932978156632e-15
1762.4150943396226,-1.4362529491937517e-14
1762.566037735849,8.126931885236311e-15
1762.7169811320755,-8.557603836562098e-15
1762.867924528302,-7.031545275107371e-15
1763.0188679245282,5.179010133918809e-15
1763.1698113207547,-9.512588159031462e-15
1763.3207547169811,-5.014024836865354e-15
1763.4716981132076,6.234702018389971e-15
1763.622641509434,-1.633257949940708e-14
1763.7735849056603,7.332525364663855e-15
1763.9245283018868,-8.396684614301772e-15
1764.0754716981132,-3.605599370339399e-15
1764.2264150943397,-2.4845003122809715e-16
1764.377358490566,-6.52241938524689e-15
1764.5283018867924,-1.7128687482607463e-15
1764.6792452830189,-2.5512580058524746e-15
1764.8301886792453,-6.177822434462543e-15
1764.9811320754718,-1.2279276627500096e-17
1765.132075471698,-4.2155949885514686e-15
1765.2830188679245,-6.403490232751611e-15
1765.433962264151,2.0969058593228236e-15
1765.5849056603774,-6.047610263391103e-15
1765.7358490566037,-7.479553949051844e-15
1765.8867924528302,8.212380646088906e-15
1766.0377358490566,-1.821909832873592e-14
1766.188679245283,1.089154374292473e-14
1766.3396226415093,-1.495771138554536e-14
1766.4905660377358,6.54181657861835e-15
1766.6415094339623,-1.0538215764155056e-14
1766.7924528301887,-1.4505951999622645e-15
1766.9433962264152,3.258304606641641e-15
1767.0943396226414,-1.6201947568849125e-14
1767.245283018868,9.390839261130372e-15
1767.3962264150944,-7.842917126976274e-15
1767.5471698113208,-9.309303704122325e-15
1767.698113207547,9.978687617450096e-15
1767.8490566037735,-1.6698905029296564e-14
1768.0,5.847453372739113e-15
1768.1509433962265,-7.272934735407662e-15
1768.301886792453,-1.542300073934975e-15
1768.4528301886792,-4.615742838165645e-15
1768.6037735849056,-1.7663074423566797e-15
1768.754716981132,-3.0457128775834317e-15
1768.9056603773586,-5.782293490622847e-15
1769.0566037735848,1.1927958439212555e-15
1769.2075471698113,-7.29885006795824e-15
1769.3584905660377,2.501714419447813e-16
1769.5094339622642,-7.98763675006627e-15
1769.6603773584907,6.903868737747195e-15
1769.811320754717,-1.997276071728202e-14
1769.9622641509434,1.8279990222312628e-14
1770.1132075471698,-2.463142961951353e-14
1770.2641509433963,1.549754152477951e-14
1770.4150943396226,-1.826289678439971e-14
1770.566037735849,9.102817057100371e-15
1770.7169811320755,-1.2237504780114385e-14
1770.867924528302,3.32544952842488e-15
1771.0188679245282,-8.696776388214872e-15
1771.1698113207547,4.451821963377243e-15
1771.3207547169811,-1.2974469465012424e-14
1771.4716981132076,6.400249389354919e-15
1771.622641509434,-8.395380428902259e-15
1771.7735849056603,-2.1672266884138817e-15
1771.9245283018868,-3.37545974499836e-15
1772.0754716981132,1.4190773083076769e-15
1772.2264150943397,-1.2244681525017182e-14
1772.377358490566,6.7221159905022184e-15
1772.5283018867924,-8.162533122618638e-15
1772.6792452830189,-3.34960944516328e-15
1772.8301886792453,-1.447715997246874e-15
1772.9811320754718,-5.070730507019271e-16
1773.132075471698,-1.0628279144240225e-14
1773.2830188679245,5.762997631988847e-15
1773.433962264151,-7.67239103451429e-15
1773.5849056603774,-3.6715630866951906e-15
1773.7358490566037,-3.704822172602017e-16
1773.8867924528302,-2.7527194291879115e-15
1774.0377358490566,-7.605784410495255e-15
1774.188679245283,3.8184731299223265e-15
1774.3396226415093,-8.087185095713682e-15
1774.4905660377358,-1.8514354595796992e-15
1774.6415094339623,3.56368825627508e-16
1774.7924528301887,-9.416333135089628e-15
1774.9433962264152,4.661469409737883e-15
1775.0943396226414,-8.718289803691053e-15
1775.245283018868,-2.0222526384596935e-15
1775.3962264150944,3.001435365271232e-15
1775.5471698113208,-1.449164459506068e-14
1775.698113207547,1.033632445101416e-14
1775.8490566037735,-1.3422235431222018e-14
1776.0,3.638312871382449e-15
1776.1509433962265,-7.790366644295835e-15
1776.301886792453,3.78550447571757e-15
1776.4528301886792,-1.1916786422210326e-14
1776.6037735849056,5.897883473974465e-15
1776.754716981132,-8.13896475199567e-15
1776.9056603773586,-1.6397770576958214e-15
1777.0566037735848,-1.8887720402516097e-15
1777.2075471698113,-3.842163016320186e-15
1777.3584905660377,-2.5372387728428078e-15
1777.5094339622642,-2.475711459895909e-15
1777.6603773584907,-3.71925858676945e-15
1777.811320754717,-1.6581201236268004e-15
1777.9622641509434,-3.1340278069971688e-15
1778.1132075471698,-4.705124186545436e-15
1778.2641509433963,1.832349156365817e-15
1778.4150943396226,-9.042627148820713e-15
1778.566037735849,3.149710846616707e-15
1778.7169811320755,-6.9894362363425436e-15
1778.867924528302,-3.075519456875844e-16
1779.0188679245282,-4.4482018893802405e-15
1779.1698113207547,-9.433905117197886e-16
1779.3207547169811,-4.7585272079060265e-15
1779.4716981132076,-1.2649533141415773e-15
1779.622641509434,-3.065091737962207e-15
1779.7735849056603,-3.276671932111617e-15
1779.9245283018868,-2.5313333933816655e-15
1780.0754716981132,-1.6233436510100488e-15
1780.2264150943397,-4.403806240485516e-15
1780.377358490566,-2.770886250437232e-15
1780.5283018867924,1.0136546546529625e-15
1780.6792452830189,-9.378186753056544e-15
1780.8301886792453,3.6156702297651386e-15
1780.9811320754718,-5.1514837462246016e-15
1781.132075471698,-5.0511238821975756e-15
1781.2830188679245,2.5497732272763657e-15
1781.433962264151,-7.691583066280334e-15
1781.5849056603774,2.8292775521096414e-16
1781.7358490566037,-3.717215881823768e-15
1781.8867924528302,-2.122495509302209e-15
1782.0377358490566,-3.718671940470437e-15
1782.188679245283,-1.0805561570511715e-15
1782.3396226415093,-3.81761170275809e-15
1782.4905660377358,-2.5268105878862693e-15
1782.6415094339623,-1.925136042654082e-15
1782.7924528301887,-2.9734991798431035e-15
1782.9433962264152,-3.482674343437858e-15
1783.0943396226414,-1.1755552426879465e-15
1783.245283018868,-2.476024494640301e-15
1783.3962264150944,-5.9739069091661865e-15
1783.5471698113208,3.3700794502508304e-15
1783.698113207547,-8.12681330806538e-15
1783.8490566037735,-5.437815506746532e-16
1784.0,-1.6633239481079301e-16
1784.1509433962265,-7.865850936888421e-15
1784.301886792453,3.2769973344105713e-15
1784.4528301886792,-7.535920198346729e-15
1784.6037735849056,1.454459362159802e-15
1784.754716981132,-5.946568701687003e-15
1784.9056603773586,1.0706901674697265e-15
1785.0566037735848,-8.016106567900304e-15
1785.2075471698113,6.395413313115839e-15
1785.3584905660377,-1.3487665163665577e-14
1785.5094339622642,5.045229167694999e-15
1785.6603773584907,-5.564632030822795e-16
1785.811320754717,-1.498673563986009e-14
1785.9622641509434,1.4559289043284806e-14
1786.1132075471698,-1.5740388017143677e-14
1786.2641509433963,3.333387860471687e-15
1786.4150943396226,-4.5190604798358535e-15
1786.566037735849,2.2884919843314588e-15
1786.7169811320755,-1.2370608384609036e-14
1786.867924528302,8.590430705844119e-15
1787.0188679245282,-8.462536581065172e-15
1787.1698113207547,-3.3578540896500325e-15
1787.3207547169811,8.9784686643417e-16
1787.4716981132076,-1.6094961554823746e-15
1787.622641509434,-9.768995163279345e-15
1787.7735849056603,7.324177303344424e-15
1787.9245283018868,-7.805420925214665e-15
1788.0754716981132,-4.575027151686668e-15
1788.2264150943397,3.9311346190150815e-15
1788.377358490566,-5.878594004499634e-15
1788.5283018867924,-6.1119588139484455e-15
1788.6792452830189,6.34947786497342e-15
1788.8301886792453,-9.72972882208004e-15
1788.9811320754718,-7.741184113079291e-16
1789.132075471698,-9.008135043362188e-17
1789.2830188679245,-2.3842547265232778e-15
1789.433962264151,-8.56514784194971e-15
1789.5849056603774,7.07091272785302e-15
1789.7358490566037,-6.641019983206654e-15
1789.8867924528302,-9.59245780555372e-15
1790.0377358490566,1.4621732644121112e-14
1790.188679245283,-1.9476849583062802e-14
1790.3396226415093,5.2571046891899796e-15
1790.4905660377358,2.1377110006524814e-15
1790.6415094339623,-1.2580700576091837e-14
1790.7924528301887,4.303577963251462e-15
1790.9433962264152,4.2041849047407243e-16
1791.0943396226414,-1.2611220096260871e-14
1791.245283018868,8.35968219441696e-15
1791.3962264150944,-6.0121543605307556e-15
1791.5471698113208,-6.833075893823295e-15
1791.698113207547,4.505454934761709e-15
1791.8490566037735,-2.2655807813446452e-15
1792.0,-1.3363025215668594e-14
1792.1509433962265,1.583322627213034e-14
1792.301886792453,-1.798346121257378e-14
1792.4528301886792,3.968005628953812e-15
1792.6037735849056,1.5046888214290466e-15
1792.754716981132,-1.0705505894729017e-14
1792.9056603773586,5.0002911477692596e-15
1793.0566037735848,-5.163008535367296e-15
1793.2075471698113,-2.8032253880705173e-15
1793.3584905660377,-1.0035554662428933e-15
1793.5094339622642,-9.1498618439973e-16
1793.6603773584907,-7.344854433200357e-15
1793.811320754717,5.721395719746125e-15
1793.9622641509434,-9.600240531219998e-15
1794.1132075471698,1.0782615642206179e-15
1794.2641509433963,8.290735471695352e-16
1794.4150943396226,-1.0369362363801087e-14
1794.566037735849,7.57503843710985e-15
1794.7169811320755,-9.302614434442153e-15
1794.867924528302,5.428065345517982e-16
1795.0188679245282,-1.1347893348664235e-15
1795.1698113207547,-5.203719748899688e-15
1795.3207547169811,2.5937599028622715e-15
1795.4716981132076,-8.924989237613916e-15
1795.622641509434,6.246161612943377e-15
1795.7735849056603,-9.5386266269615e-15
1795.9245283018868,1.5327813183341232e-15
1796.0754716981132,-9.940023295507699e-16
1796.2264150943397,-6.038086914988616e-15
1796.377358490566,1.6019540637708525e-15
1796.5283018867924,-3.489726484655371e-15
1796.6792452830189,-2.533774880237534e-15
1796.8301886792453,-1.6321719106663249e-15
1796.9811320754718,-1.0742434992520814e-15
1797.132075471698,-3.618604741640847e-15
1797.2830188679245,-2.370515235190417e-15
1797.433962264151,1.9326891622750776e-15
1797.5849056603774,-8.600590111549883e-15
1797.7358490566037,3.867882560654665e-15
1797.8867924528302,-4.349760238765647e-15
1798.0377358490566,-3.627150592596008e-15
1798.188679245283,1.854496584167415e-15
1798.3396226415093,-6.288735964279701e-15
1798.4905660377358,1.91696461176587e-15
1798.6415094339623,-4.942608215427713e-15
1798.7924528301887,-1.2319506880099387e-15
1798.9433962264152,6.367482415533657e-16
1799.0943396226414,-7.198652865150506e-15
1799.245283018868,2.849900714329031e-15
1799.3962264150944,-3.001288115270564e-15
1799.5471698113208,-5.7165384731325855e-15
1799.698113207547,4.656861771513875e-15
1799.8490566037735,-8.155252191643825e-15
1800.0,2.004342488153188e-15
1800.1509433962265,-4.109807651003019e-15
1800.301886792453,4.0449684790975505e-16
1800.4528301886792,-5.526662586258431e-15
1800.6037735849056,2.1994021676438387e-15
1800.754716981132,-4.585533776028456e-15
1800.9056603773586,-1.3851573799111215e-15
1801.0566037735848,-2.1871272885479506e-15
1801.2075471698113,1.5231339362937822e-15
1801.3584905660377,-9.421732725419542e-15
1801.5094339622642,6.603095876792211e-15
1801.6603773584907,-6.3496104315055e-15
1801.811320754717,-3.2468471128882304e-15
1801.9622641509434,2.2734709989920007e-15
1802.1132075471698,-3.1499154482012955e-15
1802.2641509433963,-6.754771526077565e-15
1802.4150943396226,7.990504413292882e-15
1802.566037735849,-1.1662859301007652e-14
1802.7169811320755,3.0339685872833363e-15
1802.867924528302,1.9253012594143878e-16
1803.0188679245282,-8.55102800298021e-15
1803.1698113207547,5.330864603967503e-15
1803.3207547169811,-5.94285158908212e-15
1803.4716981132076,-6.329014554094631e-16
1803.622641509434,-3.0118293682012883e-15
1803.7735849056603,2.7557744192423664e-15
1803.9245283018868,-9.936797346114902e-15
1804.0754716981132,6.756649048020268e-15
1804.2264150943397,-5.9181245477402945e-15
1804.377358490566,-4.743612973242566e-15
1804.5283018867924,7.194931355209133e-15
1804.6792452830189,-1.2354815961770289e-14
1804.8301886792453,6.420989295265306e-15
1804.9811320754718,-6.059555208458527e-15
1805.132075471698,2.124087076137042e-18
1805.2830188679245,-2.5156765114461683e-15
1805.433962264151,-1.0501894564316103e-15
1805.5849056603774,-2.2892045428982534e-15
1805.7358490566037,-1.3645031491125047e-15
1805.8867924528302,-1.1804673418641954e-15
1806.0377358490566,-4.037734483765e-15
1806.188679245283,3.0888812425819725e-15
1806.3396226415093,-8.176742466060781e-15
1806.4905660377358,5.271943561969528e-15
1806.6415094339623,-8.736878395215457e-15
1806.7924528301887,6.729401239938484e-15
1806.9433962264152,-1.2201975805328592e-14
1807.0943396226414,9.799862972298653e-15
1807.245283018868,-1.1203087424822808e-14
1807.3962264150944,4.559189447488069e-15
1807.5471698113208,-5.7605039961003826e-15
1807.698113207547,3.2188860237756733e-15
1807.8490566037735,-8.177889227365957e-15
1808.0,4.272448792804172e-15
1808.1509433962265,-2.465420031687537e-15
1808.301886792453,-7.933803303451204e-15
1808.4528301886792,8.974557352033415e-15
1808.6037735849056,-9.137793153700374e-15
1808.754716981132,-3.589464637722586e-15
1808.9056603773586,1.0949275251583133e-14
1809.0566037735848,-1.8940797636525558e-14
1809.2075471698113,1.2786160484736905e-14
1809.3584905660377,-8.597531598935229e-15
1809.5094339622642,-5.3196587239326693e-17
1809.6603773584907,-2.0281304592025768e-15
1809.811320754717,4.67198430888059e-16
1809.9622641509434,-3.915986754822354e-15
1810.1132075471698,-6.735296073431293e-16
1810.2641509433963,-1.2487024492792171e-15
1810.4150943396226,-2.4307537621548146e-16
1810.566037735849,-5.80869829589602e-15
1810.7169811320755,3.890229671838066e-15
1810.867924528302,-3.693946269358219e-15
1811.0188679245282,-5.2680651534219766e-15
1811.1698113207547,7.290644609502909e-15
1811.3207547169811,-1.1360431890835749e-14
1811.4716981132076,6.183721055777923e-15
1811.622641509434,-6.307768319524422e-15
1811.7735849056603,2.3523039892505684e-15
1811.9245283018868,-5.54776788154379e-15
1812.0754716981132,2.185139316171255e-15
1812.2264150943397,-2.5302083352735577e-15
1812.377358490566,-3.638978812417507e-15
1812.5283018867924,2.216882429837639e-15
1812.6792452830189,-2.6944106505253733e-15
1812.8301886792453,-5.669875727865064e-15
1812.9811320754718,8.901649873648448e-15
1813.132075471698,-1.5090660380336455e-14
1813.2830188679245,1.1378155042823414e-14
1813.433962264151,-9.219856078245474e-15
1813.5849056603774,-4.238471760361682e-16
1813.7358490566037,3.7555780103767905e-15
1813.8867924528302,-9.238424282840044e-15
1814.0377358490566,4.808110817356905e-15
1814.188679245283,-2.039773621903197e-15
1814.3396226415093,-7.382258378167283e-15
1814.4905660377358,9.531224587624475e-15
1814.6415094339623,-1.3160091350979985e-14
1814.7924528301887,8.32986187618116e-15
1814.9433962264152,-8.171690644896325e-15
1815.0943396226414,3.916644451831124e-15
1815.245283018868,-5.703956469555663e-15
1815.3962264150944,1.9110254602490085e-15
1815.5471698113208,-2.917170259860044e-15
1815.698113207547,-4.740461001303617e-16
1815.8490566037735,-2.6574728599710327e-15
1816.0,9.555799461185543e-16
1816.1509433962265,-2.477522554900489e-15
1816.301886792453,-4.0331485438604525e-15
1816.4528301886792,7.094054232832118e-15
1816.6037735849056,-1.3461184565004822e-14
1816.754716981132,1.018747626148932e-14
1816.9056603773586,-6.761892676406902e-15
1817.0566037735848,-3.980902626377506e-15
1817.2075471698113,7.71707492013495e-15
1817.3584905660377,-1.1049018679156833e-14
1817.5094339622642,4.892647586514297e-15
1817.6603773584907,-2.8939308782440985e-15
1817.811320754717,-9.1084468333351e-16
1817.9622641509434,-3.1614461017984167e-15
1818.1132075471698,2.1672110305264102e-15
1818.2641509433963,-2.033786721879059e-15
1818.4150943396226,-6.689718912513202e-15
1818.566037735849,1.0446853208096918e-14
1818.7169811320755,-1.3752630141183062e-14
1818.867924528302,6.377894352000555e-15
1819.0188679245282,-1.4188957438331882e-15
1819.1698113207547,-5.334554596613905e-15
1819.3207547169811,2.933733967018684e-15
1819.4716981132076,-2.1862301011426717e-15
1819.622641509434,-3.782875872668206e-15
1819.7735849056603,5.4175100358315224e-15
1819.9245283018868,-1.1293924152669326e-14
1820.0754716981132,1.0426944893543407e-14
1820.2264150943397,-9.135391675454023e-15
1820.377358490566,-6.256856518417101e-16
1820.5283018867924,5.09743036267696e-15
1820.6792452830189,-7.686430537787003e-15
1820.8301886792453,-6.194940074158039e-16
1820.9811320754718,6.3464371320820835e-15
1821.132075471698,-1.2617330761799203e-14
1821.2830188679245,9.46540719113111e-15
1821.433962264151,-7.697879056670461e-15
1821.5849056603774,2.1248342683892524e-15
1821.7358490566037,-2.7857572227705444e-15
1821.8867924528302,1.2401633723014415e-15
1822.0377358490566,-4.2637262311239535e-15
1822.188679245283,2.0432737934708285e-15
1822.3396226415093,-2.295696808288631e-15
1822.4905660377358,-1.798652023071668e-15
1822.6415094339623,5.452229599705698e-16
1822.7924528301887,-1.595735924990035e-15
1822.9433962264152,-1.4831591620528336e-15
1823.0943396226414,-1.3041412660051627e-15
1823.245283018868,3.0348454536469584e-15
1823.3962264150944,-1.0209706421335755e-14
1823.5471698113208,1.2299493602795895e-14
1823.698113207547,-1.4279040622264122e-14
1823.8490566037735,7.453952577657199e-15
1824.0,-9.133406820098092e-16
1824.1509433962265,-8.855533896686283e-15
1824.301886792453,9.698366863347727e-15
1824.4528301886792,-7.044953198445647e-15
1824.6037735849056,-3.581832817247241e-15
1824.754716981132,8.829374038612698e-15
1824.9056603773586,-1.1623146960222986e-14
1825.0566037735848,5.4445264899446985e-15
1825.2075471698113,-1.787759588640767e-15
1825.3584905660377,-3.056462287654972e-15
1825.5094339622642,2.1204392132039964e-15
1825.6603773584907,-4.546647309154193e-15
1825.811320754717,4.310819550103313e-15
1825.9622641509434,-6.8442149552703915e-15
1826.1132075471698,2.9190472083422156e-15
1826.2641509433963,1.1391198512954128e-15
1826.4150943396226,-9.5500976783317e-15
1826.566037735849,1.1563384142320677e-14
1826.7169811320755,-1.1482893083329916e-14
1826.867924528302,3.913742418105618e-15
1827.0188679245282,7.204630187349466e-16
1827.1698113207547,-5.448967957349835e-15
1827.3207547169811,3.026015635310452e-15
1827.4716981132076,-1.84481042845148e-15
1827.622641509434,-1.708885743528049e-15
1827.7735849056603,-1.2268736964459337e-16
1827.9245283018868,3.5833473423727685e-16
1828.0754716981132,-3.208358886414272e-15
1828.2264150943397,9.22386819963075e-16
1828.377358490566,1.4277531504411979e-18
1828.5283018867924,-3.2816223817993943e-15
1828.6792452830189,5.204644554932595e-16
1828.8301886792453,2.2098268472733362e-15
1828.9811320754718,-7.777589714822104e-15
1829.132075471698,6.5332623845243535e-15
1829.2830188679245,-2.9697523191530227e-15
1829.433962264151,-6.114584119542223e-15
1829.5849056603774,1.0166649926824211e-14
1829.7358490566037,-1.167764492721027e-14
1829.8867924528302,6.3562049544521914e-15
1830.0377358490566,-4.314500984727335e-15
1830.188679245283,2.9896872519369458e-15
1830.3396226415093,-5.9634092931317704e-15
1830.4905660377358,3.21956288837944e-15
1830.6415094339623,1.6165141673849077e-15
1830.7924528301887,-1.0109232104893214e-14
1830.9433962264152,1.100128381707715e-14
1831.0943396226414,-6.984693093429791e-15
1831.245283018868,-3.9812409425302625e-15
1831.3962264150944,1.076134915986878e-14
1831.5471698113208,-1.3921914882251835e-14
1831.698113207547,7.729807940485751e-15
1831.8490566037735,2.218989110634635e-16
1832.0,-1.0854480512825913e-14
1832.1509433962265,1.5929493138946364e-14
1832.301886792453,-1.8892273667885425e-14
1832.4528301886792,1.5697205592063845e-14
1832.6037735849056,-1.2918552725044908e-14
1832.754716981132,7.583134422250107e-15
1832.9056603773586,-5.312330694948634e-15
1833.0566037735848,1.982240617973429e-15
1833.2075471698113,-2.1279286209960857e-15
1833.3584905660377,4.588189587493712e-16
1833.5094339622642,2.014866991091673e-16
1833.6603773584907,-5.5099386029931955e-15
1833.811320754717,1.0763231504754122e-14
1833.9622641509434,-1.816166460919137e-14
1834.1132075471698,2.104837568533939e-14
1834.2641509433963,-2.2125336929175124e-14
1834.4150943396226,1.706043797650577e-14
1834.566037735849,-1.1059719029209947e-14
1834.7169811320755,2.6837146397845e-15
1834.867924528302,7.559012334681235e-16
1835.0188679245282,-1.1996032133579354e-15
1835.1698113207547,-3.889143645183532e-15
1835.3207547169811,6.49528833482717e-15
1835.4716981132076,-6.776904602771832e-15
1835.622641509434,1.2151745139538523e-15
1835.7735849056603,2.8251453370056826e-15
1835.9245283018868,-5.531972466239433e-15
1836.0754716981132,3.1618308431496374e-15
1836.2264150943397,-1.9210762461872762e-15
1836.377358490566,1.0528250065941996e-15
1836.5283018867924,-4.7771918370899855e-15
1836.6792452830189,8.370861241806499e-15
1836.8301886792453,-1.2725582744834013e-14
1836.9811320754718,1.243330649056472e-14
1837.132075471698,-1.0264316942996702e-14
1837.2830188679245,4.594297794864416e-15
1837.433962264151,-1.0417311073511836e-15
1837.5849056603774,-1.9117393239955315e-15
1837.7358490566037,1.421287082424206e-15
1837.8867924528302,-1.644382470636847e-15
1838.0377358490566,3.474503770450695e-16
1838.188679245283,-2.621557901131307e-16
1838.3396226415093,-1.524637924937411e-15
1838.4905660377358,1.2411312205261466e-15
1838.6415094339623,-3.7470283772958533e-16
1838.7924528301887,-3.5069368984000867e-15
1838.9433962264152,5.4820458757771e-15
1839.0943396226414,-5.711073567747772e-15
1839.245283018868,1.3918913111889345e-15
1839.3962264150944,2.7199292126295812e-15
1839.5471698113208,-6.291186126227973e-15
1839.698113207547,5.80095859480288e-15
1839.8490566037735,-4.600488024557322e-15
1840.0,2.2079290259237216e-15
1840.1509433962265,-2.001874927315355e-15
1840.301886792453,1.6968708015919648e-15
1840.4528301886792,-2.7158443614254732e-15
1840.6037735849056,2.3493328527394944e-15
1840.754716981132,-2.5465744347806224e-15
1840.9056603773586,1.5423362028185937e-15
1841.0566037735848,-1.609933105858626e-15
1841.2075471698113,1.0386169629511612e-15
1841.3584905660377,-1.7253995658141428e-15
1841.5094339622642,1.683186757256692e-15
1841.6603773584907,-2.318422733830265e-15
1841.811320754717,1.573858617990704e-15
1841.9622641509434,-1.1684584968507863e-15
1842.1132075471698,1.1559610691319024e-16
1842.2641509433963,-7.92012531997366e-16
1842.4150943396226,1.7173763571594669e-15
1842.566037735849,-3.0834738739248994e-15
1842.7169811320755,1.8003402015934647e-15
1842.867924528302,1.0058435740360334e-15
1843.0188679245282,-4.738781882890655e-15
1843.1698113207547,5.257327642385768e-15
1843.3207547169811,-2.154900655363506e-15
1843.4716981132076,-4.675171589696553e-15
1843.622641509434,1.0708497533780922e-14
1843.7735849056603,-1.3487038270470743e-14
1843.9245283018868,1.0774741179028967e-14
1844.0754716981132,-5.491712971434373e-15
1844.2264150943397,1.43155231638894e-16
1844.377358490566,2.0605419866198e-15
1844.5283018867924,-2.049278016835614e-15
1844.6792452830189,6.281470875549369e-16
1844.8301886792453,2.0849906159056815e-16
1844.9811320754718,-1.0524151554718078e-15
1845.132075471698,1.5064199853874547e-15
1845.2830188679245,-1.6772201575314718e-15
1845.433962264151,2.162408776881138e-16
1845.5849056603774,2.065969177354828e-15
1845.7358490566037,-3.865549167444243e-15
1845.8867924528302,3.159911528726654e-15
1846.0377358490566,-4.586640004062287e-16
1846.188679245283,-2.974834796819419e-15
1846.3396226415093,5.757820300963425e-15
1846.4905660377358,-8.114183169807418e-15
1846.6415094339623,9.92984801715343e-15
1846.7924528301887,-1.0423484111673562e-14
1846.9433962264152,8.568086574173009e-15
1847.0943396226414,-4.895748002681552e-15
1847.245283018868,1.4602588005738058e-15
1847.3962264150944,1.38774661654521e-16
1847.5471698113208,1.984922536560724e-17
1847.698113207547,-2.0389610610408164e-16
1847.8490566037735,-1.1312124958004257e-16
1848.0,-1.1237451045598855e-17
1848.1509433962265,2.5662548783129604e-15
1848.301886792453,-6.627074295818594e-15
1848.4528301886792,9.46755944935649e-15
1848.6037735849056,-7.76167571691663e-15
1848.754716981132,2.784881114551236e-15
1848.9056603773586,1.798934112555336e-15
1849.0566037735848,-1.7278794608173014e-15
1849.2075471698113,-1.6108915423120866e-15
1849.3584905660377,4.7293628919653305e-15
1849.5094339622642,-3.93941674870485e-15
1849.6603773584907,1.444484114924717e-15
1849.811320754717,4.5189664608761586e-17
1849.9622641509434,1.4652878629841275e-15
1850.1132075471698,-2.051052435036346e-15
1850.2641509433963,-1.1783615363853567e-15
1850.4150943396226,9.502281690562478e-15
1850.566037735849,-1.6973608554887168e-14
1850.7169811320755,1.80971761361469e-14
1850.867924528302,-8.93411362969415e-15
1851.0188679245282,-4.80765677927536e-15
1851.1698113207547,1.517508991946098e-14
1851.3207547169811,-1.3954228082724125e-14
1851.4716981132076,3.916137999535528e-15
1851.622641509434,7.597641691098589e-15
1851.7735849056603,-1.0335686940193661e-14
1851.9245283018868,4.137159320492622e-15
1852.0754716981132,6.6561844806532194e-15
1852.2264150943397,-1.2502128244418385e-14
1852.377358490566,1.0942750487021929e-14
1852.5283018867924,-1.7235476398033326e-15
1852.6792452830189,-8.224214904303284e-15
1852.8301886792453,1.5057982182410426e-14
1852.9811320754718,-1.3768453066528062e-14
1853.132075471698,7.165570717274647e-15
1853.2830188679245,2.5355494584985824e-15
1853.433962264151,-8.772844137337056e-15
1853.5849056603774,1.1402440146710903e-14
1853.7358490566037,-9.186479729509591e-15
1853.8867924528302,6.725361521286943e-15
1854.0377358490566,-4.116432083825594e-15
1854.188679245283,4.786531988659633e-15
1854.3396226415093,-6.219689595819352e-15
1854.4905660377358,9.205372186431594e-15
1854.6415094339623,-9.609411561678333e-15
1854.7924528301887,9.414599917700123e-15
1854.9433962264152,-7.201325618264021e-15
1855.0943396226414,6.509677606520632e-15
1855.245283018868,-4.669984542789367e-15
1855.3962264150944,3.860256780227329e-15
1855.5471698113208,-1.857182204988087e-15
1855.698113207547,2.3277178192187894e-15
1855.8490566037735,-2.57266533277166e-15
1856.0,3.9358749167478354e-15
1856.1509433962265,-1.6749643735833704e-15
1856.301886792453,-1.792089921405395e-15
1856.4528301886792,7.631193710411476e-15
1856.6037735849056,-9.898032296843444e-15
1856.754716981132,9.530583513372502e-15
1856.9056603773586,-3.518901674786883e-15
1857.0566037735848,-2.8169905463409483e-15
1857.2075471698113,9.525179131814363e-15
1857.3584905660377,-1.098544304311171e-14
1857.5094339622642,1.007706638678205e-14
1857.6603773584907,-5.073047490069559e-15
1857.811320754717,1.5702713293149752e-15
1857.9622641509434,2.3561444988130137e-15
1858.1132075471698,-2.656716526293552e-15
1858.2641509433963,2.4417488255689447e-15
1858.4150943396226,1.9023867004705586e-15
1858.566037735849,-5.457783822144781e-15
1858.7169811320755,9.085525083842428e-15
1858.867924528302,-6.841651536047538e-15
1859.0188679245282,3.1708017226239634e-15
1859.1698113207547,2.081056072999257e-15
1859.3207547169811,-1.7324663089484082e-15
1859.4716981132076,-2.0148658858529328e-16
1859.622641509434,4.418096587227338e-15
1859.7735849056603,-4.208633505237987e-15
1859.9245283018868,3.8112025824248665e-15
1860.0754716981132,-1.1787452476874045e-15
1860.2264150943397,1.4780583103642539e-15
1860.377358490566,2.11816309848624e-16
1860.5283018867924,-7.274438490644656e-16
1860.6792452830189,4.076244897889283e-15
1860.8301886792453,-4.729219131157132e-15
1860.9811320754718,6.2064441541598505e-15
1861.132075471698,-4.42137907233556e-15
1861.2830188679245,4.585279940749819e-15
1861.433962264151,-2.5093209012893223e-15
1861.5849056603774,2.4765591628369007e-15
1861.7358490566037,-5.918513792376112e-17
1861.8867924528302,9.783640940304559e-16
1862.0377358490566,-1.6076253455027952e-15
1862.188679245283,5.965098420976587e-15
1862.3396226415093,-6.817182232874767e-15
1862.4905660377358,6.82292749805042e-15
1862.6415094339623,-1.4878375147648743e-15
1862.7924528301887,-1.6795476036128653e-15
1862.9433962264152,5.158544199572029e-15
1863.0943396226414,-3.702203389803323e-15
1863.245283018868,3.978809422760186e-15
1863.3962264150944,-2.388360450998259e-15
1863.5471698113208,3.872948564505285e-15
1863.698113207547,-2.0273206074108053e-15
1863.8490566037735,1.7763320677153315e-15
1864.0,4.402413604454636e-16
1864.1509433962265,2.7606125068791764e-15
1864.301886792453,-5.696037165275017e-15
1864.4528301886792,1.0412883587732107e-14
1864.6037735849056,-7.950383016963557e-15
1864.754716981132,3.855268321574305e-15
1864.9056603773586,3.1686822165145597e-15
1865.0566037735848,-2.8676471063306767e-15
1865.2075471698113,2.918485379334046e-16
1865.3584905660377,6.06467806357384e-15
1865.5094339622642,-5.559746678698257e-15
1865.6603773584907,2.870292428341504e-15
1865.811320754717,4.29835954970179e-15
1865.9622641509434,-5.526932183037873e-15
1866.1132075471698,5.366167334518234e-15
1866.2641509433963,-7.716982861375648e-16
1866.4150943396226,1.6997345718061168e-15
1866.566037735849,-3.042207600272681e-15
1866.7169811320755,7.867003512630403e-15
1866.867924528302,-6.2137911956634085e-15
1867.0188679245282,3.4001112840775953e-15
1867.1698113207547,3.930658895386584e-15
1867.3207547169811,-5.744100000740194e-15
1867.4716981132076,7.0294107554642784e-15
1867.622641509434,-3.4077747488287187e-15
1867.7735849056603,4.196755659884087e-15
1867.9245283018868,-4.048737685330536e-15
1868.0754716981132,8.25434873467413e-15
1868.2264150943397,-8.393734934629178e-15
1868.377358490566,9.96376189944743e-15
1868.5283018867924,-6.305121779742647e-15
1868.6792452830189,4.586444893335512e-15
1868.8301886792453,1.1133740627296779e-15
1868.9811320754718,-2.9361626683135644e-15
1869.132075471698,6.3363510995274284e-15
1869.2830188679245,-3.4559543471683768e-15
1869.433962264151,1.5624014635750086e-15
1869.5849056603774,4.099831984295511e-15
1869.7358490566037,-4.013474001010392e-15
1869.8867924528302,4.6542076163419305e-15
1870.0377358490566,-8.798368784746454e-16
1870.188679245283,1.946411816790456e-15
1870.3396226415093,-6.480383150377032e-16
1870.4905660377358,2.203781752936053e-15
1870.6415094339623,2.0292241361997804e-15
1870.7924528301887,-3.799823304313738e-15
1870.9433962264152,7.977959909523584e-15
1871.0943396226414,-5.6084662728192375e-15
1871.245283018868,4.900545174983677e-15
1871.3962264150944,-7.899752424620893e-16
1871.5471698113208,2.634506073547611e-15
1871.698113207547,-2.4101243742178194e-15
1871.8490566037735,5.1877974441174525e-15
1872.0,-1.1756305558592814e-15
1872.1509433962265,-1.2137188832318927e-15
1872.301886792453,6.316029128250699e-15
1872.4528301886792,-3.343527171583001e-15
1872.6037735849056,4.933762204232027e-16
1872.754716981132,6.5392316617489165e-15
1872.9056603773586,-6.3718026073990335e-15
1873.0566037735848,6.766624226333946e-15
1873.2075471698113,-2.7975251638425494e-15
1873.3584905660377,5.470041316218673e-15
1873.5094339622642,-6.3268300300245686e-15
1873.6603773584907,1.0311776878729143e-14
1873.811320754717,-6.974922533624992e-15
1873.9622641509434,5.691004213470126e-15
1874.1132075471698,-1.3072826228001856e-15
1874.2641509433963,3.6477418020739225e-15
1874.4150943396226,-2.6233906672318134e-15
1874.566037735849,3.412907070309742e-15
1874.7169811320755,3.6619163214235445e-15
1874.867924528302,-7.679607035209546e-15
1875.0188679245282,1.2853257048267545e-14
1875.1698113207547,-8.240180447259703e-15
1875.3207547169811,4.24333317020292e-15
1875.4716981132076,3.4021153496721575e-15
1875.622641509434,-2.9804664595801757e-15
1875.7735849056603,4.121000629138486e-15
1875.9245283018868,-1.3161397970509052e-15
1876.0754716981132,5.2560059990553634e-15
1876.2264150943397,-5.5801828710769736e-15
1876.377358490566,8.172803777324103e-15
1876.5283018867924,-2.789778736089183e-15
1876.6792452830189,1.2895600968294064e-16
1876.8301886792453,5.877605928296462e-15
1876.9811320754718,-4.40229051819435e-15
1877.132075471698,5.0507050485139546e-15
1877.2830188679245,-4.134809673079628e-16
1877.433962264151,1.2885652253830332e-15
1877.5849056603774,9.88602641788123e-16
1877.7358490566037,2.5270683802643135e-15
1877.8867924528302,-1.515634706180693e-15
1878.0377358490566,4.207214001408501e-15
1878.188679245283,-5.066748650778126e-16
1878.3396226415093,5.992167411652707e-16
1878.4905660377358,2.8354506474584616e-15
1878.6415094339623,1.7575942424798638e-15
1878.7924528301887,-4.094994857959124e-15
1878.9433962264152,1.0028527185144286e-14
1879.0943396226414,-5.977516815455102e-15
1879.245283018868,1.5454127140526458e-15
1879.3962264150944,8.802051176638663e-15
1879.5471698113208,-9.95120959704859e-15
1879.698113207547,9.389401520291401e-15
1879.8490566037735,8.253223991246522e-16
1880.0,-6.18781676577596e-15
1880.1509433962265,1.2588056745314374e-14
1880.301886792453,-8.47878857237456e-15
1880.4528301886792,5.1780384236889884e-15
1880.6037735849056,4.4521912757469724e-15
1880.754716981132,-6.973920014384513e-15
1880.9056603773586,1.0514845363919762e-14
1881.0566037735848,-5.101802777192224e-15
1881.2075471698113,3.363034108817984e-15
1881.3584905660377,2.573862467200857e-15
1881.5094339622642,-1.8384596225958738e-15
1881.6603773584907,6.070924735178563e-15
1881.811320754717,-5.581329187541146e-15
1881.9622641509434,9.727948304720118e-15
1882.1132075471698,-6.1064673715066735e-15
1882.2641509433963,4.996110722400853e-15
1882.4150943396226,2.262775360160073e-15
1882.566037735849,-2.4585940846147586e-15
1882.7169811320755,5.267058971632256e-15
1882.867924528302,-9.490216098976156e-16
1883.0188679245282,2.0586736532636325e-15
1883.1698113207547,1.2248139517962909e-15
1883.3207547169811,1.7568240424260716e-15
1883.4716981132076,6.599468467615161e-16
1883.622641509434,2.0372356215613923e-15
1883.7735849056603,1.0166804091654257e-15
1883.9245283018868,1.53147159218063e-15
1884.0754716981132,1.304759259095741e-15
1884.2264150943397,1.4396880676897434e-15
1884.377358490566,1.4632857079161876e-15
1884.5283018867924,1.3701755197166275e-15
1884.6792452830189,1.1206455708145756e-15
1884.8301886792453,2.102960784011192e-15
1884.9811320754718,8.881155812428072e-16
1885.132075471698,1.0545707985992867e-15
1885.2830188679245,2.5934094100125103e-15
1885.433962264151,1.0071257788056315e-15
1885.5849056603774,-7.454044460153591e-16
1885.7358490566037,6.674037249952446e-15
1885.8867924528302,-4.738208345659544e-15
1886.0377358490566,4.824587871372971e-15
1886.188679245283,4.193286088590846e-15
1886.3396226415093,-7.777242575933328e-15
1886.4905660377358,1.407195962495409e-14
1886.6415094339623,-9.353552712583674e-15
1886.7924528301887,6.525529504115641e-15
1886.9433962264152,2.824417777793042e-15
1887.0943396226414,-3.313472596132819e-15
1887.245283018868,5.531830284705314e-15
1887.3962264150944,9.245584580843886e-16
1887.5471698113208,-6.463494646756446e-16
1887.698113207547,2.957260920273486e-15
1887.8490566037735,4.069256290521423e-15
1888.0,-5.177773840850419e-15
1888.1509433962265,8.767101876011375e-15
1888.301886792453,-1.0831686325870002e-15
1888.4528301886792,-3.5149783978069e-15
1888.6037735849056,1.2799280181190445e-14
1888.754716981132,-1.0823217260286134e-14
1888.9056603773586,1.0206753762361866e-14
1889.0566037735848,-2.32501831839286e-15
1889.2075471698113,3.444347329050473e-15
1889.3584905660377,-1.5429819378433919e-15
1889.5094339622642,6.175671807909408e-15
1889.6603773584907,-1.3051132818663282e-15
1889.811320754717,-1.0751874817832805e-15
1889.9622641509434,1.0598546467685116e-14
1890.1132075471698,-1.0321116817613583e-14
1890.2641509433963,1.100409443488126e-14
1890.4150943396226,-1.7301137144086201e-15
1890.566037735849,-7.198569506496151e-16
1890.7169811320755,6.347744521998032e-15
1890.867924528302,-2.3611508739562364e-15
1891.0188679245282,3.847985401959187e-15
1891.1698113207547,2.4329967333424436e-16
1891.3207547169811,3.3252980226714287e-15
1891.4716981132076,-4.907751540250598e-16
1891.622641509434,3.5386683007456592e-15
1891.7735849056603,3.6488616631570324e-16
1891.9245283018868,2.852188452836823e-15
1892.0754716981132,-3.24927510117333e-16
1892.2264150943397,4.489244758783073e-15
1892.377358490566,-8.856397631792499e-16
1892.5283018867924,2.7854825735571434e-15
1892.6792452830189,1.4895221960204665e-15
1892.8301886792453,3.3509842418947468e-15
1892.9811320754718,-3.66681387638203e-15
1893.132075471698,1.0202103630768587e-14
1893.2830188679245,-6.507122896343975e-15
1893.433962264151,5.8073882943296775e-15
1893.5849056603774,2.7963842597425816e-15
1893.7358490566037,-2.3277160050824378e-15
1893.8867924528302,5.188369059904772e-15
1894.0377358490566,8.121050905877891e-16
1894.188679245283,7.052948768746265e-16
1894.3396226415093,2.6107440659907414e-15
1894.4905660377358,2.1753270989758857e-15
1894.6415094339623,1.0402519421835255e-15
1894.7924528301887,4.003735444655067e-16
1894.9433962264152,6.1639497279918184e-15
1895.0943396226414,-4.23079867186095e-15
1895.245283018868,6.8635965174330225e-15
1895.3962264150944,-1.5512471372193975e-15
1895.5471698113208,4.11419805494222e-15
1895.698113207547,7.536204177707297e-17
1895.8490566037735,1.2794853335007835e-15
1896.0,6.272724169008166e-15
1896.1509433962265,-6.348481628041959e-15
1896.301886792453,1.121874989414126e-14
1896.4528301886792,-6.854511744147239e-15
1896.6037735849056,8.999033396943907e-15
1896.754716981132,-3.2932796098226635e-15
1896.9056603773586,3.0062818931116682e-15
1897.0566037735848,6.081350878533253e-15
1897.2075471698113,-6.8122823286848276e-15
1897.3584905660377,1.1055891366822748e-14
1897.5094339622642,-4.444322708755355e-15
1897.6603773584907,4.282964543866892e-15
1897.811320754717,2.0718581662092047e-15
1897.9622641509434,-3.851936456498361e-16
1898.1132075471698,6.609882000807123e-15
1898.2641509433963,-5.271491092420593e-15
1898.4150943396226,8.408828920962093e-15
1898.566037735849,5.425170693404685e-16
1898.7169811320755,-4.66858851000404e-15
1898.867924528302,1.4038712910828008e-14
1899.0188679245282,-1.0074470783857383e-14
1899.1698113207547,8.406187028300537e-15
1899.3207547169811,1.8504918955060013e-15
1899.4716981132076,-1.618106993542569e-15
1899.622641509434,4.98564314413068e-15
1899.7735849056603,1.2301719290335956e-15
1899.9245283018868,7.29658840352062e-16
1900.0754716981132,3.218726984660644e-15
1900.2264150943397,1.4723917589027366e-15
1900.377358490566,1.788394955335597e-15
1900.5283018867924,1.6724617944584017e-15
1900.6792452830189,3.090837030997169e-15
1900.8301886792453,1.3976414554161715e-16
1900.9811320754718,3.611147699980647e-15
1901.132075471698,8.350462830445732e-16
1901.2830188679245,2.686711731603646e-15
1901.433962264151,8.851049468046721e-16
1901.5849056603774,3.880701831240079e-15
1901.7358490566037,-7.410823168687969e-16
1901.8867924528302,4.663810826075888e-15
1902.0377358490566,1.0760021081965008e-16
1902.188679245283,2.9492242153441767e-15
1902.3396226415093,5.994076561110707e-16
1902.4905660377358,5.531981960068363e-15
1902.6415094339623,-4.336025203219411e-15
1902.7924528301887,9.682465534744661e-15
1902.9433962264152,-4.986135678395301e-15
1903.0943396226414,7.300780344482203e-15
1903.245283018868,-1.98931300853237e-15
1903.3962264150944,5.0370184059287435e-15
1903.5471698113208,2.199196285094434e-16
1903.698113207547,2.4716546172652084e-15
1903.8490566037735,1.9723099195905795e-15
1904.0,2.9135543604157035e-15
1904.1509433962265,3.380767701675222e-16
1904.301886792453,2.354194194268085e-15
1904.4528301886792,6.054614379716992e-15
1904.6037735849056,-7.473000069095225e-15
1904.754716981132,1.4714664508590093e-14
1904.9056603773586,-9.004608430583599e-15
1905.0566037735848,7.384187815727541e-15
1905.2075471698113,3.2132080365744125e-15
1905.3584905660377,-2.849972029306206e-15
1905.5094339622642,6.707360770345354e-15
1905.6603773584907,2.7316671032483025e-16
1905.811320754717,1.2952202380093065e-15
1905.9622641509434,2.9340008903797405e-15
1906.1132075471698,3.748063342123623e-15
1906.2641509433963,-2.4386335106435284e-15
1906.4150943396226,6.649970554102682e-15
1906.566037735849,1.4649123565638354e-15
1906.7169811320755,-2.2394882663326897e-15
1906.867924528302,7.287755055437896e-15
1907.0188679245282,2.6117013798927606e-15
1907.1698113207547,-7.347436742148479e-15
1907.3207547169811,1.767138678886545e-14
1907.4716981132076,-1.3210964449459008e-14
1907.622641509434,1.2408448859978932e-14
1907.7735849056603,-2.1106430518334016e-15
1907.9245283018868,1.7101085108001913e-15
1908.0754716981132,5.705373495209093e-15
1908.2264150943397,-3.2880785657216407e-15
1908.377358490566,7.4987298119911e-15
1908.5283018867924,-6.188126175522693e-16
1908.6792452830189,8.606841126630707e-16
1908.8301886792453,6.251556030512488e-15
1908.9811320754718,-6.839120536808468e-16
1909.132075471698,-8.40740147243049e-16
1909.2830188679245,1.2706542018989079e-14
1909.433962264151,-1.2447105164972308e-14
1909.5849056603774,1.379520175006442e-14
1909.7358490566037,-4.552576071786119e-16
1909.8867924528302,-4.638196391776485e-15
1910.0377358490566,1.3003954587980053e-14
1910.188679245283,-4.868914781006618e-15
1910.3396226415093,5.044230090321103e-16
1910.4905660377358,1.2004533212435583e-14
1910.6415094339623,-1.0279820161492294e-14
1910.7924528301887,1.1021507992417619e-14
1910.9433962264152,2.785469668193257e-16
1911.0943396226414,-1.242613362586361e-15
1911.245283018868,6.849419085667039e-15
1911.3962264150944,-3.0340479655894873e-16
1911.5471698113208,2.9042499089727463e-15
1911.698113207547,4.549373918883052e-16
1911.8490566037735,7.47779150819723e-15
1912.0,-5.5821004392075826e-15
1912.1509433962265,9.170787279400826e-15
1912.301886792453,-7.646934712019905e-16
1912.4528301886792,1.122489236900709e-15
1912.6037735849056,5.5762432197865834e-15
1912.754716981132,-1.3701079271547157e-15
1912.9056603773586,5.579879933599567e-15
1913.0566037735848,-3.23092799474236e-16
1913.2075471698113,2.8151407916391114e-15
1913.3584905660377,5.192807439646819e-15
1913.5094339622642,-3.450964993006817e-15
1913.6603773584907,7.53506073827174e-15
1913.811320754717,1.2602763270267254e-15
1913.9622641509434,-1.928948459762638e-15
1914.1132075471698,9.151986203432442e-15
1914.2641509433963,-3.3130865077300707e-15
1914.4150943396226,5.155970534502113e-15
1914.566037735849,1.1505098883013723e-16
1914.7169811320755,7.203738774302218e-15
1914.867924528302,-6.224215465764131e-15
1915.0188679245282,1.1687858449146012e-14
1915.1698113207547,-3.3952964208524443e-15
1915.3207547169811,1.8028734710996384e-15
1915.4716981132076,7.76745409327776e-15
1915.622641509434,-3.536941303202185e-15
1915.7735849056603,4.085191496128669e-15
1915.9245283018868,6.107889822465505e-15
1916.0754716981132,-4.140328483506646e-15
1916.2264150943397,6.849143064750522e-15
1916.377358490566,2.7139001665742533e-15
1916.5283018867924,-1.9614110517612786e-15
1916.6792452830189,7.609080229216762e-15
1916.8301886792453,-2.0876309673379985e-15
1916.9811320754718,7.071111326363579e-15
1917.132075471698,-4.386028125769329e-15
1917.2830188679245,1.0851601292100635e-14
1917.433962264151,-5.074600328355981e-15
1917.5849056603774,6.350303521455155e-15
1917.7358490566037,1.8527515385459165e-15
1917.8867924528302,1.1802030481328985e-15
1918.0377358490566,4.620778862030267e-15
1918.188679245283,-1.793953716455726e-15
1918.3396226415093,8.924329894829704e-15
1918.4905660377358,-3.788493167513025e-15
1918.6415094339623,3.160462731150708e-15
1918.7924528301887,1.091711480881748e-14
1918.9433962264152,-1.3938583566856957e-14
1919.0943396226414,1.940911313792108e-14
1919.245283018868,-6.207614937282607e-15
1919.3962264150944,-1.8162991717515466e-15
1919.5471698113208,1.5872495856445113e-14
1919.698113207547,-1.0675800849089281e-14
1919.8490566037735,6.69523168273359e-15
1920.0,8.719175895359488e-15
1920.1509433962265,-8.904875543078693e-15
1920.301886792453,1.08460782766506e-14
1920.4528301886792,2.168949192426314e-15
1920.6037735849056,-5.172098606775985e-15
1920.754716981132,1.3571281886183365e-14
1920.9056603773586,-6.559799654070988e-15
1921.0566037735848,5.334530359621827e-15
1921.2075471698113,6.910761123054041e-15
1921.3584905660377,-7.360675067247713e-15
1921.5094339622642,1.364012831021321e-14
1921.6603773584907,-5.8685083177474754e-15
1921.811320754717,6.015810245676184e-15
1921.9622641509434,2.7727484732473868e-15
1922.1132075471698,9.79000352770691e-16
1922.2641509433963,3.4289664845738696e-15
1922.4150943396226,1.9322141063302297e-15
1922.566037735849,3.688944066606229e-15
1922.7169811320755,1.1480761582992691e-15
1922.867924528302,1.5854758920484288e-15
1923.0188679245282,7.79045501125728e-15
1923.1698113207547,-5.990845656515423e-15
1923.3207547169811,9.84244659444424e-15
1923.4716981132076,4.988504525825482e-16
1923.622641509434,-7.185531299868e-16
1923.7735849056603,6.6173886587472694e-15
1923.9245283018868,2.3247617776041068e-15
1924.0754716981132,-1.86285584221002e-15
1924.2264150943397,7.765574320233537e-15
1924.377358490566,1.0428844756628253e-15
1924.5283018867924,-1.0909065645200847e-15
1924.6792452830189,8.873468034623461e-15
1924.8301886792453,-2.9470714944662316e-15
1924.9811320754718,5.674473310074312e-15
1925.132075471698,7.199960076476488e-16
1925.2830188679245,4.8829741562343565e-15
1925.433962264151,-4.82892454881298e-16
1925.5849056603774,4.752539423281634e-15
1925.7358490566037,2.575189810677225e-15
1925.8867924528302,1.5202789677361458e-15
1926.0377358490566,1.3571493760412933e-15
1926.188679245283,8.219953583677912e-15
1926.3396226415093,-5.4085877627194814e-15
1926.4905660377358,7.598580201772607e-15
1926.6415094339623,4.353939022594518e-15
1926.7924528301887,-4.7291723971706745e-15
1926.9433962264152,1.0863621850257457e-14
1927.0943396226414,-3.424470268826675e-15
1927.245283018868,6.776477327623797e-15
1927.3962264150944,-1.1460805750982003e-15
1927.5471698113208,4.707840473777399e-15
1927.698113207547,5.865442982412313e-15
1927.8490566037735,-8.098417696420489e-15
1928.0,1.7768692085908876e-14
1928.1509433962265,-1.029545439147377e-14
1928.301886792453,8.353197460878912e-15
1928.4528301886792,3.3579314398960256e-15
1928.6037735849056,7.707588701680947e-17
1928.754716981132,3.825143583409567e-15
1928.9056603773586,1.3738725680629283e-15
1929.0566037735848,7.686266084050507e-15
1929.2075471698113,-7.723890356593906e-15
1929.3584905660377,1.601150785040402e-14
1929.5094339622642,-9.801353578830134e-15
1929.6603773584907,1.1519944803544502e-14
1929.811320754717,-2.3060291626976344e-15
1929.9622641509434,5.133230187724202e-15
1930.1132075471698,5.204638105040735e-16
1930.2641509433963,5.985964391110905e-15
1930.4150943396226,-1.6311568722722383e-15
1930.566037735849,5.964935253972597e-15
1930.7169811320755,2.5258577525549146e-15
1930.867924528302,-8.314471257831911e-16
1931.0188679245282,8.177447685071219e-15
1931.1698113207547,-2.3300916292248736e-15
1931.3207547169811,5.6466088613249864e-15
1931.4716981132076,1.5821716331259449e-15
1931.622641509434,3.1929439957632342e-15
1931.7735849056603,1.6934331906009834e-15
1931.9245283018868,4.231890347728163e-15
1932.0754716981132,1.4637649017008962e-15
1932.2264150943397,2.7556086986563502e-15
1932.377358490566,3.768395196842068e-15
1932.5283018867924,1.6309567728718909e-15
1932.6792452830189,2.5698809935468485e-15
1932.8301886792453,3.900138730436953e-15
1932.9811320754718,2.3826014604663914e-15
1933.132075471698,-4.8400294980751095e-17
1933.2830188679245,8.98585567368156e-15
1933.433962264151,-4.716680285423739e-15
1933.5849056603774,7.325395960639811e-15
1933.7358490566037,4.2196859573487005e-15
1933.8867924528302,-5.191017711317772e-15
1934.0377358490566,1.3954679260056397e-14
1934.188679245283,-6.7139951933302914e-15
1934.3396226415093,6.000805547333427e-15
1934.4905660377358,7.017631625422798e-15
1934.6415094339623,-6.620453063165805e-15
1934.7924528301887,1.2614920530466668e-14
1934.9433962264152,-4.254194752122808e-15
1935.0943396226414,6.881657027296505e-15
1935.245283018868,-7.323266101857829e-16
1935.3962264150944,6.798581649002688e-15
1935.5471698113208,-2.7307240268663027e-16
1935.698113207547,2.2373779679899075e-15
1935.8490566037735,7.009272714599746e-15
1936.0,-2.0856483723328938e-15
1936.1509433962265,4.627804632697453e-15
1936.301886792453,4.5192592875397e-15
1936.4528301886792,1.8222486399585182e-16
1936.6037735849056,2.931772932244401e-15
1936.754716981132,6.160761815591679e-15
1936.9056603773586,-3.2191786802116772e-15
1937.0566037735848,1.0368109479485357e-14
1937.2075471698113,-6.025761142134105e-15
1937.3584905660377,1.2178977082367926e-14
1937.5094339622642,-5.3399092004600784e-15
1937.6603773584907,7.468097873128026e-15
1937.811320754717,2.4069980439133625e-15
1937.9622641509434,2.0535049512020533e-16
1938.1132075471698,5.9658992118027415e-15
1938.2641509433963,8.935119423629662e-16
1938.4150943396226,3.1529764164646584e-15
1938.566037735849,3.2152598607303662e-15
1938.7169811320755,2.577986154089579e-15
1938.867924528302,2.5611553096679705e-15
1939.0188679245282,3.2736610237763464e-15
1939.1698113207547,2.5800491345245073e-15
1939.3207547169811,2.7061751905732816e-15
1939.4716981132076,3.0999480444331575e-15
1939.622641509434,2.676065557837091e-15
1939.7735849056603,2.7501067398555282e-15
1939.9245283018868,3.01462781587234e-15
1940.0754716981132,2.743962331624042e-15
1940.2264150943397,2.770000774968425e-15
1940.377358490566,2.9461293632634163e-15
1940.5283018867924,2.8593330354576507e-15
1940.6792452830189,2.660586742996034e-15
1940.8301886792453,3.0688768001363377e-15
1940.9811320754718,2.745610187176522e-15
1941.132075471698,2.8179018938070285e-15
1941.2830188679245,2.859731122055545e-15
1941.433962264151,3.058660927253427e-15
1941.5849056603774,2.450339615495979e-15
1941.7358490566037,3.2420915030279967e-15
1941.8867924528302,2.7507212641485915e-15
1942.0377358490566,2.7323947554974337e-15
1942.188679245283,2.8945518809319872e-15
1942.3396226415093,3.3121713138639524e-15
1942.4905660377358,2.0170613002529276e-15
1942.6415094339623,3.5553073102817885e-15
1942.7924528301887,2.9890635903503957e-15
1942.9433962264152,2.081183472035274e-15
1943.0943396226414,3.2993292865812843e-15
1943.245283018868,3.95618306470943e-15
1943.3962264150944,6.560473650220828e-16
1943.5471698113208,4.111070044747069e-15
1943.698113207547,5.0129182378673805e-15
1943.8490566037735,-2.682123998259087e-15
1944.0,8.893120007381023e-15
1944.1509433962265,9.831990443320861e-16
1944.301886792453,-2.0952987982028504e-15
1944.4528301886792,1.367719513073569e-14
1944.6037735849056,-9.296577435433913e-15
1944.754716981132,1.2319453777274405e-14
1944.9056603773586,-2.6534494875053645e-15
1945.0566037735848,6.499852074502169e-15
1945.2075471698113,-7.132929030737545e-16
1945.3584905660377,6.447617245082195e-15
1945.5094339622642,1.26076395348226e-15
1945.6603773584907,1.427140690013291e-15
1945.811320754717,6.956317074306589e-15
1945.9622641509434,-1.7559453870344124e-15
1946.1132075471698,6.510635349855535e-15
1946.2641509433963,1.1498549611983194e-15
1946.4150943396226,3.10381736796735e-15
1946.566037735849,3.612950349426692e-15
1946.7169811320755,2.4479711219446924e-15
1946.867924528302,2.3018710241183642e-15
1947.0188679245282,4.570884086301765e-15
1947.1698113207547,1.9665445302841072e-15
1947.3207547169811,9.522217051303962e-16
1947.4716981132076,8.855723962523081e-15
1947.622641509434,-4.94340271430644e-15
1947.7735849056603,8.211800245246663e-15
1947.9245283018868,5.0036829930071854e-15
1948.0754716981132,-7.47773233642547e-15
1948.2264150943397,1.7047324208999236e-14
1948.377358490566,-6.541914134194026e-15
1948.5283018867924,2.0381389970418227e-15
1948.6792452830189,1.264080154024913e-14
1948.8301886792453,-7.305102391179435e-15
1948.9811320754718,5.759722266520721e-15
1949.132075471698,9.222395892783071e-15
1949.2830188679245,-7.046842428388355e-15
1949.433962264151,9.736272018536965e-15
1949.5849056603774,2.8599519794564526e-15
1949.7358490566037,-2.375328303969391e-15
1949.8867924528302,1.0504130108488827e-14
1950.0377358490566,-3.993349581225891e-15
1950.188679245283,8.199070954394136e-15
1950.3396226415093,-8.909819175618952e-16
1950.4905660377358,6.895342072584003e-15
1950.6415094339623,-1.7542973437719445e-15
1950.7924528301887,7.0484191905491304e-15
1950.9433962264152,2.8185224417961474e-15
1951.0943396226414,-2.565296098099805e-15
1951.245283018868,1.2393302043955178e-14
1951.3962264150944,-6.233029148261732e-15
1951.5471698113208,9.692953851970165e-15
1951.698113207547,-1.9570056879800883e-15
1951.8490566037735,7.557630353270794e-15
1952.0,2.036449323274394e-17
1952.1509433962265,1.0953898960411736e-15
1952.301886792453,1.1646917388484055e-14
1952.4528301886792,-9.845913639303796e-15
1952.6037735849056,1.3826406712731249e-14
1952.754716981132,2.1439422143918176e-16
1952.9056603773586,-3.554804012870305e-15
1953.0566037735848,1.405181275220384e-14
1953.2075471698113,-4.342623609095706e-15
1953.3584905660377,9.421092950043531e-16
1953.5094339622642,1.386526101329301e-14
1953.6603773584907,-1.0443120674360813e-14
1953.811320754717,1.2204022984767725e-14
1953.9622641509434,1.2023813953357035e-15
1954.1132075471698,-5.842024479728454e-16
1954.2641509433963,7.149617102116067e-15
1954.4150943396226,2.8898040752892846e-15
1954.566037735849,-2.22621262859011e-15
1954.7169811320755,1.1400812003145691e-14
1954.867924528302,-4.247883555062285e-15
1955.0188679245282,5.954521233603013e-15
1955.1698113207547,4.893528922865073e-15
1955.3207547169811,-1.405183233118731e-15
1955.4716981132076,7.075078041180131e-15
1955.622641509434,1.3300204857606459e-15
1955.7735849056603,2.388014214462922e-15
1955.9245283018868,4.5692556940231074e-15
1956.0754716981132,2.507056025161085e-15
1956.2264150943397,1.8722597941004716e-15
1956.377358490566,4.4968354163639476e-15
1956.5283018867924,4.1801830713685974e-15
1956.6792452830189,-2.388467668968272e-15
1956.8301886792453,1.1224475468750465e-14
1956.9811320754718,-3.7248614658113735e-15
1957.132075471698,5.279045823908738e-15
1957.2830188679245,4.7647393384246474e-15
1957.433962264151,1.0631496811231042e-15
1957.5849056603774,2.1219797200373102e-15
1957.7358490566037,6.965815611239989e-15
1957.8867924528302,-6.713243320462592e-16
1958.0377358490566,2.5121527335304936e-15
1958.188679245283,1.0072676362168944e-14
1958.3396226415093,-8.48281362490826e-15
1958.4905660377358,1.3623700456548242e-14
1958.6415094339623,-9.108258089734058e-16
1958.7924528301887,-8.833868377439948e-16
1958.9433962264152,1.1002508609985163e-14
1959.0943396226414,-2.8612339449079477e-15
1959.245283018868,3.743009017391596e-15
1959.3962264150944,6.344808540188665e-15
1959.5471698113208,-3.756410111648711e-16
1959.698113207547,4.293497436640711e-15
1959.8490566037735,3.4500933060063745e-15
1960.0,3.290186118784951e-15
1960.1509433962265,1.6481184617558394e-15
1960.301886792453,3.7584607535471105e-15
1960.4528301886792,5.753276798599768e-15
1960.6037735849056,-3.0636551837712567e-15
1960.754716981132,9.661618131098152e-15
1960.9056603773586,2.5823361238302073e-17
1961.0566037735848,9.455498301353376e-16
1961.2075471698113,8.842063412969256e-15
1961.3584905660377,-2.8978311116568653e-15
1961.5094339622642,6.691836267371075e-15
1961.6603773584907,2.330598675699471e-15
1961.811320754717,2.5635201649567186e-15
1961.9622641509434,2.81209508000115e-15
1962.1132075471698,5.2641271768082786e-15
1962.2641509433963,7.149603472185012e-17
1962.4150943396226,4.450760648579904e-15
1962.566037735849,5.500750927790171e-15
1962.7169811320755,-2.6801998385702808e-15
1962.867924528302,9.27906916250084e-15
1963.0188679245282,4.818705406536522e-16
1963.1698113207547,-2.909134384863025e-16
1963.3207547169811,1.2051511597300389e-14
1963.4716981132076,-8.265453260335303e-15
1963.622641509434,1.2892361812064073e-14
1963.7735849056603,-1.9295007040397427e-15
1963.9245283018868,2.18048377784129e-15
1964.0754716981132,9.194843998669252e-15
1964.2264150943397,-5.682762037215262e-15
1964.377358490566,1.1380394511958752e-14
1964.5283018867924,-1.3774227786064722e-15
1964.6792452830189,1.6436007850637784e-15
1964.8301886792453,1.0636241769053458e-14
1964.9811320754718,-7.817289059247421e-15
1965.132075471698,1.2913506694389803e-14
1965.2830188679245,-1.03118592039632e-15
1965.433962264151,-2.7248590966909633e-16
1965.5849056603774,1.2064625223995613e-14
1965.7358490566037,-6.657622312468894e-15
1965.8867924528302,9.796675787482942e-15
1966.0377358490566,8.27215019333851e-17
1966.188679245283,4.867057628931888e-15
1966.3396226415093,7.982650346925421e-16
1966.4905660377358,5.2295666739773145e-15
1966.6415094339623,3.843108484082082e-15
1966.7924528301887,-1.68209551806811e-15
1966.9433962264152,1.0377109851267832e-14
1967.0943396226414,-3.3401333778083506e-15
1967.245283018868,7.282087631363883e-15
1967.3962264150944,-1.9834086902851955e-16
1967.5471698113208,8.487896958249991e-15
1967.698113207547,-5.2165285703359276e-15
1967.8490566037735,1.234169313752825e-14
1968.0,-3.171762914531066e-15
1968.1509433962265,4.073373339911958e-15
1968.301886792453,7.077897458134941e-15
1968.4528301886792,-2.329091879983264e-15
1968.6037735849056,5.945120132831257e-15
1968.754716981132,5.554213817408329e-15
1968.9056603773586,-3.6588703984382914e-15
1969.0566037735848,1.0501650009500566e-14
1969.2075471698113,1.679929640833458e-17
1969.3584905660377,-8.165093195843364e-16
1969.5094339622642,1.3299065140692268e-14
1969.6603773584907,-8.843231889446823e-15
1969.811320754717,1.1912826039584151e-14
1969.9622641509434,2.403713555825539e-16
1970.1132075471698,1.3384306296981947e-15
1970.2641509433963,6.459570208509262e-15
1970.4150943396226,7.950363280147241e-16
1970.566037735849,4.5311852872233305e-15
1970.7169811320755,1.3956436425619442e-15
1970.867924528302,5.825465968508744e-15
1971.0188679245282,9.605641929108747e-16
1971.1698113207547,3.1197052384599467e-15
1971.3207547169811,4.9431388520332735e-15
1971.4716981132076,3.014286716025225e-15
1971.622641509434,-1.7221382569227101e-15
1971.7735849056603,1.2533671157197478e-14
1971.9245283018868,-5.4113340926342286e-15
1972.0754716981132,4.965160795582805e-15
1972.2264150943397,9.018844776133727e-15
1972.377358490566,-4.283362868412778e-15
1972.5283018867924,4.096744159093211e-15
1972.6792452830189,1.1142436642545801e-14
1972.8301886792453,-7.3730219608912e-15
1972.9811320754718,6.405577198397977e-15
1973.132075471698,1.205513500168551e-14
1973.2830188679245,-1.3809160198310886e-14
1973.433962264151,1.9367457992227524e-14
1973.5849056603774,-5.83279057555287e-15
1973.7358490566037,4.968777296265151e-15
1973.8867924528302,4.0031432659299566e-15
1974.0377358490566,4.2711247555627574e-15
1974.188679245283,-1.289623535147505e-15
1974.3396226415093,9.479939833997773e-15
1974.4905660377358,-2.6145817228004243e-15
1974.6415094339623,7.133601378868704e-15
1974.7924528301887,7.211615609377458e-16
1974.9433962264152,5.716573905176386e-15
1975.0943396226414,-1.4551785766970155e-15
1975.245283018868,1.1023806569620952e-14
1975.3962264150944,-6.9711903917476215e-15
1975.5471698113208,1.3191623699729147e-14
1975.698113207547,-5.138860012932819e-15
1975.8490566037735,1.1212501706242128e-14
1976.0,-7.969764522781144e-15
1976.1509433962265,1.904737666938281e-14
1976.301886792453,-1.4282842810966245e-14
1976.4528301886792,1.5723246134016147e-14
1976.6037735849056,8.2418616333470525e-16
1976.754716981132,-4.891531384471992e-15
1976.9056603773586,1.7270903162950643e-14
1977.0566037735848,-1.1233910417696522e-14
1977.2075471698113,1.4022962519223196e-14
1977.3584905660377,-2.7339117641727594e-15
1977.5094339622642,4.706264577218412e-15
1977.6603773584907,4.4724549504003534e-15
1977.811320754717,1.4115497765011757e-15
1977.9622641509434,2.679347244397712e-15
1978.1132075471698,8.338680205488501e-15
1978.2641509433963,-7.181130638511324e-15
1978.4150943396226,1.6695910395958784e-14
1978.566037735849,-9.39737367439333e-15
1978.7169811320755,1.0877850866811202e-14
1978.867924528302,2.124467163855514e-15
1979.0188679245282,-8.265902358098555e-16
1979.1698113207547,8.090024607701687e-15
1979.3207547169811,2.000209228644339e-15
1979.4716981132076,-1.333976071713791e-15
1979.622641509434,1.1172408484557131e-14
1979.7735849056603,-3.0650955866870154e-15
1979.9245283018868,3.427158257289662e-15
1980.0754716981132,9.067959533590687e-15
1980.2264150943397,-4.685967787850746e-15
1980.377358490566,8.3542917666336e-15
1980.5283018867924,1.7362295504723917e-15
1980.6792452830189,4.8641277369652884e-15
1980.8301886792453,-3.918865230493108e-15
1980.9811320754718,1.6947520060514686e-14
1981.132075471698,-1.2457352142383374e-14
1981.2830188679245,1.3686585785961591e-14
1981.433962264151,1.5298641855470415e-15
1981.5849056603774,-1.8769517074719907e-15
1981.7358490566037,9.958101461263923e-15
1981.8867924528302,-1.812287872477166e-15
1982.0377358490566,6.2867052310389046e-15
1982.188679245283,1.1316114105463901e-15
1982.3396226415093,3.563000268254913e-15
1982.4905660377358,6.322199899988417e-15
1982.6415094339623,-3.4371451344764318e-15
1982.7924528301887,1.0051785285391141e-14
1982.9433962264152,4.959674057962615e-16
1983.0943396226414,4.0812189925672546e-16
1983.245283018868,8.162266163122112e-15
1983.3962264150944,1.2406094658649151e-15
1983.5471698113208,-2.725414099522885e-16
1983.698113207547,9.657293991082277e-15
1983.8490566037735,-1.0189666252645773e-15
1984.0,1.3528515948341647e-15
1984.1509433962265,1.0593102021017369e-14
1984.301886792453,-5.062325822013383e-15
1984.4528301886792,6.692943515776691e-15
1984.6037735849056,6.904810162510533e-15
1984.754716981132,-4.816139864768619e-15
1984.9056603773586,9.300671186476518e-15
1985.0566037735848,3.650287233327475e-15
1985.2075471698113,-2.8754147080383008e-15
1985.3584905660377,9.213484861324945e-15
1985.5094339622642,2.5620764691558978e-15
1985.6603773584907,-1.5861694948804422e-15
1985.811320754717,8.236879460916533e-15
1985.9622641509434,3.3921564632304155e-15
1986.1132075471698,-2.7974809813909784e-15
1986.2641509433963,1.030819014836125e-14
1986.4150943396226,3.3705868849895427e-16
1986.566037735849,8.261858941196509e-16
1986.7169811320755,6.894130048425674e-15
1986.867924528302,3.1158190714456803e-15
1987.0188679245282,-1.9649307617715623e-15
1987.1698113207547,1.1276738699632622e-14
1987.3207547169811,-4.1867625890103446e-15
1987.4716981132076,8.145541617231685e-15
1987.622641509434,9.649552817712231e-18
1987.7735849056603,6.111423940256463e-15
1987.9245283018868,1.514125779233428e-16
1988.0754716981132,5.723700550978524e-15
1988.2264150943397,1.6131226248878768e-15
1988.377358490566,4.703435867598526e-15
1988.5283018867924,5.887463188605812e-16
1988.6792452830189,6.5478794431367866e-15
1988.8301886792453,1.6079297632522277e-15
1988.9811320754718,6.883840343943367e-16
1989.132075471698,9.115962230673086e-15
1989.2830188679245,-1.9746117889997173e-15
1989.433962264151,3.3766853710000454e-15
1989.5849056603774,8.429344121704883e-15
1989.7358490566037,-3.353861667968529e-15
1989.8867924528302,6.265875041250491e-15
1990.0377358490566,4.810814891691366e-15
1990.188679245283,2.5861314412795317e-16
1990.3396226415093,2.9041571254838166e-15
1990.4905660377358,8.632320422680749e-15
1990.6415094339623,-5.489637773413754e-15
1990.7924528301887,1.1736805436869147e-14
1990.9433962264152,-3.0721267553865622e-15
1991.0943396226414,7.470966071021128e-15
1991.245283018868,-5.09119948899965e-16
1991.3962264150944,7.315457819996409e-15
1991.5471698113208,-1.1632465343393337e-15
1991.698113207547,7.27345479500796e-15
1991.8490566037735,-5.331591082795687e-16
1992.0,7.110423309596746e-15
1992.1509433962265,-1.0985787953808845e-15
1992.301886792453,7.246101710706749e-15
1992.4528301886792,2.9145400329606153e-16
1992.6037735849056,5.3521169554664886e-15
1992.754716981132,-2.020382079007699e-16
1992.9056603773586,9.843723831893259e-15
1993.0566037735848,-6.323791605372119e-15
1993.2075471698113,1.2530424443309072e-14
1993.3584905660377,-2.3198560460356076e-15
1993.5094339622642,3.580771649796127e-15
1993.6603773584907,6.161341715823957e-15
1993.811320754717,2.222514007602622e-16
1993.9622641509434,3.878098630418327e-15
1994.1132075471698,4.80113879742053e-15
1994.2641509433963,1.104923642200336e-15
1994.4150943396226,4.070216986022941e-15
1994.566037735849,3.6743882521017e-15
1994.7169811320755,2.9731064166850248e-15
1994.867924528302,1.4484099458769171e-15
1995.0188679245282,6.769122949905149e-15
1995.1698113207547,3.332008815782375e-16
1995.3207547169811,2.478638006245367e-15
1995.4716981132076,7.90417130499444e-15
1995.622641509434,-2.2586034962521363e-15
1995.7735849056603,4.339819221835599e-15
1995.9245283018868,9.687005695933675e-15
1996.0754716981132,-9.742925848665982e-15
1996.2264150943397,1.7522348154228177e-14
1996.377358490566,-7.385526893500685e-15
1996.5283018867924,8.800363213393016e-15
1996.6792452830189,-5.2715033037168e-16
1996.8301886792453,9.000472306994253e-15
1996.9811320754718,-5.411162995536256e-15
1997.132075471698,1.1441219613456441e-14
1997.2830188679245,-7.931785156499825e-16
1997.433962264151,1.8694338468239523e-15
1997.5849056603774,7.849734693153e-15
1997.7358490566037,-2.6261957674030738e-15
1997.8867924528302,9.941102703382942e-15
1998.0377358490566,-4.785434807465711e-15
1998.188679245283,1.0727353676513178e-14
1998.3396226415093,-3.649816330142407e-16
1998.4905660377358,6.354647129357103e-16
1998.6415094339623,1.0073553925220714e-14
1998.7924528301887,-3.3743186593589415e-15
1998.9433962264152,5.66048283614502e-15
1999.0943396226414,5.178244160896416e-15
1999.245283018868,-6.930562456204301e-16
1999.3962264150944,6.1007780851458155e-15
1999.5471698113208,2.4102604493045566e-15
1999.698113207547,2.5937680575358146e-15
1999.8490566037735,3.7740451130530494e-15
2000.0,3.41530886906892e-15
2000.1509433962265,2.361357430802593e-15
2000.301886792453,3.896729682243782e-15
2000.4528301886792,3.1706384031964467e-15
2000.6037735849056,2.5335905610801574e-15
2000.754716981132,4.021830673461973e-15
2000.9056603773586,2.7596599342373663e-15
2001.0566037735848,3.028593015767168e-15
2001.2075471698113,3.5362367939835344e-15
2001.3584905660377,3.3975702559732793e-15
2001.5094339622642,1.9791259963103546e-15
2001.6603773584907,4.963071650745554e-15
2001.811320754717,2.0344569971113216e-15
2001.9622641509434,2.8616242490335765e-15
2002.1132075471698,4.2071343613400106e-15
2002.2641509433963,3.808309654419664e-15
2002.4150943396226,-9.93383935500063e-16
2002.566037735849,1.0243699428575356e-14
2002.7169811320755,-3.4507867786574073e-15
2002.867924528302,5.882435755558897e-15
2003.0188679245282,5.493459644601906e-15
2003.1698113207547,-2.2021202736896515e-15
2003.3207547169811,8.496451772076968e-15
2003.4716981132076,-3.442591120686459e-17
2003.622641509434,4.4399964911524716e-15
2003.7735849056603,2.32942525585933e-15
2003.9245283018868,4.990243489608992e-15
2004.0754716981132,4.2240804598491237e-16
2004.2264150943397,5.623694959575777e-15
2004.377358490566,2.2246809844678655e-15
2004.5283018867924,3.1146806589627503e-15
2004.6792452830189,2.0922576730042788e-15
2004.8301886792453,7.430824331308788e-15
2004.9811320754718,-3.943499281287432e-15
2005.132075471698,1.0339865509497231e-14
2005.2830188679245,-6.833639316538497e-16
2005.433962264151,2.2676709152307803e-15
2005.5849056603774,7.703837847748575e-15
2005.7358490566037,-2.293801030782431e-15
2005.8867924528302,7.085615687810418e-15
2006.0377358490566,2.009327164277257e-15
2006.188679245283,2.0830023887041525e-15
2006.3396226415093,4.660056668376817e-15
2006.4905660377358,3.5079491098535917e-15
2006.6415094339623,1.7618082188587502e-16
2006.7924528301887,6.910407557283576e-15
2006.9433962264152,2.565581958334415e-15
2007.0943396226414,-1.8589669819721405e-15
2007.245283018868,1.1844496643781083e-14
2007.3962264150944,-3.242511747184259e-15
2007.5471698113208,2.294225399224933e-15
2007.698113207547,1.0497116751119243e-14
2007.8490566037735,-3.963127130431489e-15
2008.0,3.649564529175702e-15
2008.1509433962265,8.890050231259198e-15
2008.301886792453,-9.611471088468275e-16
2008.4528301886792,-2.3340483744744124e-15
2008.6037735849056,1.8367814102836334e-14
2008.754716981132,-1.2892030846673449e-14
2008.9056603773586,1.0052917890533603e-14
2009.0566037735848,7.455131111590632e-15
2009.2075471698113,-4.494438411615001e-15
2009.3584905660377,3.568618613659088e-15
2009.5094339622642,1.4439910215305312e-14
2009.6603773584907,-1.5204639157130962e-14
2009.811320754717,1.9970032843594498e-14
2009.9622641509434,-6.8616809050040584e-15
2010.1132075471698,7.694615432779482e-15
2010.2641509433963,-4.210066493870708e-16
2010.4150943396226,7.735084604920632e-15
2010.566037735849,7.151097609450656e-16
2010.7169811320755,-1.8679794004955862e-15
2010.867924528302,1.7800071351802404e-14
2011.0188679245282,-1.7072389920521837e-14
2011.1698113207547,2.0629561017997126e-14
2011.3207547169811,-4.255283969573726e-15
2011.4716981132076,-1.2592994142169e-15
2011.622641509434,1.5182246674743524e-14
2011.7735849056603,-1.0052258638404702e-14
2011.9245283018868,1.3319072367235582e-14
2012.0754716981132,-3.3249581827292984e-15
2012.2264150943397,6.1312885333003705e-15
2012.377358490566,5.640948555797741e-15
2012.5283018867924,-7.782496488998432e-15
2012.6792452830189,2.1322664155389147e-14
2012.8301886792453,-1.4069034574444683e-14
2012.9811320754718,8.789448862897243e-15
2013.132075471698,1.3103615096827946e-14
2013.2830188679245,-1.5686711761609042e-14
2013.433962264151,1.8955276960574386e-14
2013.5849056603774,-2.618420173204715e-15
2013.7358490566037,1.1926744855378423e-15
2013.8867924528302,5.794537446365903e-15
2014.0377358490566,3.2560168862248665e-15
2014.188679245283,3.720035340337965e-15
2014.3396226415093,-4.43463021646607e-15
2014.4905660377358,1.9561390322773723e-14
2014.6415094339623,-1.5946364963352898e-14
2014.7924528301887,1.4225461269350377e-14
2014.9433962264152,6.900811638231335e-15
2015.0943396226414,-1.2415411295900743e-14
2015.245283018868,1.907006180640421e-14
2015.3962264150944,-2.068079333782217e-15
2015.5471698113208,-4.6265663633156546e-15
2015.698113207547,1.5724099307234727e-14
2015.8490566037735,-2.4237570587031978e-15
2016.0,-4.928105487531582e-15
2016.1509433962265,2.1421735924204242e-14
2016.301886792453,-1.4672977419538547e-14
2016.4528301886792,9.932637228204953e-15
2016.6037735849056,1.0407052415873094e-14
2016.754716981132,-1.2106327795355168e-14
2016.9056603773586,1.5779048181806133e-14
2017.0566037735848,3.6975326511508223e-16
2017.2075471698113,-3.827273434001995e-15
2017.3584905660377,1.4087913399437304e-14
2017.5094339622642,-6.250500173398284e-15
2017.6603773584907,8.91857010028604e-15
2017.811320754717,3.84922818065701e-16
2017.9622641509434,2.4225129054752574e-15
2018.1132075471698,9.832203541099327e-15
2018.2641509433963,-1.201186284651615e-14
2018.4150943396226,2.4957823978159135e-14
2018.566037735849,-1.8291337656276203e-14
2018.7169811320755,1.5047939546067585e-14
2018.867924528302,5.077478332727778e-15
2019.0188679245282,-8.44815200828305e-15
2019.1698113207547,1.3798664891992745e-14
2019.3207547169811,2.1792820145083154e-15
2019.4716981132076,-6.5705868848160636e-15
2019.622641509434,1.6549925416188673e-14
2019.7735849056603,-5.782794745761144e-15
2019.9245283018868,3.991886875712366e-15
2020.0754716981132,7.443978173097416e-15
2020.2264150943397,-9.692044022977038e-16
2020.377358490566,3.327500240720056e-15
2020.5283018867924,6.378559872673648e-15
2020.6792452830189,-6.211412598879157e-16
2020.8301886792453,4.38052945755679e-15
2020.9811320754718,4.655599417764992e-15
2021.132075471698,1.2959529621006598e-15
2021.2830188679245,1.478163490721122e-15
2021.433962264151,9.752843101442674e-15
2021.5849056603774,-6.275873201404067e-15
2021.7358490566037,1.033669849793645e-14
2021.8867924528302,1.5400995960530189e-15
2022.0377358490566,-3.747583698461321e-16
2022.188679245283,7.443876586738767e-15
2022.3396226415093,1.5626128584530669e-15
2022.4905660377358,2.1139275936375907e-15
2022.6415094339623,2.6262812428329576e-15
2022.7924528301887,8.198932439170914e-15
2022.9433962264152,-4.977029115350917e-15
2023.0943396226414,8.223815913971288e-15
2023.245283018868,5.6314053175155715e-15
2023.3962264150944,-6.280903124518522e-15
2023.5471698113208,1.3874276642364317e-14
2023.698113207547,-4.379276009213482e-15
2023.8490566037735,6.7681943033493126e-15
2024.0,4.915990903477853e-16
2024.1509433962265,6.357452038937792e-15
2024.301886792453,6.901042504616581e-16
2024.4528301886792,1.1198659409629762e-15
2024.6037735849056,1.0982950656451812e-14
2024.754716981132,-8.300426068246104e-15
2024.9056603773586,1.2828841197849e-14
2025.0566037735848,-1.0587971866821986e-15
2025.2075471698113,1.2271164289891465e-15
2025.3584905660377,8.188473036843912e-15
2025.5094339622642,-2.1068224268184287e-15
2025.6603773584907,6.57871718223707e-15
2025.811320754717,1.3407325453917244e-15
2025.9622641509434,3.7357916643623555e-15
2026.1132075471698,2.266880270173826e-15
2026.2641509433963,5.538603971993163e-15
2026.4150943396226,-2.2242133080760737e-15
2026.566037735849,1.07477063789301e-14
2026.7169811320755,-4.700267244280592e-15
2026.867924528302,7.846114076107394e-15
2027.0188679245282,3.1567351188454948e-15
2027.1698113207547,-1.2893503993975547e-15
2027.3207547169811,8.446869218062982e-15
2027.4716981132076,7.511201953405347e-16
2027.622641509434,-6.4877334879821174e-18
2027.7735849056603,1.0012072423674974e-14
2027.9245283018868,-3.330516325618763e-15
2028.0754716981132,4.639000067192834e-15
2028.2264150943397,7.076822750580794e-15
2028.377358490566,-3.578129360863391e-15
2028.5283018867924,8.190236913406558e-15
2028.6792452830189,9.886422711451002e-16
2028.8301886792453,4.088174193996988e-15
2028.9811320754718,-4.1463444557117245e-16
2029.132075471698,1.0214115758677089e-14
2029.2830188679245,-5.4307797973719315e-15
2029.433962264151,8.323133852700708e-15
2029.5849056603774,4.304594986452835e-15
2029.7358490566037,-4.401902584772573e-15
2029.8867924528302,1.222491063117549e-14
2030.0377358490566,-1.9211484120408955e-15
2030.188679245283,7.18829842041946e-16
2030.3396226415093,9.520576193484297e-15
2030.4905660377358,4.082788984674623e-16
2030.6415094339623,-5.519244228360444e-15
2030.7924528301887,2.3523002629571186e-14
2030.9433962264152,-2.233292733190275e-14
2031.0943396226414,2.264794934738141e-14
2031.245283018868,-2.9684201567034578e-15
2031.3962264150944,-5.7593952809040375e-15
2031.5471698113208,2.1340698882799873e-14
2031.698113207547,-1.6731769400095994e-14
2031.8490566037735,1.7666375485323288e-14
2032.0,-4.18386127093703e-15
2032.1509433962265,4.556759531211688e-15
2032.301886792453,3.6506164927088395e-15
2032.4528301886792,2.8491541119561406e-15
2032.6037735849056,2.124230459963416e-15
2032.754716981132,4.200424434061134e-15
2032.9056603773586,2.2849850253180314e-15
2033.0566037735848,3.42796686857115e-15
2033.2075471698113,2.145048100657575e-15
2033.3584905660377,4.812972142139314e-15
2033.5094339622642,7.794703204955975e-16
2033.6603773584907,4.443853642489263e-15
2033.811320754717,3.099572352986059e-15
2033.9622641509434,2.3676417253542112e-15
2034.1132075471698,1.8239858134539906e-15
2034.2641509433963,7.695923798810529e-15
2034.4150943396226,-4.237963817429024e-15
2034.566037735849,9.467083305503347e-15
2034.7169811320755,5.025125713513519e-16
2034.867924528302,8.462107625733063e-16
2035.0188679245282,7.851635978478445e-15
2035.1698113207547,-1.860874013783286e-15
2035.3207547169811,6.350804773691193e-15
2035.4716981132076,1.0341008213181446e-15
2035.622641509434,4.395872705086413e-15
2035.7735849056603,1.5422217089528812e-15
2035.9245283018868,4.6520564345344655e-15
2036.0754716981132,1.0952675657028571e-15
2036.2264150943397,5.121149013182022e-15
2036.377358490566,8.319669403199664e-16
2036.5283018867924,4.719184363782924e-15
2036.6792452830189,1.781065370431495e-15
2036.8301886792453,4.401554969009041e-15
2036.9811320754718,-5.4864697326291847e-17
2037.132075471698,8.858164300105261e-15
2037.2830188679245,-5.586067717554086e-15
2037.433962264151,1.1781352222179362e-14
2037.5849056603774,-1.930198268093012e-15
2037.7358490566037,7.796145699366259e-16
2037.8867924528302,1.1742259499873987e-14
2038.0377358490566,-7.929162380287559e-15
2038.188679245283,1.0764272033134891e-14
2038.3396226415093,6.526735357696486e-16
2038.4905660377358,1.313225163857907e-15
2038.6415094339623,5.4414091548850736e-15
2038.7924528301887,1.563858355585123e-15
2038.9433962264152,3.588084257384321e-15
2039.0943396226414,2.070343029873564e-15
2039.245283018868,4.1866825073484476e-15
2039.3962264150944,2.32655147268317e-15
2039.5471698113208,2.8026189871824744e-15
2039.698113207547,2.3115994023260254e-15
2039.8490566037735,6.586459009686364e-15
2040.0,-3.970054588668662e-15
2040.1509433962265,1.0590788403309179e-14
2040.301886792453,-1.4912849888422765e-15
2040.4528301886792,1.8345094891224766e-15
2040.6037735849056,8.643463736971034e-15
2040.754716981132,-3.3870162767517053e-15
2040.9056603773586,5.549612976498023e-15
2041.0566037735848,5.873291018765572e-15
2041.2075471698113,-3.3710050996634802e-15
2041.3584905660377,8.164249301279463e-15
2041.5094339622642,2.3083050836882848e-15
2041.6603773584907,-1.186257308616537e-15
2041.811320754717,9.212820856524804e-15
2041.9622641509434,-2.567191644620203e-15
2042.1132075471698,6.5370840656534034e-15
2042.2641509433963,5.478440748845521e-16
2042.4150943396226,5.231985037246324e-15
2042.566037735849,4.04096413936174e-16
2042.7169811320755,5.24246136988912e-15
2042.867924528302,1.1971487557229435e-15
2043.0188679245282,4.3995070276472146e-15
2043.1698113207547,1.1030531710857916e-15
2043.3207547169811,5.19716495491161e-15
2043.4716981132076,9.318177163980284e-16
2043.622641509434,3.8665840852217715e-15
2043.7735849056603,2.7420088831325205e-15
2043.9245283018868,3.842294728540622e-15
2044.0754716981132,1.066997537108121e-17
2044.2264150943397,6.8803055285413836e-15
2044.377358490566,9.957381001908184e-16
2044.5283018867924,4.071967246768378e-16
2044.6792452830189,8.343554647925389e-15
2044.8301886792453,-3.100269443655797e-16
2044.9811320754718,-6.115147318432259e-16
2045.132075471698,1.3169053901175247e-14
2045.2830188679245,-9.890751759234506e-15
2045.433962264151,1.3728574219853003e-14
2045.5849056603774,-4.169964986162095e-15
2045.7358490566037,7.119524228693865e-15
2045.8867924528302,-9.127319054579809e-17
2046.0377358490566,5.666335427496636e-15
2046.188679245283,1.9073581782687813e-16
2046.3396226415093,5.481299133361575e-15
2046.4905660377358,3.8940377991275473e-16
2046.6415094339623,5.312364367941967e-15
2046.7924528301887,1.1081678994247135e-15
2046.9433962264152,2.9711769232116484e-15
2047.0943396226414,5.543559171161157e-15
2047.245283018868,-2.7349255626260214e-15
2047.3962264150944,1.072196902608583e-14
2047.5471698113208,-5.62847740955648e-15
2047.698113207547,1.0267446351153352e-14
2047.8490566037735,-1.872630121300539e-15
2048.0,4.817365666234523e-15
2048.1509433962265,1.9048641527632113e-15
2048.301886792453,6.116529350511234e-15
2048.4528301886794,-4.664080791967993e-15
2048.603773584906,1.3315680878160825e-14
2048.754716981132,-6.054652799116733e-15
2048.9056603773583,6.3096902292137385e-15
2049.056603773585,5.1388576930379724e-15
2049.2075471698113,-1.3653911131454845e-15
2049.3584905660377,4.8551720558264446e-15
2049.509433962264,3.914261172846944e-15
2049.6603773584907,2.055015709777374e-15
2049.811320754717,-3.1804957895773645e-16
2049.9622641509436,1.006816378452832e-14
2050.1132075471696,-3.925750873442867e-15
2050.264150943396,4.0368937811277785e-15
2050.4150943396226,8.624142971018496e-15
2050.566037735849,-6.013487933879886e-15
2050.7169811320755,9.274800092257177e-15
2050.867924528302,9.563831435232183e-16
2051.0188679245284,3.8895772966488756e-15
2051.169811320755,-3.3285007258513188e-15
2051.3207547169814,1.6446544376828965e-14
2051.4716981132074,-1.3659920808619192e-14
2051.622641509434,1.422393606898743e-14
2051.7735849056603,1.6944275345815549e-15
2051.9245283018868,-4.483164158173373e-15
2052.0754716981132,1.2120197029927173e-14
2052.2264150943397,-2.7476052877529835e-15
2052.377358490566,4.270089723257859e-15
2052.5283018867926,1.6841777532866358e-15
2052.6792452830186,7.3806577441428e-15
2052.830188679245,-4.740394430360821e-15
2052.9811320754716,9.649953926336046e-15
2053.132075471698,2.462346829068385e-16
2053.2830188679245,8.474827985703948e-16
2053.433962264151,7.496220876083175e-15
2053.5849056603774,-3.0238467332113334e-15
2053.735849056604,9.793430581694594e-15
2053.8867924528304,-5.164750781065482e-15
2054.0377358490564,1.028538866816243e-14
2054.188679245283,-1.6418834119963706e-15
2054.3396226415093,2.9721456154767114e-15
2054.490566037736,5.9407780522333715e-15
2054.6415094339623,-9.295868575807982e-16
2054.7924528301887,4.9469242626554915e-15
2054.943396226415,2.7888145624197322e-15
2055.0943396226417,1.8659881983138995e-15
2055.245283018868,3.353904334615107e-15
2055.396226415094,3.0792523257393816e-15
2055.5471698113206,2.53310196616234e-15
2055.698113207547,2.064963630706422e-15
2055.8490566037735,4.6486117293517876e-15
2056.0,1.0379325126022893e-15
2056.1509433962265,3.272703886161998e-15
2056.301886792453,3.245220235750657e-15
2056.4528301886794,3.701210524220202e-15
2056.603773584906,-1.5670001796679964e-15
2056.754716981132,1.0245961785677942e-14
2056.9056603773583,-4.548314320753448e-15
2057.056603773585,6.438899347949784e-15
2057.2075471698113,4.117356427891059e-15
2057.3584905660377,-1.7165989001458895e-15
2057.509433962264,7.389113515702235e-15
2057.6603773584907,2.1690448176272088e-16
2057.811320754717,3.2477774329624774e-15
2057.9622641509436,3.187256624418577e-15
2058.1132075471696,2.7676502023984246e-15
2058.264150943396,2.0850605930068833e-15
2058.4150943396226,3.691722991836421e-15
2058.566037735849,2.3801481565442794e-15
2058.7169811320755,2.364294821869168e-15
2058.867924528302,3.74304811355305e-15
2059.0188679245284,1.8465481481340244e-15
2059.169811320755,3.240447251970229e-15
2059.3207547169814,2.7343735773680094e-15
2059.4716981132074,2.880277726032723e-15
2059.622641509434,2.0323215947927465e-15
2059.7735849056603,4.296899301551648e-15
2059.9245283018868,9.13111838656427e-16
2060.0754716981132,4.1906487170760995e-15
2060.2264150943397,2.148654108697533e-15
2060.377358490566,3.085030577769423e-15
2060.5283018867926,1.5997027527413706e-15
2060.6792452830186,5.500275591413086e-15
2060.830188679245,-9.165897550934485e-16
2060.9811320754716,5.596598264865203e-15
2061.132075471698,1.936279757026161e-15
2061.2830188679245,2.7489735267225235e-15
2061.433962264151,9.565401894234187e-17
2061.5849056603774,1.123933222149422e-14
2061.735849056604,-1.0940352093167138e-14
2061.8867924528304,1.6039406912704803e-14
2062.0377358490564,-2.707480872127628e-15
2062.188679245283,-3.1180662079855578e-15
2062.3396226415093,1.5903840833936313e-14
2062.490566037736,-8.723048923350338e-15
2062.6415094339623,5.454303498416607e-15
2062.7924528301887,8.933263232077952e-15
2062.943396226415,-6.964229854535775e-15
2063.0943396226417,1.0420392343704164e-14
2063.245283018868,-1.07264411614532e-15
2063.396226415094,3.995296690543764e-15
2063.5471698113206,2.0556523133766455e-15
2063.698113207547,3.737217637247864e-15
2063.8490566037735,1.5733174752441343e-15
2064.0,3.4047159617936135e-15
2064.1509433962265,3.0204512835196873e-15
2064.301886792453,1.1964495235104488e-15
2064.4528301886794,5.931978824542958e-15
2064.603773584906,-3.0311026577088637e-15
2064.754716981132,1.154634985333467e-14
2064.9056603773583,-8.118556352872226e-15
2065.056603773585,1.2471191590386117e-14
2065.2075471698113,-2.1341259910854436e-15
2065.3584905660377,5.593649415833125e-16
2065.509433962264,1.0492767679442203e-14
2065.6603773584907,-6.6345974791469596e-15
2065.811320754717,9.877014312925157e-15
2065.9622641509436,-1.300278825371015e-15
2066.1132075471696,4.8466494704196504e-15
2066.264150943396,1.2092850884613117e-15
2066.4150943396226,3.4783446397480548e-15
2066.566037735849,3.0830485215492756e-15
2066.7169811320755,1.6061156661984712e-15
2066.867924528302,3.438072765129267e-15
2067.0188679245284,2.493416683616663e-15
2067.169811320755,4.0221490450855814e-15
2067.3207547169814,-2.3680462558171536e-15
2067.4716981132074,1.2824244054105952e-14
2067.622641509434,-1.0940629586259266e-14
2067.7735849056603,1.5696644088099327e-14
2067.9245283018868,-5.143723693102061e-15
2068.0754716981132,2.9259259046992694e-15
2068.2264150943397,8.813581030043963e-15
2068.377358490566,-5.582738707128462e-15
2068.5283018867926,8.354374870924955e-15
2068.6792452830186,2.088685907226809e-15
2068.830188679245,-1.1541316095868929e-15
2068.9811320754716,8.524448656586697e-15
2069.132075471698,-3.1997709569830056e-15
2069.2830188679245,7.925100995052387e-15
2069.433962264151,-1.9050127985376985e-15
2069.5849056603774,6.156084938694512e-15
2069.735849056604,6.902959043493202e-16
2069.8867924528304,4.087290680242186e-15
2070.0377358490564,-7.01390457609556e-16
2070.188679245283,9.935431134311936e-15
2070.3396226415093,-7.38010950286087e-15
2070.490566037736,1.13466797516824e-14
2070.6415094339623,-9.14622452111338e-16
2070.7924528301887,1.3364129776403545e-15
2070.943396226415,4.77521633610288e-15
2071.0943396226417,3.762482703130107e-15
2071.245283018868,-1.9040037003108245e-15
2071.396226415094,7.499927280450407e-15
2071.5471698113206,3.7737367274134976e-16
2071.698113207547,2.4769160870155818e-15
2071.8490566037735,3.046010154534016e-15
2072.0,3.227447642889408e-15
2072.1509433962265,2.831421260348729e-15
2072.301886792453,-1.764575662645052e-15
2072.4528301886794,1.3090940808098019e-14
2072.603773584906,-1.1710254816553466e-14
2072.754716981132,1.5695857118010234e-14
2072.9056603773583,-4.426688459978703e-15
2073.056603773585,2.8548929720595817e-15
2073.2075471698113,5.707683426325204e-15
2073.3584905660377,1.4276256471607359e-15
2073.509433962264,-9.018389318826807e-16
2073.6603773584907,9.770902878984438e-15
2073.811320754717,-4.772711525011744e-15
2073.9622641509436,7.714403952353442e-15
2074.1132075471696,3.9312674070351876e-16
2074.264150943396,2.7416549125600846e-15
2074.4150943396226,3.3749133699874623e-15
2074.566037735849,2.5267880557796673e-15
2074.7169811320755,1.0173898042800204e-15
2074.867924528302,4.8889652858540495e-15
2075.0188679245284,2.963254090588433e-15
2075.169811320755,-3.4218012251699477e-15
2075.3207547169814,1.4033274205504856e-14
2075.4716981132074,-1.0093102132947424e-14
2075.622641509434,1.1629772122387465e-14
2075.7735849056603,-3.6494603357196737e-16
2075.9245283018868,7.612321062160019e-16
2076.0754716981132,6.111348437366098e-15
2076.2264150943397,2.4627939564352057e-16
2076.377358490566,2.543261363468147e-15
2076.5283018867926,4.602333860739458e-15
2076.6792452830186,6.605857173374836e-16
2076.830188679245,1.84321091009292e-15
2076.9811320754716,7.394168173626997e-15
2077.132075471698,-4.69842367212177e-15
2077.2830188679245,8.489289287551562e-15
2077.433962264151,1.3624410202701816e-15
2077.5849056603774,-6.252928681401858e-16
2077.735849056604,6.734891730404658e-15
2077.8867924528304,1.02903366769897e-15
2078.0377358490564,9.876826527135668e-16
2078.188679245283,5.2390390753218255e-15
2078.3396226415093,1.0778330467311632e-15
2078.490566037736,2.2369707605895146e-15
2078.6415094339623,4.492592706506552e-15
2078.7924528301887,-7.225803185872489e-16
2078.943396226415,7.204189590474064e-15
2079.0943396226417,-3.0669598209432624e-15
2079.245283018868,9.142951359680429e-15
2079.396226415094,-5.7518734047030044e-15
2079.5471698113206,1.3706450077696013e-14
2079.698113207547,-1.0794373166573182e-14
2079.8490566037735,1.502695465601327e-14
2080.0,-4.997166616969967e-15
2080.1509433962265,3.643580157692999e-15
2080.301886792453,5.1663980507296846e-15
2080.4528301886794,1.8676049882901133e-15
2080.603773584906,-2.6660227680672835e-15
2080.754716981132,1.2647139281558315e-14
2080.9056603773583,-6.981643359676435e-15
2081.056603773585,6.3979740378178815e-15
2081.2075471698113,4.738998217671987e-15
2081.3584905660377,-9.70166877372026e-16
2081.509433962264,2.0709894098151575e-15
2081.6603773584907,8.243806297318893e-15
2081.811320754717,-4.656839169017152e-15
2081.9622641509436,6.207348953992871e-15
2082.1132075471696,4.5758086541822825e-15
2082.264150943396,-3.167415922724672e-15
2082.4150943396226,7.972109230607155e-15
2082.566037735849,1.0819312312347423e-16
2082.7169811320755,2.072892041776198e-15
2082.867924528302,3.7512371462408186e-15
2083.0188679245284,2.7548738933837398e-15
2083.169811320755,4.650953765686225e-16
2083.3207547169814,4.652757233904396e-15
2083.4716981132074,3.0054382206158764e-15
2083.622641509434,-1.6462125353024551e-15
2083.7735849056603,8.710986961127679e-15
2083.9245283018868,-2.3913770694471773e-15
2084.0754716981132,3.988131985476817e-15
2084.2264150943397,4.354325334566933e-15
2084.377358490566,-1.361095707437757e-15
2084.5283018867926,7.986214549649409e-15
2084.6792452830186,-4.718722081925221e-15
2084.830188679245,1.0707506919087468e-14
2084.9811320754716,-4.105071594645353e-15
2085.132075471698,5.064144114710631e-15
2085.2830188679245,4.203167454011733e-15
2085.433962264151,-1.0213287649577212e-15
2085.5849056603774,5.3966583697615714e-15
2085.735849056604,2.8134095488237436e-16
2085.8867924528304,6.127496712311367e-15
2086.0377358490564,-3.3443109941428607e-15
2086.188679245283,8.218477705440002e-15
2086.3396226415093,3.378337436009904e-16
2086.490566037736,5.861049984194981e-16
2086.6415094339623,5.362561424854647e-15
2086.7924528301887,2.2144836747381753e-15
2086.943396226415,-2.615781016293551e-16
2087.0943396226417,5.873845803393933e-15
2087.245283018868,9.3409156452563e-16
2087.396226415094,1.7621317947500393e-15
2087.5471698113206,4.799315239226673e-15
2087.698113207547,-1.0740168689526118e-15
2087.8490566037735,7.19177160744008e-15
2088.0,-1.66331002912971e-15
2088.1509433962265,2.79276702105808e-15
2088.301886792453,7.585491457968229e-15
2088.4528301886794,-4.3826737806560025e-15
2088.603773584906,3.687616610901683e-15
2088.754716981132,1.1830553928274919e-14
2088.9056603773583,-1.4502650172253156e-14
2089.056603773585,1.780951362563781e-14
2089.2075471698113,-2.843003793363305e-15
2089.3584905660377,-3.037386313720352e-15
2089.509433962264,1.2017735046197908e-14
2089.6603773584907,-2.729518220377115e-15
2089.811320754717,4.4681140950033765e-18
2089.9622641509436,8.962371968910641e-15
2090.1132075471696,-8.054358173200078e-16
2090.264150943396,-2.778988866561541e-15
2090.4150943396226,1.5876897910213184e-14
2090.566037735849,-1.3441452697463504e-14
2090.7169811320755,1.3886621629921862e-14
2090.867924528302,-1.0677495726170568e-15
2091.0188679245284,5.049721022042002e-16
2091.169811320755,4.0115100122576785e-15
2091.3207547169814,5.565694525713351e-15
2091.4716981132074,-4.487083922028981e-15
2091.622641509434,8.650856779090074e-15
2091.7735849056603,7.536110456172426e-16
2091.9245283018868,-3.536713922074626e-18
2092.0754716981132,5.859327759484727e-15
2092.2264150943397,1.6103719012388108e-16
2092.377358490566,4.734241579945539e-15
2092.5283018867926,-1.9150622334009837e-15
2092.6792452830186,8.395975708815175e-15
2092.830188679245,-1.4471569314691568e-15
2092.9811320754716,4.3962092151657337e-16
2093.132075471698,1.0964177478987463e-14
2093.2830188679245,-9.244970995279552e-15
2093.433962264151,1.2191726937386047e-14
2093.5849056603774,-1.7391745377210765e-15
2093.735849056604,7.145958829292509e-16
2093.8867924528304,7.584426296649423e-15
2094.0377358490564,-3.0098181670200318e-15
2094.188679245283,6.402870486613734e-15
2094.3396226415093,-1.6655710677251052e-16
2094.490566037736,4.6481776199034436e-15
2094.6415094339623,4.3073036547928264e-17
2094.7924528301887,4.606126283059867e-15
2094.943396226415,1.1704614517994833e-15
2095.0943396226417,2.6487719924019867e-15
2095.245283018868,2.399570100255681e-15
2095.396226415094,3.3822653817594786e-15
2095.5471698113206,3.0100908263314015e-16
2095.698113207547,4.32723578447737e-15
2095.8490566037735,2.811448170385916e-15
2096.0,-1.0398810293301854e-15
2096.1509433962265,7.277833494391605e-15
2096.301886792453,-1.0404549439634268e-15
2096.4528301886794,2.9659609422528605e-15
2096.603773584906,4.178251241843189e-15
2096.754716981132,-8.491777454897209e-16
2096.9056603773583,7.913393291415148e-15
2097.056603773585,-6.529142903333718e-15
2097.2075471698113,1.3335939466738029e-14
2097.3584905660377,-5.646821718124736e-15
2097.509433962264,2.8487273476606296e-15
2097.6603773584907,9.537613277613118e-15
2097.811320754717,-6.8203984498427095e-15
2097.9622641509436,7.109212866519765e-15
2098.1132075471696,4.654899565179206e-15
2098.264150943396,-3.7954823347401455e-15
2098.4150943396226,7.619464046672037e-15
2098.566037735849,9.899582513661035e-17
2098.7169811320755,4.1789427991809e-15
2098.867924528302,-2.4958127148150777e-15
2099.0188679245284,1.0969985083009716e-14
2099.169811320755,-6.4170793345017135e-15
2099.3207547169814,6.996407831613524e-15
2099.4716981132074,3.524842381461947e-15
2099.622641509434,-2.1287205619938005e-15
2099.7735849056603,6.446061389971249e-15
2099.9245283018868,8.53665117809159e-16
2100.0754716981132,2.2186910451584987e-15
2100.2264150943397,2.1326668362112614e-15
2100.377358490566,3.94271648787793e-15
2100.5283018867926,7.400674996344416e-16
2100.6792452830186,2.3356821858916934e-15
2100.830188679245,3.8914616753847614e-15
2100.9811320754716,2.1175931838498226e-15
2101.132075471698,-1.3374697937513804e-15
2101.2830188679245,9.560105723710787e-15
2101.433962264151,-4.169428837986857e-15
2101.5849056603774,3.8872509364098365e-15
2101.735849056604,6.46710669755575e-15
2101.8867924528304,-3.4740402646051277e-15
2102.0377358490564,5.225511074311189e-15
2102.188679245283,3.849656063501224e-15
2102.3396226415093,-5.564049023485664e-16
2102.490566037736,2.5248705054590187e-15
2102.6415094339623,6.989024294312588e-15
2102.7924528301887,-5.975010268245477e-15
2102.943396226415,1.191061323608199e-14
2103.0943396226417,-6.3547271742327006e-15
2103.245283018868,9.134050772967828e-15
2103.396226415094,-2.0349833317049438e-15
2103.5471698113206,5.055159801390714e-15
2103.698113207547,-1.3113785674555206e-15
2103.8490566037735,1.0900236059615657e-14
2104.0,-1.3172251863455174e-14
2104.1509433962265,2.2319204670679354e-14
2104.301886792453,-1.5555522548830427e-14
2104.4528301886794,1.1975736880326423e-14
2104.603773584906,2.8782219471579804e-15
2104.754716981132,-5.3944948955563565e-15
2104.9056603773583,1.2330232043367149e-14
2105.056603773585,-5.7292598675248846e-15
2105.2075471698113,6.219382240061003e-15
2105.3584905660377,3.337567726823835e-15
2105.509433962264,-2.6843935577095053e-15
2105.6603773584907,8.816784270277888e-15
2105.811320754717,-1.4656961224444007e-15
2105.9622641509436,-4.0329229213740287e-16
2106.1132075471696,1.2351859298732684e-14
2106.264150943396,-1.0708387925828654e-14
2106.4150943396226,1.1143117221295211e-14
2106.566037735849,2.977310176733381e-15
2106.7169811320755,-6.77643497491478e-15
2106.867924528302,1.3517767454538295e-14
2107.0188679245284,-4.210155143398909e-15
2107.169811320755,2.0651983487752106e-15
2107.3207547169814,6.42015217230236e-15
2107.4716981132074,-9.130643065966778e-16
2107.622641509434,2.3791701750589787e-15
2107.7735849056603,4.27169054837641e-15
2107.9245283018868,1.1158433116122333e-15
2108.0754716981132,1.6264443264180791e-15
2108.2264150943397,3.1756953870730905e-15
2108.377358490566,4.344695142452992e-15
2108.5283018867926,-3.656045463311281e-15
2108.6792452830186,1.0029335323014674e-14
2108.830188679245,-3.73318883742425e-15
2108.9811320754716,5.521837202164278e-15
2109.132075471698,2.5671863506786724e-16
2109.2830188679245,5.271719485281368e-15
2109.433962264151,-1.1138908241300309e-15
2109.5849056603774,3.58310658095347e-15
2109.735849056604,5.182452489298062e-15
2109.8867924528304,-3.579321082407367e-15
2110.0377358490564,7.625225576461564e-15
2110.188679245283,5.766430165054199e-16
2110.3396226415093,8.228182553272622e-16
2110.490566037736,3.677811477350735e-15
2110.6415094339623,3.8073100592728705e-15
2110.7924528301887,-5.710812728690358e-16
2110.943396226415,1.0948826277607578e-15
2111.0943396226417,1.2268287276403672e-14
2111.245283018868,-1.4998651404987036e-14
2111.396226415094,1.8997722117295227e-14
2111.5471698113206,-4.619985315174415e-15
2111.698113207547,-4.107250771478368e-15
2111.8490566037735,1.7407389309927242e-14
2112.0,-1.2373220438211107e-14
2112.1509433962265,9.681122864669513e-15
2112.301886792453,2.50036054046181e-15
2112.4528301886794,-2.345237527169095e-16
2112.603773584906,9.313808991956212e-16
2112.754716981132,1.054574491604711e-14
2112.9056603773583,-1.1402676293558332e-14
2113.056603773585,1.7374038552443137e-14
2113.2075471698113,-1.0200960070412599e-14
2113.3584905660377,9.899148624784187e-15
2113.509433962264,1.3540536266775976e-16
2113.6603773584907,-2.9790628818774114e-16
2113.811320754717,7.823956113607309e-15
2113.9622641509436,-3.2822301488524796e-15
2114.1132075471696,4.2815402516739704e-15
2114.264150943396,6.757699213547976e-15
2114.4150943396226,-8.85646054166193e-15
2114.566037735849,1.6759852580441637e-14
2114.7169811320755,-1.0186526866174137e-14
2114.867924528302,8.695715838678079e-15
2115.0188679245284,2.150249350545332e-15
2115.169811320755,-4.955133615418582e-16
2115.3207547169814,3.764070971101573e-15
2115.4716981132074,4.071323335401253e-15
2115.622641509434,-1.4925002140468344e-15
2115.7735849056603,5.039010911683429e-15
2115.9245283018868,2.2455195193256832e-15
2116.0754716981132,1.1328762481037723e-15
2116.2264150943397,7.517935558807038e-16
2116.377358490566,9.035359565046748e-15
2116.5283018867926,-8.02873506433741e-15
2116.6792452830186,1.0895509950623372e-14
2116.830188679245,-2.4634930159146424e-16
2116.9811320754716,-8.63666700854531e-16
2117.132075471698,6.033231380954991e-15
2117.2830188679245,2.843721529036382e-15
2117.433962264151,-3.0191483882132684e-15
2117.5849056603774,7.998451150641038e-15
2117.735849056604,8.209690154845556e-16
2117.8867924528304,-1.6212929900239475e-15
2118.0377358490564,8.600853908192294e-15
2118.188679245283,-2.950807423952712e-15
2118.3396226415093,5.290988861258034e-15
2118.490566037736,-1.129100950246475e-16
2118.6415094339623,5.588507335058164e-15
2118.7924528301887,-1.4975152385101823e-15
2118.943396226415,4.5089073077147384e-15
2119.0943396226417,2.012873740054792e-15
2119.245283018868,3.1027391116811965e-15
2119.396226415094,-2.8450769750686205e-15
2119.5471698113206,1.22968272288934e-14
2119.698113207547,-8.514100351239106e-15
2119.8490566037735,7.517970434542028e-15
2120.0,5.147140001103529e-15
2120.1509433962265,-4.492242966966615e-15
2120.301886792453,4.263129255115225e-15
2120.4528301886794,1.0749182461969624e-14
2120.603773584906,-1.4184213414107407e-14
2120.754716981132,1.707551034022442e-14
2120.9056603773583,-1.7358007495163458e-15
2121.056603773585,-6.57438305249688e-15
2121.2075471698113,1.8008660833281743e-14
2121.3584905660377,-1.2465391552499735e-14
2121.509433962264,1.2391182712401851e-14
2121.6603773584907,-5.709061232387947e-15
2121.811320754717,1.2119887880178965e-14
2121.9622641509436,-1.0487104848859339e-14
2122.1132075471696,1.5005656608330463e-14
2122.264150943396,-7.273679395812495e-15
2122.4150943396226,7.910087295816623e-15
2122.566037735849,-1.6066925243027823e-15
2122.7169811320755,6.693668033456327e-15
2122.867924528302,-3.4199712094572326e-15
2123.0188679245284,7.423656282214117e-15
2123.169811320755,-1.190303663687569e-16
2123.3207547169814,1.5220095255466876e-15
2123.4716981132074,3.144701059774565e-15
2123.622641509434,4.539110129687845e-15
2123.7735849056603,-2.7551269789412816e-15
2123.9245283018868,4.45895948516308e-15
2124.0754716981132,8.417655001509968e-15
2124.2264150943397,-1.1645865387409143e-14
2124.377358490566,1.5783564013336248e-14
2124.5283018867926,-2.2340068687498306e-15
2124.6792452830186,-3.6211653754988595e-15
2124.830188679245,1.072128096147994e-14
2124.9811320754716,7.757080690434402e-16
2125.132075471698,-6.42827344860609e-15
2125.2830188679245,1.545557230092852e-14
2125.433962264151,-7.0661228892856525e-15
2125.5849056603774,3.6755683358718256e-15
2125.735849056604,5.637421266113604e-15
2125.8867924528304,5.301122014192558e-17
2126.0377358490564,-6.217476392661355e-16
2126.188679245283,9.376490219937823e-15
2126.3396226415093,-5.483601139722192e-15
2126.490566037736,6.644500081304773e-15
2126.6415094339623,3.0735512473640175e-15
2126.7924528301887,-3.4022621583665055e-15
2126.943396226415,1.027639792923304e-14
2127.0943396226417,-5.3759877354150896e-15
2127.245283018868,7.715918862043772e-15
2127.396226415094,-1.8743493374732544e-15
2127.5471698113206,7.386609316315476e-15
2127.698113207547,-5.878523175255864e-15
2127.8490566037735,1.2504336552028927e-14
2128.0,-7.136634967841918e-15
2128.1509433962265,7.625881262774955e-15
2128.301886792453,1.4638274595262003e-15
2128.4528301886794,1.2472925449315437e-16
2128.603773584906,4.5468126129948905e-15
2128.754716981132,1.3854613021032213e-15
2128.9056603773583,1.2415344260283294e-15
2129.056603773585,4.3688756646477634e-15
2129.2075471698113,-9.554770353676906e-17
2129.3584905660377,3.710058734354939e-15
2129.509433962264,1.896391460955832e-15
2129.6603773584907,2.356211564382638e-15
2129.811320754717,1.5186390970784007e-16
2129.9622641509436,7.715182855274533e-15
2130.1132075471696,-5.858684483126225e-15
2130.264150943396,9.736154363226134e-15
2130.4150943396226,-1.622352707183531e-15
2130.566037735849,1.536736468036774e-15
2130.7169811320755,5.60710546360238e-15
2130.867924528302,-1.2099514831912467e-15
2131.0188679245284,4.019420600418105e-15
2131.169811320755,2.032620684250674e-15
2131.3207547169814,1.5590987831146852e-15
2131.4716981132074,3.094676762793467e-15
2131.622641509434,1.2297329769472067e-15
2131.7735849056603,3.189422382487832e-15
2131.9245283018868,1.5234992965983455e-15
2132.0754716981132,2.5785797918282382e-15
2132.2264150943397,1.2290155809125797e-15
2132.377358490566,5.237818994180883e-15
2132.5283018867926,-3.295408723714379e-15
2132.6792452830186,8.737474183808033e-15
2132.830188679245,-3.3498874153370804e-15
2132.9811320754716,6.238741412647927e-15
2133.132075471698,-1.3356248104997831e-15
2133.2830188679245,5.83988794225554e-15
2133.433962264151,-1.6746252041975242e-16
2133.5849056603774,1.2370439113606543e-15
2133.735849056604,6.507391981161738e-15
2133.8867924528304,-2.484644283793008e-15
2134.0377358490564,3.816984482308596e-15
2134.188679245283,4.31742768271737e-15
2134.3396226415093,-8.731873256751188e-16
2134.490566037736,2.6213979004713538e-15
2134.6415094339623,5.893330744599002e-15
2134.7924528301887,-4.300757565497964e-15
2134.943396226415,9.176544342357022e-15
2135.0943396226417,-3.734880733717262e-15
2135.245283018868,6.677257083770593e-15
2135.396226415094,-7.687906282084016e-16
2135.5471698113206,3.764040155807035e-15
2135.698113207547,1.0030983542038238e-15
2135.8490566037735,5.1332023634641614e-15
2136.0,-4.114604996021107e-15
2136.1509433962265,1.1024742037232696e-14
2136.301886792453,-5.746730904293049e-15
2136.4528301886794,5.7903639284970415e-15
2136.603773584906,3.693534117069715e-15
2136.754716981132,-1.9974609623027774e-15
2136.9056603773583,5.777392671066361e-15
2137.056603773585,7.422639413362357e-16
2137.2075471698113,2.479278294028778e-15
2137.3584905660377,1.30214456318461e-15
2137.509433962264,4.0819704615727515e-15
2137.6603773584907,6.845447649857699e-16
2137.811320754717,2.0528017428406244e-15
2137.9622641509436,3.1060137497622494e-15
2138.1132075471696,3.322240157275621e-15
2138.264150943396,-3.187551727602312e-15
2138.4150943396226,1.0634192020445278e-14
2138.566037735849,-4.265866524383964e-15
2138.7169811320755,7.157636338574935e-16
2138.867924528302,1.3487641781038833e-14
2139.0188679245284,-1.368309157294388e-14
2139.169811320755,1.2757312703733942e-14
2139.3207547169814,3.946653381195869e-15
2139.4716981132074,-9.527236023258484e-15
2139.622641509434,1.3203657601350887e-14
2139.7735849056603,1.9161744829732752e-15
2139.9245283018868,-8.623112528373549e-15
2140.0754716981132,1.4263572068306038e-14
2140.2264150943397,-2.4375614472593133e-16
2140.377358490566,-6.814083464925604e-15
2140.5283018867926,1.37481921935352e-14
2140.6792452830186,-9.081063891064172e-16
2140.830188679245,-6.113533348012844e-15
2140.9811320754716,1.4459711967908978e-14
2141.132075471698,-3.4925777097496294e-15
2141.2830188679245,-3.2314054854568114e-15
2141.433962264151,1.4117202820865097e-14
2141.5849056603774,-7.145934993571741e-15
2141.735849056604,2.422247977143847e-15
2141.8867924528304,1.0995160528101325e-14
2142.0377358490564,-1.035922736695361e-14
2142.188679245283,1.2079982397899498e-14
2142.3396226415093,-1.099883588379194e-15
2142.490566037736,-1.5663452540140173e-15
2142.6415094339623,1.0596142122428053e-14
2142.7924528301887,-7.2013299986626e-15
2142.943396226415,9.154201441784891e-15
2143.0943396226417,-5.907889940398494e-16
2143.245283018868,1.0106801769760895e-15
2143.396226415094,5.699764617084171e-15
2143.5471698113206,-1.891978214870552e-15
2143.698113207547,5.633725543294965e-15
2143.8490566037735,-1.4397933580559991e-16
2144.0,3.357833022257015e-15
2144.1509433962265,1.7714496955598186e-15
2144.301886792453,2.6328303967220417e-15
2144.4528301886794,8.304567199412799e-16
2144.603773584906,4.595738698462903e-15
2144.754716981132,-2.6569706832529434e-16
2144.9056603773583,3.060483685671232e-15
2145.056603773585,3.3610260072692768e-15
2145.2075471698113,8.547136357370659e-16
2145.3584905660377,4.685433732465811e-16
2145.509433962264,8.084208536290045e-15
2145.6603773584907,-4.9279574130803734e-15
2145.811320754717,5.345432824569693e-15
2145.9622641509436,5.71356348882098e-15
2146.1132075471696,-5.824058894731787e-15
2146.264150943396,9.4018151684179e-15
2146.4150943396226,-2.9956237695012253e-16
2146.566037735849,-1.687140070284333e-16
2146.7169811320755,6.532635626003498e-15
2146.867924528302,-1.2216214709077642e-15
2147.0188679245284,3.4376245561739043e-15
2147.169811320755,2.5426421357209805e-15
2147.3207547169814,1.3918974829950487e-15
2147.4716981132074,2.306025626503943e-15
2147.622641509434,3.397862423137403e-15
2147.7735849056603,-2.790165078470164e-16
2147.9245283018868,4.474519463676175e-15
2148.0754716981132,2.3036058262859686e-15
2148.2264150943397,-1.6182078867130327e-15
2148.377358490566,8.163102520855417e-15
2148.5283018867926,-2.2673261800826304e-15
2148.6792452830186,1.9472142646312394e-15
2148.830188679245,7.0309638925086355e-15
2148.9811320754716,-4.230192576952693e-15
2149.132075471698,7.070438933226268e-15
2149.2830188679245,-1.1017111412632443e-15
2149.433962264151,6.581478418903018e-15
2149.5849056603774,-5.577373256742101e-15
2149.735849056604,1.2017330427166524e-14
2149.8867924528304,-5.7683661478489114e-15
2150.0377358490564,5.577404629067515e-15
2150.188679245283,1.9043025245924667e-15
2150.3396226415093,3.169097598679745e-15
2150.490566037736,-1.5571643670702543e-15
2150.6415094339623,6.756935533011125e-15
2150.7924528301887,4.511917197496942e-16
2150.943396226415,-5.511932815792535e-16
2151.0943396226417,7.378497522621916e-15
2151.245283018868,-2.1507283383858644e-15
2151.396226415094,4.425368341923592e-15
2151.5471698113206,1.5753749261440864e-16
2151.698113207547,6.405633027752678e-15
2151.8490566037735,-4.2244674756704445e-15
2152.0,8.050644873122622e-15
2152.1509433962265,-3.85966910881372e-16
2152.301886792453,8.653153635145526e-16
2152.4528301886794,6.202524994653606e-15
2152.603773584906,-3.567357372457571e-15
2152.754716981132,9.478343232154082e-15
2152.9056603773583,-6.123056188723364e-15
2153.056603773585,9.560107643485926e-15
2153.2075471698113,-1.841981163558677e-15
2153.3584905660377,1.8159181164314706e-15
2153.509433962264,5.6196146587788455e-15
2153.6603773584907,-1.6852273311007559e-15
2153.811320754717,4.384927171436948e-15
2153.9622641509436,1.9690766393904975e-15
2154.1132075471696,1.522580840777265e-15
2154.264150943396,2.3701359475720635e-15
2154.4150943396226,2.880909861343517e-15
2154.566037735849,1.2911379395594363e-15
2154.7169811320755,2.1702445339027788e-15
2154.867924528302,3.4956483395539033e-15
2155.0188679245284,3.714888073620572e-16
2155.169811320755,3.0256255044181502e-15
2155.3207547169814,2.9686247346874995e-15
2155.4716981132074,1.0258662988136014e-15
2155.622641509434,1.169988003943213e-15
2155.7735849056603,6.815710828935079e-15
2155.9245283018868,-4.654922923636541e-15
2156.0754716981132,7.79809370871879e-15
2156.2264150943397,3.459440399319511e-16
2156.377358490566,3.633257054814815e-16
2156.5283018867926,5.942688031711518e-15
2156.6792452830186,-2.5113425847490293e-15
2156.830188679245,8.112375607242658e-15
2156.9811320754716,-5.038734016630817e-15
2157.132075471698,9.060156268321388e-15
2157.2830188679245,-1.6109807942911997e-15
2157.433962264151,1.1405413835343037e-15
2157.5849056603774,7.354717090633559e-15
2157.735849056604,-4.316906475308123e-15
2157.8867924528304,6.9459354236464175e-15
2158.0377358490564,5.895125643159082e-16
2158.188679245283,1.7535147364305508e-15
2158.3396226415093,1.610831386268236e-15
2158.490566037736,6.39200308598086e-15
2158.6415094339623,-5.3953596935324105e-15
2158.7924528301887,9.899476091854445e-15
2158.943396226415,-2.5394895116652513e-15
2159.0943396226417,4.233426661998455e-15
2159.245283018868,-3.9445061745382025e-16
2159.396226415094,7.0816916695105006e-15
2159.5471698113206,-2.1203466604170554e-15
2159.698113207547,4.252698774192036e-16
2159.8490566037735,1.2227152211362876e-14
2160.0,-1.1423785220701299e-14
2160.1509433962265,1.024592874760866e-14
2160.301886792453,6.390220701295886e-15
2160.4528301886794,-1.2851407390200108e-14
2160.603773584906,1.8515213373138185e-14
2160.754716981132,-3.9461121678739356e-15
2160.9056603773583,-6.909111249057725e-15
2161.056603773585,2.0913078499497117e-14
2161.2075471698113,-1.3803376170075699e-14
2161.3584905660377,5.994632941408021e-15
2161.509433962264,9.607464886311894e-15
2161.6603773584907,-6.359596807628354e-15
2161.811320754717,1.7485376636773217e-15
2161.9622641509436,1.3243493621375907e-14
2162.1132075471696,-1.208288286060451e-14
2162.264150943396,1.0673639117438548e-14
2162.4150943396226,2.1993615692322518e-15
2162.566037735849,-1.34257403876929e-15
2162.7169811320755,2.323248839384623e-15
2162.867924528302,7.807712231022437e-15
2163.0188679245284,-5.510081167145186e-15
2163.169811320755,6.489316928781858e-15
2163.3207547169814,3.7489986598682975e-15
2163.4716981132074,-3.374766579959247e-15
2163.622641509434,8.208755914038874e-15
2163.7735849056603,-1.850064839695177e-15
2163.9245283018868,3.6712456431554135e-15
2164.0754716981132,3.0242223380923624e-15
2164.2264150943397,-3.3065083669963016e-16
2164.377358490566,5.2703691729206966e-15
2164.5283018867926,1.2021650542377879e-16
2164.6792452830186,2.269096355808166e-15
2164.830188679245,4.1946356662625276e-15
2164.9811320754716,-1.8351932612235773e-15
2165.132075471698,8.931214689541326e-15
2165.2830188679245,-7.666017693138257e-15
2165.433962264151,1.3605889336454002e-14
2165.5849056603774,-6.988766818301861e-15
2165.735849056604,5.899897191176732e-15
2165.8867924528304,3.604720498948218e-15
2166.0377358490564,-1.027130525478612e-16
2166.188679245283,9.57428336533876e-16
2166.3396226415093,7.744443319068127e-15
2166.490566037736,-4.1828904557388845e-15
2166.6415094339623,5.0548772884348095e-15
2166.7924528301887,4.493128061031014e-15
2166.943396226415,-3.2294752221085402e-15
2167.0943396226417,7.398331503246538e-15
2167.245283018868,-7.210432044746681e-16
2167.396226415094,3.1401798961505253e-15
2167.5471698113206,1.7737946513471052e-15
2167.698113207547,3.2181365070721365e-15
2167.8490566037735,6.552865264296737e-16
2168.0,3.602200621040325e-15
2168.1509433962265,1.4743325395816743e-15
2168.301886792453,2.388271642385656e-15
2168.4528301886794,2.1024276328949276e-15
2168.603773584906,2.61070569707429e-15
2168.754716981132,1.527975953386454e-15
2168.9056603773583,2.8922541504650063e-15
2169.056603773585,1.7902540818461407e-15
2169.2075471698113,2.3306542984317013e-15
2169.3584905660377,2.2275584471689925e-15
2169.509433962264,2.2965930256532454e-15
2169.6603773584907,1.8852080773653668e-15
2169.811320754717,2.7503277384166476e-15
2169.9622641509436,1.6842859113501407e-15
2170.1132075471696,2.466155867142263e-15
2170.264150943396,2.3450673842336265e-15
2170.4150943396226,1.9618488517614017e-15
2170.566037735849,2.061567115108517e-15
2170.7169811320755,3.1398246948260192e-15
2170.867924528302,8.665344010279503e-16
2171.0188679245284,2.9763012159230387e-15
2171.169811320755,2.8224778904746486e-15
2171.3207547169814,9.743479556065484e-16
2171.4716981132074,1.9065151671433467e-15
2171.622641509434,5.932137335791886e-15
2171.7735849056603,-4.280183977442388e-15
2171.9245283018868,8.36047545330709e-15
2172.0754716981132,-1.1887543149979528e-16
2172.2264150943397,-3.955716398027527e-16
2172.377358490566,8.069224764002566e-15
2172.5283018867926,-3.8049074428474654e-15
2172.6792452830186,6.259363594015038e-15
2172.830188679245,3.907200725779466e-16
2172.9811320754716,3.2029053177514307e-15
2173.132075471698,4.972058348516884e-16
2173.2830188679245,5.364070124684982e-15
2173.433962264151,-1.5365481026430688e-15
2173.5849056603774,4.9791061452244606e-15
2173.735849056604,1.5013986799998867e-15
2173.8867924528304,1.9691774346218298e-15
2174.0377358490564,6.801319948805362e-16
2174.188679245283,7.801401954309846e-15
2174.3396226415093,-6.52085785836271e-15
2174.490566037736,1.0295938954364267e-14
2174.6415094339623,-1.1284484809027053e-15
2174.7924528301887,-1.1094668081229474e-17
2174.943396226415,7.216596176864594e-15
2175.0943396226417,-1.4322927202877425e-15
2175.245283018868,2.9156462909848434e-15
2175.396226415094,2.5752959104751718e-15
2175.5471698113206,4.320371934447913e-15
2175.698113207547,-3.694870160754261e-15
2175.8490566037735,9.69571427503925e-15
2176.0,-1.9816610859488562e-15
2176.1509433962265,-6.572491181768586e-16
2176.301886792453,1.231419102723252e-14
2176.4528301886794,-1.0846079146801497e-14
2176.603773584906,1.2537060638485985e-14
2176.754716981132,-1.6109387254685103e-15
2176.9056603773583,3.2943139838376995e-16
2177.056603773585,6.013842896153403e-15
2177.2075471698113,3.3594410748745883e-16
2177.3584905660377,1.7439336804041923e-15
2177.509433962264,2.6106065090817827e-15
2177.6603773584907,4.7052114298010725e-15
2177.811320754717,-2.954612094636075e-15
2177.9622641509436,7.289434846381418e-15
2178.1132075471696,5.755533506966023e-16
2178.264150943396,-6.685000786312204e-16
2178.4150943396226,8.975011339672967e-15
2178.566037735849,-6.72142298112791e-15
2178.7169811320755,1.1828800655147742e-14
2178.867924528302,-6.3255009536102714e-15
2179.0188679245284,8.973705236055453e-15
2179.169811320755,-3.2698255972201355e-15
2179.3207547169814,8.070574982292518e-15
2179.4716981132074,-4.081831992786511e-15
2179.622641509434,7.053162459517703e-15
2179.7735849056603,1.5816279359865151e-15
2179.9245283018868,-1.124518362474018e-15
2180.0754716981132,6.13479178917617e-15
2180.2264150943397,2.112736234387784e-15
2180.377358490566,-2.2760575927252365e-15
2180.5283018867926,8.180720181386343e-15
2180.6792452830186,-3.477539107973371e-16
2180.830188679245,-5.877543139082547e-16
2180.9811320754716,8.736033727260594e-15
2181.132075471698,-3.8400496362372674e-15
2181.2830188679245,5.092408132859233e-15
2181.433962264151,2.613481097303129e-15
2181.5849056603774,1.3673022537733832e-15
2181.735849056604,9.862128176630548e-16
2181.8867924528304,6.044252848215871e-15
2182.0377358490564,-1.1005827075997246e-15
2182.188679245283,1.4285678119730218e-15
2182.3396226415093,8.071535519842553e-15
2182.490566037736,-4.390785936891937e-15
2182.6415094339623,3.902508901984525e-15
2182.7924528301887,7.987144650315084e-15
2182.943396226415,-7.077891053068878e-15
2183.0943396226417,8.873718565255277e-15
2183.245283018868,1.6951082730323286e-15
2183.396226415094,-6.921245657100463e-16
2183.5471698113206,3.626936142139792e-15
2183.698113207547,5.265163842749034e-15
2183.8490566037735,-2.8518896636371205e-15
2184.0,4.522681874387058e-15
2184.1509433962265,6.685207390818377e-15
2184.301886792453,-8.498411314390153e-15
2184.4528301886794,1.5759653895982492e-14
2184.603773584906,-9.567505761013169e-15
2184.754716981132,1.0009314834454882e-14
2184.9056603773583,-8.978283732192251e-16
2185.056603773585,1.6869836343214264e-15
2185.2075471698113,4.991533592456967e-15
2185.3584905660377,8.725900370432915e-16
2185.509433962264,-2.1701029053481864e-15
2185.6603773584907,1.5356255799841126e-14
2185.811320754717,-1.6725670578836252e-14
2185.9622641509436,1.9471373863765836e-14
2186.1132075471696,-5.023545054241707e-15
2186.264150943396,-2.5149869190351182e-15
2186.4150943396226,1.4070964188480367e-14
2186.566037735849,-8.118053088647998e-15
2186.7169811320755,6.47791436933568e-15
2186.867924528302,2.9706770171366133e-15
2187.0188679245284,1.2874298468736408e-15
2187.169811320755,1.2665940322808294e-15
2187.3207547169814,4.189528090697343e-15
2187.4716981132074,1.1315792188074209e-15
2187.622641509434,4.185614052652905e-15
2187.7735849056603,-3.775317831090376e-15
2187.9245283018868,1.4156257214509894e-14
2188.0754716981132,-1.2443269758264804e-14
2188.2264150943397,1.4404161936493115e-14
2188.377358490566,-2.9884696950261853e-15
2188.5283018867926,1.0555547785517755e-15
2188.6792452830186,5.790565939739502e-15
2188.830188679245,1.9490889976911273e-15
2188.9811320754716,-3.0021377459987672e-15
2189.132075471698,1.140967230575437e-14
2189.2830188679245,-5.766346923237648e-15
2189.433962264151,5.378560220799764e-15
2189.5849056603774,4.834133810234877e-15
2189.735849056604,-3.0757941899572176e-15
2189.8867924528304,7.172707785972907e-15
2190.0377358490564,-2.2718948681296e-16
2190.188679245283,3.07434628012131e-15
2190.3396226415093,1.7672380676912809e-15
2190.490566037736,3.902967725232022e-15
2190.6415094339623,-3.4573447939405866e-16
2190.7924528301887,5.27719854602054e-15
2190.943396226415,1.2175116975112688e-16
2191.0943396226417,3.3171532697629363e-15
2191.245283018868,1.9992524144177755e-15
2191.396226415094,3.636111566383419e-15
2191.5471698113206,-1.572476367931335e-15
2191.698113207547,8.90319987941482e-15
2191.8490566037735,-4.973475045376778e-15
2192.0,8.249289293905858e-15
2192.1509433962265,-1.8838677812204092e-15
2192.301886792453,6.2585443073126334e-15
2192.4528301886794,-1.9997777195817222e-15
2192.603773584906,5.6552181666212274e-15
2192.754716981132,2.257389215826099e-15
2192.9056603773583,-8.24508105995403e-16
2193.056603773585,5.893346724706777e-15
2193.2075471698113,1.6221679929266626e-15
2193.3584905660377,-2.560442979973993e-16
2193.509433962264,6.090475435524142e-15
2193.6603773584907,-1.92178304529325e-16
2193.811320754717,3.150541575067221e-15
2193.9622641509436,2.569110048224235e-15
2194.1132075471696,1.5733073533929724e-15
2194.264150943396,4.0909162244973754e-15
2194.4150943396226,-8.886525468609664e-16
2194.566037735849,7.211101464422369e-15
2194.7169811320755,-3.720155091793414e-15
2194.867924528302,8.841975100131768e-15
2195.0188679245284,-2.9265842529266116e-15
2195.169811320755,4.39930960117444e-15
2195.3207547169814,4.58148881151899e-15
2195.4716981132074,-2.5098644037402117e-15
2195.622641509434,6.199291534892452e-15
2195.7735849056603,2.7857642895202433e-15
2195.9245283018868,-2.5475831087650466e-15
2196.0754716981132,9.14204677831631e-15
2196.2264150943397,-3.1625395672543554e-15
2196.377358490566,5.680766775442493e-15
2196.5283018867926,-1.2192369235168095e-16
2196.6792452830186,5.830380752166741e-15
2196.830188679245,-1.7449113222945368e-15
2196.9811320754716,4.727768929960301e-15
2197.132075471698,3.891641090023319e-15
2197.2830188679245,-2.145138660187342e-15
2197.433962264151,6.377643367066527e-15
2197.5849056603774,2.270469594623946e-15
2197.735849056604,-1.8893879565268554e-15
2197.8867924528304,8.908217060066885e-15
2198.0377358490564,-3.972794749572707e-15
2198.188679245283,7.73038443599168e-15
2198.3396226415093,-2.0680992892523026e-15
2198.490566037736,5.591194874768064e-15
2198.6415094339623,1.5925150564082964e-15
2198.7924528301887,3.735931449986784e-16
2198.943396226415,5.528116556661845e-15
2199.0943396226417,1.7613565574208265e-15
2199.245283018868,-2.76768758665174e-15
2199.396226415094,1.3861444869135904e-14
2199.5471698113206,-1.221861810330912e-14
2199.698113207547,1.5269491765928978e-14
2199.8490566037735,-5.07978575101979e-15
2200.0,4.0943117885783675e-15
2200.1509433962265,4.230457845249177e-15
2200.301886792453,2.1935432125365523e-16
2200.4528301886794,2.484744223526177e-15
2200.603773584906,5.5915725679957235e-15
2200.754716981132,-3.478343023644144e-15
2200.9056603773583,9.045734788773565e-15
2201.056603773585,-2.705157310240131e-15
2201.2075471698113,5.010068372408295e-15
2201.3584905660377,1.9803171350150897e-15
2201.509433962264,1.0633143155681604e-15
2201.6603773584907,6.3093022757160425e-15
2201.811320754717,-4.6537639519462076e-15
2201.9622641509436,1.1143868169756163e-14
2202.1132075471696,-3.988317621449874e-15
2202.264150943396,3.1782959343022702e-15
2202.4150943396226,6.746566204607411e-15
2202.566037735849,-2.4487025592982053e-15
2202.7169811320755,3.5306303073312618e-15
2202.867924528302,5.2786528330062694e-15
2203.0188679245284,-4.1387994794649186e-16
2203.169811320755,1.3265397383593e-15
2203.3207547169814,7.967386878738569e-15
2203.4716981132074,-4.9407402512810555e-15
2203.622641509434,9.51056320643787e-15
2203.7735849056603,-4.7563635631252366e-15
2203.9245283018868,1.1645433764536467e-14
2204.0754716981132,-8.812635190225699e-15
2204.2264150943397,1.2184506355009643e-14
2204.377358490566,-3.911069241272164e-16
2204.5283018867926,-3.9824811030343564e-15
2204.6792452830186,1.3909588700014506e-14
2204.830188679245,-4.7782770821101585e-15
2204.9811320754716,-1.8302253858024626e-15
2205.132075471698,1.7024643791710406e-14
2205.2830188679245,-1.2854473177552353e-14
2205.433962264151,8.506223935513932e-15
2205.5849056603774,7.567600592171932e-15
2205.735849056604,-5.937281784143161e-15
2205.8867924528304,3.376723042210591e-15
2206.0377358490564,1.3831720764487248e-14
2206.188679245283,-1.651383365347686e-14
2206.3396226415093,1.95292294359196e-14
2206.490566037736,-6.141893187999849e-15
2206.6415094339623,3.351783965513213e-15
2206.7924528301887,3.92081953122578e-15
2206.943396226415,3.2204901869820603e-15
2207.0943396226417,-9.660825037104119e-16
2207.245283018868,6.340570032715775e-15
2207.396226415094,4.782472782025125e-16
2207.5471698113206,2.0633104574998106e-15
2207.698113207547,4.182917293743285e-15
2207.8490566037735,1.3477431628843765e-15
2208.0,2.0983952372885612e-15
2208.1509433962265,3.4718059453213e-15
2208.301886792453,3.2283031344910603e-15
2208.4528301886794,-1.5974610867865535e-15
2208.603773584906,9.358914881975128e-15
2208.754716981132,-5.007777282137281e-15
2208.9056603773583,9.300237916368495e-15
2209.056603773585,-4.247573305253968e-15
2209.2075471698113,1.0569025325450079e-14
2209.3584905660377,-6.912105224563522e-15
2209.509433962264,1.1740616123271487e-14
2209.6603773584907,-4.925525654485279e-15
2209.811320754717,7.5650369016733e-15
2209.9622641509436,-4.735845327372102e-16
2210.1132075471696,4.191625676770557e-15
2210.264150943396,1.1046756113068832e-15
2210.4150943396226,4.505355662468258e-15
2210.566037735849,1.7738151313582072e-16
2210.7169811320755,3.699434059434005e-15
2210.867924528302,4.181501590323544e-15
2211.0188679245284,-2.264281316238751e-15
2211.169811320755,8.98680012172336e-15
2211.3207547169814,-3.576177472656044e-15
2211.4716981132074,7.188552908603583e-15
2211.622641509434,-9.938515912511565e-16
2211.7735849056603,5.812247507711632e-15
2211.9245283018868,-8.309398358229813e-16
2212.0754716981132,5.4733744313591095e-15
2212.2264150943397,5.378760136789718e-16
2212.377358490566,4.2311070578794235e-15
2212.5283018867926,-4.887052056863306e-16
2212.6792452830186,8.02518784925893e-15
2212.830188679245,-4.5944012319879094e-15
2212.9811320754716,9.142574493802615e-15
2213.132075471698,-1.685054183021838e-15
2213.2830188679245,3.917062730509195e-15
2213.433962264151,4.1051369781988886e-15
2213.5849056603774,-2.228761606043105e-15
2213.735849056604,1.0015574155713852e-14
2213.8867924528304,-4.611259458558643e-15
2214.0377358490564,5.321790966457631e-15
2214.188679245283,5.743136720036474e-15
2214.3396226415093,-3.5335860761174067e-15
2214.490566037736,6.793179374940453e-15
2214.6415094339623,1.8003103924054024e-15
2214.7924528301887,3.3680294456974928e-15
2214.943396226415,-3.4059554886961327e-15
2215.0943396226417,1.5057612430959627e-14
2215.245283018868,-1.1559837812287038e-14
2215.396226415094,1.0523874886878498e-14
2215.5471698113206,5.633016618865603e-15
2215.698113207547,-9.558125011437517e-15
2215.8490566037735,1.6657943117943212e-14
2216.0,-5.904280688094444e-15
2216.1509433962265,2.022004425672704e-15
2216.301886792453,1.042464556886269e-14
2216.4528301886794,-7.494467642170426e-15
2216.603773584906,1.008152647662145e-14
2216.754716981132,-2.5703129777507838e-17
2216.9056603773583,8.730447470915848e-16
2217.056603773585,6.8101574385534325e-15
2217.2075471698113,-2.2804789163863565e-15
2217.3584905660377,6.7217844822525175e-15
2217.509433962264,4.866356033658916e-16
2217.6603773584907,2.258579072140948e-15
2217.811320754717,3.975820188848953e-15
2217.9622641509436,3.467586032267864e-15
2218.1132075471696,-2.9450560954814636e-15
2218.264150943396,1.1608539626944819e-14
2218.4150943396226,-4.7302614406387874e-15
2218.566037735849,3.4064071506047114e-15
2218.7169811320755,8.39842186778041e-15
2218.867924528302,-4.132480294279394e-15
2219.0188679245284,4.0570812379303254e-15
2219.169811320755,7.35379307035975e-15
2219.3207547169814,-2.1464218307951287e-15
2219.4716981132074,-4.95856305152247e-16
2219.622641509434,1.6272560240984356e-14
2219.7735849056603,-1.6035151092071322e-14
2219.9245283018868,1.7273183423134712e-14
2220.0754716981132,-3.028505446187932e-15
2220.2264150943397,2.2354011785545325e-15
2220.377358490566,2.44123189581715e-15
2220.5283018867926,6.341376501315808e-15
2220.6792452830186,-4.57006979067444e-16
2220.830188679245,-1.0672873358428075e-15
2220.9811320754716,1.3941580491264809e-14
2221.132075471698,-9.361143527532569e-15
2221.2830188679245,6.92583241200043e-15
2221.433962264151,8.380025106179316e-15
2221.5849056603774,-7.186994429035086e-15
2221.735849056604,8.414759903716499e-15
2221.8867924528304,4.2150656470130406e-15
2222.0377358490564,-2.4400712429969264e-15
2222.188679245283,5.36062232592643e-15
2222.3396226415093,4.677697827847894e-15
2222.490566037736,-1.2131886407060176e-15
2222.6415094339623,4.106474135577724e-15
2222.7924528301887,5.633522752568005e-15
2222.943396226415,-3.725366405997288e-15
2223.0943396226417,1.0942342823411956e-14
2223.245283018868,-6.588121173392196e-15
2223.396226415094,1.2233178884565356e-14
2223.5471698113206,-5.462733846839125e-15
2223.698113207547,7.436162729543714e-15
2223.8490566037735,2.024712564347346e-15
2224.0,8.072947541467546e-16
2224.1509433962265,4.564176816584093e-15
2224.301886792453,2.4479152147971734e-15
2224.4528301886794,1.793789990075629e-15
2224.603773584906,3.3042075673318852e-15
2224.754716981132,2.7915118761270467e-15
2224.9056603773583,3.564916201200675e-15
2225.056603773585,-1.198378179272168e-15
2225.2075471698113,9.84913763047548e-15
2225.3584905660377,-5.02160071663466e-15
2225.509433962264,7.310983857196485e-15
2225.6603773584907,3.472955336533541e-15
2225.811320754717,-2.410069469191084e-15
2225.9622641509436,8.538320715499238e-15
2226.1132075471696,4.063330110691674e-16
2226.264150943396,-2.7421692450623585e-16
2226.4150943396226,9.19233440330822e-15
2226.566037735849,-2.923948477877756e-15
2226.7169811320755,4.04655054065523e-15
2226.867924528302,6.265017263799915e-15
2227.0188679245284,-3.260157100655972e-15
2227.169811320755,8.230324936199926e-15
2227.3207547169814,-7.116007766736153e-16
2227.4716981132074,4.562976274561396e-15
2227.622641509434,1.35574105487858e-15
2227.7735849056603,4.522981981925668e-15
2227.9245283018868,6.730756648207816e-16
2228.0754716981132,4.638657118848625e-15
2228.2264150943397,1.4273351470129813e-15
2228.377358490566,3.613609442339692e-15
2228.5283018867926,2.068248702052641e-15
2228.6792452830186,3.594494164396625e-15
2228.830188679245,1.7295357448595627e-15
2228.9811320754716,3.8804055808240886e-15
2229.132075471698,1.8781347224805143e-15
2229.2830188679245,3.1805208659678626e-15
2229.433962264151,2.8990453013689112e-15
2229.5849056603774,2.5301650309554423e-15
2229.735849056604,2.5005934048595627e-15
2229.8867924528304,3.843280736879745e-15
2230.0377358490564,1.835593095304908e-15
2230.188679245283,2.0039651572525586e-15
2230.3396226415093,6.168450805850129e-15
2230.490566037736,-2.173701716299792e-15
2230.6415094339623,7.331005591787104e-15
2230.7924528301887,2.1701116965396233e-17
2230.943396226415,3.7886980486374784e-15
2231.0943396226417,3.234718726081039e-15
2231.245283018868,1.0162702754231408e-15
2231.396226415094,5.8701770591445845e-15
2231.5471698113206,-1.1012760927104262e-15
2231.698113207547,7.68154069554842e-15
2231.8490566037735,-4.359344400938743e-15
2232.0,1.3598480997714458e-14
2232.1509433962265,-1.0157657664474488e-14
2232.301886792453,1.3292141492337009e-14
2232.4528301886794,-2.6907666931971287e-16
2232.603773584906,-2.1357212250121616e-15
2232.754716981132,1.1059137872922816e-14
2232.9056603773583,-1.4710736124732448e-15
2233.056603773585,-1.307826818685387e-15
2233.2075471698113,1.4289634295958414e-14
2233.3584905660377,-1.0510813621063427e-14
2233.509433962264,1.3008456117181537e-14
2233.6603773584907,-3.003929118331654e-15
2233.811320754717,6.7846134072591105e-15
2233.9622641509436,-1.6067039774411791e-15
2234.1132075471696,7.622966879648593e-15
2234.264150943396,8.586944221786016e-18
2234.4150943396226,2.195471450629086e-15
2234.566037735849,6.293697807764837e-15
2234.7169811320755,-1.0040838284536195e-15
2234.867924528302,5.206514586072902e-15
2235.0188679245284,2.474284441198616e-15
2235.169811320755,2.063673887792346e-15
2235.3207547169814,4.048035673672268e-15
2235.4716981132074,1.6963022956062287e-15
2235.622641509434,3.938656955027926e-15
2235.7735849056603,2.149958546408424e-15
2235.9245283018868,3.3122091771395533e-15
2236.0754716981132,1.859810944039579e-15
2236.2264150943397,5.971877239556158e-15
2236.377358490566,-2.778898590414141e-15
2236.5283018867926,9.786360251745166e-15
2236.6792452830186,-3.060011350988675e-15
2236.830188679245,6.991970569295082e-15
2236.9811320754716,-1.1221763084151321e-16
2237.132075471698,5.756980103514625e-15
2237.2830188679245,7.033296760698986e-16
2237.433962264151,2.9485252141089977e-15
2237.5849056603774,5.843253245354296e-15
2237.735849056604,-2.0684328250044317e-15
2237.8867924528304,7.996188299731346e-15
2238.0377358490564,-7.748511199722859e-16
2238.188679245283,5.0290186407948295e-15
2238.3396226415093,1.7159041038525732e-15
2238.490566037736,3.917413139739264e-15
2238.6415094339623,1.963151509360897e-15
2238.7924528301887,3.7641286721395045e-15
2238.943396226415,2.2674744687507044e-15
2239.0943396226417,3.5536643250345445e-15
2239.245283018868,2.3931606148141084e-15
2239.396226415094,3.097573150167711e-15
2239.5471698113206,3.5043352434335156e-15
2239.698113207547,1.9149904795021005e-15
2239.8490566037735,3.5502934809724865e-15
2240.0,3.5043447153973772e-15
2240.1509433962265,1.949986751479174e-15
2240.301886792453,2.3009735756900633e-15
2240.4528301886794,7.010065995135525e-15
2240.603773584906,-3.789172209215018e-15
2240.754716981132,9.30975995683868e-15
2240.9056603773583,2.87964632037329e-16
2241.056603773585,1.0341830956507178e-15
2241.2075471698113,7.785183582319543e-15
2241.3584905660377,-1.950958330861719e-15
2241.509433962264,6.2458381197881365e-15
2241.6603773584907,1.4880469095763923e-15
2241.811320754717,3.580743412879912e-15
2241.9622641509436,2.440224304111158e-15
2242.1132075471696,3.8499844853226325e-15
2242.264150943396,1.843429648319059e-15
2242.4150943396226,4.220465032436415e-15
2242.566037735849,2.071076565629271e-15
2242.7169811320755,3.1740512900157955e-15
2242.867924528302,3.744316156738391e-15
2243.0188679245284,1.9388229097374644e-15
2243.169811320755,3.208180717770817e-15
2243.3207547169814,4.3837300047951485e-15
2243.4716981132074,1.1449169372056887e-15
2243.622641509434,2.775180120262521e-15
2243.7735849056603,7.259702832720733e-15
2243.9245283018868,-4.066966342968821e-15
2244.0754716981132,9.015363989730688e-15
2244.2264150943397,1.8471201265425417e-15
2244.377358490566,-9.501538189770377e-16
2244.5283018867926,8.976197047690966e-15
2244.6792452830186,-1.1579672267832399e-15
2244.830188679245,4.7545115401662924e-15
2244.9811320754716,1.0890909981618144e-15
2245.132075471698,8.277047291362636e-15
2245.2830188679245,-5.274594257240704e-15
2245.433962264151,1.0689539573012447e-14
2245.5849056603774,1.8563415121418681e-16
2245.735849056604,3.5860943804551046e-16
2245.8867924528304,8.313846794174439e-15
2246.0377358490564,-9.570779557680826e-16
2246.188679245283,4.817911202549601e-15
2246.3396226415093,1.2539819772313477e-15
2246.490566037736,7.725193031827906e-15
2246.6415094339623,-4.42432407288736e-15
2246.7924528301887,1.035498387888953e-14
2246.943396226415,-6.54363425556048e-16
2247.0943396226417,2.399232102437887e-15
2247.245283018868,6.496800600182816e-15
2247.396226415094,-8.840837727534715e-16
2247.5471698113206,6.465072126988579e-15
2247.698113207547,8.927904610480023e-16
2247.8490566037735,3.1270623991295945e-15
2248.0,6.153875127667499e-15
2248.1509433962265,-2.348136371359673e-15
2248.301886792453,8.164364058744466e-15
2248.4528301886794,1.5812584143083838e-15
2248.603773584906,-2.6576259203214957e-17
2248.754716981132,9.212494287101862e-15
2248.9056603773583,-2.9248033706564856e-15
2249.056603773585,7.0466672576435205e-15
2249.2075471698113,1.1635330116792717e-15
2249.3584905660377,4.757259385929313e-15
2249.509433962264,4.0043187844568363e-16
2249.6603773584907,6.7828844095555316e-15
2249.811320754717,9.213707719010652e-17
2249.9622641509436,4.2904431732313555e-15
2250.1132075471696,3.1057606671729944e-15
2250.264150943396,4.698046162086473e-15
2250.4150943396226,-2.134918255879886e-15
2250.566037735849,1.1430671669552402e-14
2250.7169811320755,-4.590942399283388e-15
2250.867924528302,6.684782422837952e-15
2251.0188679245284,4.749254302115375e-15
2251.169811320755,-1.3681481338200434e-15
2251.3207547169814,7.40811629857581e-15
2251.4716981132074,9.661527776640535e-16
2251.622641509434,3.693867137791554e-15
2251.7735849056603,2.8939440771673558e-15
2251.9245283018868,4.077530331468487e-15
2252.0754716981132,1.8641908213114204e-15
2252.2264150943397,4.151230962953228e-15
2252.377358490566,2.8659768188562115e-15
2252.5283018867926,3.228318122534987e-15
2252.6792452830186,2.8077365077958153e-15
2252.830188679245,4.022902250516605e-15
2252.9811320754716,2.3713522000262613e-15
2253.132075471698,3.5160598239394734e-15
2253.2830188679245,3.2270476870284622e-15
2253.433962264151,3.5410687971176655e-15
2253.5849056603774,2.031403540408639e-15
2253.735849056604,4.660818735026488e-15
2253.8867924528304,2.634535445292836e-15
2254.0377358490564,2.610791536789818e-15
2254.188679245283,3.486413820746666e-15
2254.3396226415093,5.610996675764177e-15
2254.490566037736,-2.748797730300199e-15
2254.6415094339623,1.0739939647360916e-14
2254.7924528301887,-1.5163759575901157e-15
2254.943396226415,1.293181624820444e-15
2255.0943396226417,1.2345659061962184e-14
2255.245283018868,-9.1785436307405e-15
2255.396226415094,1.2909016229884011e-14
2255.5471698113206,4.989268964392817e-16
2255.698113207547,-4.722342089608975e-16
2255.8490566037735,9.052142288004669e-15
2256.0,-1.691579581564547e-16
2256.1509433962265,3.512793895746816e-15
2256.301886792453,2.8408090291739316e-15
2256.4528301886794,7.768257316039113e-15
2256.603773584906,-5.720807725615157e-15
2256.754716981132,1.2594405202255948e-14
2256.9056603773583,-9.831138901850218e-16
2257.056603773585,3.2617863720442073e-16
2257.2075471698113,1.0189715068579613e-14
2257.3584905660377,-1.4621967295401136e-15
2257.509433962264,1.786300798258229e-15
2257.6603773584907,9.668062440348812e-15
2257.811320754717,-2.510303329776255e-15
2257.9622641509436,3.575636275540386e-15
2258.1132075471696,8.959366933622097e-15
2258.264150943396,-4.449456914747024e-15
2258.4150943396226,8.789867224131918e-15
2258.566037735849,8.916787839542816e-16
2258.7169811320755,5.6695970948145335e-15
2258.867924528302,-2.4553885530660835e-15
2259.0188679245284,1.255495504087705e-14
2259.169811320755,-5.758753092562066e-15
2259.3207547169814,8.021049730266172e-15
2259.4716981132074,4.236080557504928e-15
2259.622641509434,-9.070260468043306e-16
2259.7735849056603,7.33112852215841e-15
2259.9245283018868,1.559532504137522e-15
2260.0754716981132,3.2368731117208294e-15
2260.2264150943397,3.740615343719056e-15
2260.377358490566,3.6671829343135435e-15
2260.5283018867926,2.4098681276817052e-15
2260.6792452830186,4.12253203615719e-15
2260.830188679245,3.187783470108452e-15
2260.9811320754716,3.0711658347670057e-15
2261.132075471698,3.58610013203022e-15
2261.2830188679245,3.431945549854763e-15
2261.433962264151,3.0980193511933587e-15
2261.5849056603774,3.5617683748735e-15
2261.735849056604,3.2925514069526863e-15
2261.8867924528304,3.4456031167841675e-15
2262.0377358490564,3.2098990706940427e-15
2262.188679245283,3.498606718603975e-15
2262.3396226415093,3.4503755662295437e-15
2262.490566037736,3.23316021033952e-15
2262.6415094339623,3.1739045213197755e-15
2262.7924528301887,4.256736870645234e-15
2262.943396226415,2.2349322822678767e-15
2263.0943396226417,3.860706303076794e-15
2263.245283018868,4.1905672010548335e-15
2263.396226415094,2.3090949631091613e-15
2263.5471698113206,2.588295790938813e-15
2263.698113207547,7.536605324563727e-15
2263.8490566037735,-2.8441830744617127e-15
2264.0,8.576704278603131e-15
2264.1509433962265,1.9056038948675397e-15
2264.301886792453,1.2708151092526617e-15
2264.4528301886794,7.51132980846527e-15
2264.603773584906,-1.4469018871433023e-15
2264.754716981132,9.388670009337946e-15
2264.9056603773583,-4.082524335208557e-15
2265.056603773585,1.1283721191198263e-14
2265.2075471698113,-1.5899730074474366e-15
2265.3584905660377,2.4779392327800274e-15
2265.509433962264,1.0909156679718586e-14
2265.6603773584907,-7.327998020996033e-15
2265.811320754717,1.238243363642252e-14
2265.9622641509436,1.406593239570614e-16
2266.1132075471696,9.976125156482267e-16
2266.264150943396,8.739753940732395e-15
2266.4150943396226,-1.1551071407624586e-15
2266.566037735849,5.7757717608536635e-15
2266.7169811320755,2.786413335947793e-15
2266.867924528302,4.232142658882179e-15
2267.0188679245284,1.6364710345906289e-15
2267.169811320755,5.929413006019003e-15
2267.3207547169814,1.7436441027289418e-15
2267.4716981132074,3.711378029910651e-15
2267.622641509434,4.076868754733985e-15
2267.7735849056603,3.893789648807941e-15
2267.9245283018868,9.417342997348864e-16
2268.0754716981132,6.979389947411809e-15
2268.2264150943397,2.2953677301913525e-15
2268.377358490566,2.237390152493212e-16
2268.5283018867926,9.534155384623684e-15
2268.6792452830186,-1.627488812357112e-16
2268.830188679245,6.046043447608648e-16
2268.9811320754716,1.2709588151205708e-14
2269.132075471698,-7.84107692535749e-15
2269.2830188679245,1.3009394405573094e-14
2269.433962264151,-2.7776468253407026e-15
2269.5849056603774,7.393684645389477e-15
2269.735849056604,1.4259308392150739e-15
2269.8867924528304,3.806282093808198e-15
2270.0377358490564,5.082364521819551e-15
2270.188679245283,9.167200887832848e-16
2270.3396226415093,6.5001829024371914e-15
2270.490566037736,2.1586788404176186e-16
2270.6415094339623,7.568254852168678e-15
2270.7924528301887,-1.0952921222488771e-16
2270.943396226415,4.303024905708379e-15
2271.0943396226417,7.421757981902664e-15
2271.245283018868,-2.819577860784019e-15
2271.396226415094,7.156441227368756e-15
2271.5471698113206,7.0169061688926694e-15
2271.698113207547,-6.147725610783397e-15
2271.8490566037735,1.4667082736706535e-14
2272.0,-4.353764195247434e-15
2272.1509433962265,7.688395320497079e-15
2272.301886792453,9.62444656736119e-16
2272.4528301886794,6.6264753800524226e-15
2272.603773584906,1.2028162152072373e-15
2272.754716981132,2.256729193672684e-15
2272.9056603773583,1.0682802310947993e-14
2273.056603773585,-7.741092934241364e-15
2273.2075471698113,1.465340226015988e-14
2273.3584905660377,-2.096529277841307e-15
2273.509433962264,1.4834541554837204e-15
2273.6603773584907,1.2115751105261651e-14
2273.811320754717,-6.733757241855745e-15
2273.9622641509436,1.1083709462445158e-14
2274.1132075471696,1.401001737554529e-15
2274.264150943396,1.4222782285719044e-15
2274.4150943396226,7.879623221203635e-15
2274.566037735849,-6.462631286664445e-16
2274.7169811320755,7.157626632908015e-15
2274.867924528302,1.1382487580633403e-15
2275.0188679245284,4.981018755106128e-15
2275.169811320755,3.0784580833605576e-15
2275.3207547169814,5.0222061698086436e-15
2275.4716981132074,-3.3888280084419835e-16
2275.622641509434,1.0602393033495362e-14
2275.7735849056603,-4.033070658192932e-15
2275.9245283018868,8.547568081712751e-15
2276.0754716981132,4.238768351295385e-15
2276.2264150943397,-2.0328965889588746e-15
2276.377358490566,1.103498297987797e-14
2276.5283018867926,-5.149198919573432e-16
2276.6792452830186,1.834723507693001e-15
2276.830188679245,1.024342257689924e-14
2276.9811320754716,-2.4788332156421094e-15
2277.132075471698,3.995045771412881e-15
2277.2830188679245,1.1231753656381512e-14
2277.433962264151,-8.522897938705074e-15
2277.5849056603774,1.4937016181951754e-14
2277.735849056604,-3.1825239302870846e-15
2277.8867924528304,7.974642410126253e-15
2278.0377358490564,-1.980929044018244e-15
2278.188679245283,1.1659241671110576e-14
2278.3396226415093,-1.759854571638012e-15
2278.490566037736,1.0255205515937988e-15
2278.6415094339623,1.4461300359142103e-14
2278.7924528301887,-7.300078549973166e-15
2278.943396226415,5.958238888671443e-15
2279.0943396226417,1.2604322151994615e-14
2279.245283018868,-9.402213729201608e-15
2279.396226415094,1.1414580204487573e-14
2279.5471698113206,5.5011597198164625e-15
2279.698113207547,-2.1540176922994343e-15
2279.8490566037735,4.572322297405791e-15
2280.0,1.2522101340726375e-14
2280.1509433962265,-1.0105639406345386e-14
2280.301886792453,1.340512587092299e-14
2280.4528301886794,4.56787979620613e-15
2280.603773584906,-5.925772317983772e-15
2280.754716981132,1.555129487421738e-14
2280.9056603773583,-4.1897815187620356e-15
2281.056603773585,7.260985562796262e-15
2281.2075471698113,1.4923255687162282e-15
2281.3584905660377,7.696732742583169e-15
2281.509433962264,-8.409533879343781e-16
2281.6603773584907,5.854975995931508e-15
2281.811320754717,6.256089956751481e-15
2281.9622641509436,-1.1050102198047405e-15
2282.1132075471696,6.153614719142169e-15
2282.264150943396,8.417030538784504e-15
2282.4150943396226,-8.090351675012252e-15
2282.566037735849,1.8946810307085366e-14
2282.7169811320755,-8.717438605248615e-15
2282.867924528302,1.0000454826478276e-14
2283.0188679245284,3.903710643126524e-15
2283.169811320755,7.430398642397786e-16
2283.3207547169814,5.965765983659087e-15
2283.4716981132074,5.217645758970821e-15
2283.622641509434,-1.0075980959909905e-15
2283.7735849056603,1.0057431483234313e-14
2283.9245283018868,-1.1503251127450563e-15
2284.0754716981132,6.2804871319776366e-15
2284.2264150943397,4.091540536010185e-15
2284.377358490566,1.0512613578921323e-15
2284.5283018867926,9.505300538738724e-15
2284.6792452830186,-3.9623389680378984e-15
2284.830188679245,1.1438741246047618e-14
2284.9811320754716,-5.979536346809113e-16
2285.132075471698,4.91539994167115e-15
2285.2830188679245,3.618938384880678e-15
2285.433962264151,6.023453905194292e-15
2285.5849056603774,9.642206678149996e-16
2285.735849056604,2.6630641393342747e-15
2285.8867924528304,1.397460215333058e-14
2286.0377358490564,-1.4303897032606434e-14
2286.188679245283,2.2703560612030776e-14
2286.3396226415093,-5.452283688221044e-15
2286.490566037736,-1.166950137873037e-15
2286.6415094339623,1.8800531238373566e-14
2286.7924528301887,-9.35130847991852e-15
2286.943396226415,6.218123548736725e-15
2287.0943396226417,1.2503394007185294e-14
2287.245283018868,-6.5979693607449485e-15
2287.396226415094,6.775673395247647e-15
2287.5471698113206,1.1247707253651215e-14
2287.698113207547,-7.875740491320448e-15
2287.8490566037735,1.2286418064465933e-14
2288.0,3.110070127604931e-15
2288.1509433962265,-1.079086674371094e-15
2288.301886792453,1.0307165518563262e-14
2288.4528301886794,2.9115621024782886e-16
2288.603773584906,3.2633414960682167e-15
2288.754716981132,8.300400295515064e-15
2288.9056603773583,-1.5445939671059943e-15
2289.056603773585,7.758717138072144e-15
2289.2075471698113,3.798789897098683e-15
2289.3584905660377,6.140992224998576e-16
2289.509433962264,9.302782781885932e-15
2289.6603773584907,-1.4167419334017306e-15
2289.811320754717,8.416125699105805e-15
2289.9622641509436,6.714974792977622e-16
2290.1132075471696,6.58710188109258e-15
2290.264150943396,1.776080569240192e-15
2290.4150943396226,6.129575260420946e-15
2290.566037735849,1.8258447290627086e-15
2290.7169811320755,6.317674928671808e-15
2290.867924528302,1.710669705798848e-15
2291.0188679245284,6.1065388767233284e-15
2291.169811320755,2.289453709790219e-15
2291.3207547169814,5.548105784518006e-15
2291.4716981132074,2.4175233754267363e-15
2291.622641509434,5.9500412949423616e-15
2291.7735849056603,1.941898135942221e-15
2291.9245283018868,5.980947832851875e-15
2292.0754716981132,2.504609095011631e-15
2292.2264150943397,5.3230998492815505e-15
2292.377358490566,2.6564713523390437e-15
2292.5283018867926,5.8636673355361215e-15
2292.6792452830186,1.974400084140466e-15
2292.830188679245,5.98629980993953e-15
2292.9811320754716,2.645191035208325e-15
2293.132075471698,5.1412906139823066e-15
2293.2830188679245,2.8294186216005258e-15
2293.433962264151,5.913984018456956e-15
2293.5849056603774,1.8244914712798483e-15
2293.735849056604,6.111761152261073e-15
2293.8867924528304,2.8252683438685405e-15
2294.0377358490564,4.805247757500813e-15
2294.188679245283,3.0680843755433137e-15
2294.3396226415093,6.170428700402033e-15
2294.490566037736,1.2839630093150687e-15
2294.6415094339623,6.4152778938941006e-15
2294.7924528301887,3.399263834062851e-15
2294.943396226415,3.699156017183466e-15
2295.0943396226417,3.607372688536856e-15
2295.245283018868,7.320906042050858e-15
2295.396226415094,-7.821382868695329e-16
2295.5471698113206,6.936737373790914e-15
2295.698113207547,6.723487080357861e-15
2295.8490566037735,-2.5237651139566515e-15
2296.0,8.712885793400197e-15
2296.1509433962265,7.802013372945196e-15
2296.301886792453,-8.178031409562154e-15
2296.4528301886794,1.900678888343673e-14
2296.603773584906,-5.5335459569266264e-15
2296.754716981132,5.8331855656445755e-15
2296.9056603773583,6.633587918328675e-15
2297.056603773585,4.149248067687473e-15
2297.2075471698113,-1.7328791760979881e-15
2297.3584905660377,1.370018350376499e-14
2297.509433962264,-3.0154808509374213e-15
2297.6603773584907,4.060428373764791e-15
2297.811320754717,1.208347164889406e-14
2297.9622641509436,-7.195535105866083e-15
2298.1132075471696,1.282221599044182e-14
2298.264150943396,2.8427800276381848e-15
2298.4150943396226,-2.1242879316717497e-15
2298.566037735849,1.4635734555243174e-14
2298.7169811320755,-5.489448902147113e-15
2298.867924528302,1.0678199793907588e-14
2299.0188679245284,-3.155669424668753e-16
2299.169811320755,9.486370457617023e-15
2299.3207547169814,-1.8187383929504667e-15
2299.4716981132074,7.454545525886978e-15
2299.622641509434,7.443076512180496e-15
2299.7735849056603,-4.770789993644551e-15
2299.9245283018868,1.3986205800317489e-14
2300.0754716981132,-1.1247816492512328e-15
2300.2264150943397,4.056835496983906e-15
2300.377358490566,7.563812831310075e-15
2300.5283018867926,2.5088357387389356e-16
2300.6792452830186,8.933378584930433e-15
2300.830188679245,-2.4007924444605466e-15
2300.9811320754716,1.2527259439513772e-14
2301.132075471698,-2.0765116025151004e-15
2301.2830188679245,4.0850287454393406e-15
2301.433962264151,1.2557841389805525e-14
2301.5849056603774,-8.167007509382632e-15
2301.735849056604,1.3480036001531901e-14
2301.8867924528304,3.6664167976489964e-15
2302.0377358490564,-2.3453878820903288e-15
2302.188679245283,1.1141972294340442e-14
2302.3396226415093,3.673942317873833e-15
2302.490566037736,-8.983582915177463e-16
2302.6415094339623,8.117563000644882e-15
2302.7924528301887,9.20740795231852e-15
2302.943396226415,-9.69455988174368e-15
2303.0943396226417,2.032169169827006e-14
2303.245283018868,-5.488939078868958e-15
2303.396226415094,5.9003545495852584e-15
2303.5471698113206,5.6691738350758536e-15
2303.698113207547,7.090398587130592e-15
2303.8490566037735,-4.5227702564319875e-15
2304.0,1.4794149078066897e-14
2304.1509433962265,-1.364709937657522e-15
2304.301886792453,3.1157150831043134e-15
2304.4528301886794,8.716627175451213e-15
2304.603773584906,2.8650074359940516e-15
2304.754716981132,3.236904115254257e-16
2304.9056603773583,1.1308448109229541e-14
2305.056603773585,-1.1367865491637746e-15
2305.2075471698113,7.070720239069241e-15
2305.3584905660377,2.2212778325065003e-15
2305.509433962264,7.85248236163789e-15
2305.6603773584907,1.5172969786733103e-15
2305.811320754717,2.3335249695120718e-15
2305.9622641509436,1.3176012051869921e-14
2306.1132075471696,-7.536013085830334e-15
2306.264150943396,1.2527875881796721e-14
2306.4150943396226,4.9488058312566436e-15
2306.566037735849,-3.8096197095075045e-15
2306.7169811320755,1.453658653097208e-14
2306.867924528302,-2.3913938308367086e-15
2307.0188679245284,7.311232273434034e-15
2307.169811320755,2.334710826151448e-15
2307.3207547169814,7.614234203893169e-15
2307.4716981132074,2.3277784214638407e-15
2307.622641509434,1.4113835785121963e-15
2307.7735849056603,1.3561743002293619e-14
2307.9245283018868,-6.937501145999109e-15
2308.0754716981132,1.241266510692954e-14
2308.2264150943397,2.6865900995536165e-15
2308.377358490566,1.5923368058036968e-15
2308.5283018867926,8.291244486155102e-15
2308.6792452830186,1.89448434295439e-15
2308.830188679245,5.8445248575788586e-15
2308.9811320754716,3.5135367516867697e-15
2309.132075471698,4.604415971313048e-15
2309.2830188679245,6.170592010430705e-15
2309.433962264151,1.070106951841539e-15
2309.5849056603774,7.635918029680896e-15
2309.735849056604,3.9440323637739515e-15
2309.8867924528304,1.305623126940126e-15
2310.0377358490564,1.1012275284977887e-14
2310.188679245283,-4.375150832106485e-15
2310.3396226415093,1.454583654953848e-14
2310.490566037736,-5.394096268779999e-15
2310.6415094339623,1.3158492890589573e-14
2310.7924528301887,-2.643648253102943e-15
2310.943396226415,1.0467011780447619e-14
2311.0943396226417,-3.15898897801846e-16
2311.245283018868,8.060484068908665e-15
2311.396226415094,1.9231766171112174e-15
2311.5471698113206,7.165063304144366e-15
2311.698113207547,1.3225823023988399e-15
2311.8490566037735,7.452661923982477e-15
2312.0,3.633898076910799e-15
2312.1509433962265,2.430293454937881e-15
2312.301886792453,8.950790749924645e-15
2312.4528301886794,-1.4615760875111042e-16
2312.603773584906,7.614798021745818e-15
2312.754716981132,3.884753977610227e-15
2312.9056603773583,3.496536476275594e-15
2313.056603773585,5.8888858699670044e-15
2313.2075471698113,4.272197126348749e-15
2313.3584905660377,3.808758957244359e-15
2313.509433962264,4.787225827362113e-15
2313.6603773584907,7.091985747217533e-15
2313.811320754717,-1.2833583294282858e-15
2313.9622641509436,1.1954466253258438e-14
2314.1132075471696,-1.5304697789658513e-15
2314.264150943396,8.395565999745637e-15
2314.4150943396226,1.9596510506946433e-15
2314.566037735849,7.526296968849819e-15
2314.7169811320755,1.7291654309060078e-15
2314.867924528302,5.5684229326249545e-15
2315.0188679245284,6.908541655798481e-15
2315.169811320755,-1.2683585494494334e-16
2315.3207547169814,9.377511883752021e-15
2315.4716981132074,1.9865439830659274e-15
2315.622641509434,4.91023831852579e-15
2315.7735849056603,5.222268145555238e-15
2315.9245283018868,4.703940375943716e-15
2316.0754716981132,4.104876157650047e-15
2316.2264150943397,3.796142773416106e-15
2316.377358490566,8.48622376623711e-15
2316.5283018867926,-1.7743122113146564e-15
2316.6792452830186,1.1617746834285628e-14
2316.830188679245,-8.48375972277591e-16
2316.9811320754716,7.868933918150159e-15
2317.132075471698,3.605838615878996e-15
2317.2830188679245,4.539139937347375e-15
2317.433962264151,4.417139442404815e-15
2317.5849056603774,6.624737602992905e-15
2317.735849056604,1.587087122907585e-15
2317.8867924528304,6.279126238792025e-15
2318.0377358490564,7.226028884423069e-15
2318.188679245283,-1.5956572600597044e-15
2318.3396226415093,1.0968161966153474e-14
2318.490566037736,2.50724368780487e-15
2318.6415094339623,2.2711090874821655e-15
2318.7924528301887,8.247086996556138e-15
2318.943396226415,4.542994512053334e-15
2319.0943396226417,-1.3296044702266457e-16
2319.245283018868,1.250629416904423e-14
2319.396226415094,-2.4066658027678223e-15
2319.5471698113206,9.114979032689766e-15
2319.698113207547,2.5746311401894654e-15
2319.8490566037735,6.588740677681639e-15
2320.0,1.937322214774938e-15
2320.1509433962265,8.0737172452427e-15
2320.301886792453,2.340432994395547e-15
2320.4528301886794,5.370138863589076e-15
2320.603773584906,5.19288603538446e-15
2320.754716981132,5.1026229921274864e-15
2320.9056603773583,2.5466474121473486e-15
2321.056603773585,7.63663290682857e-15
2321.2075471698113,4.242244324535879e-15
2321.3584905660377,9.486433510363567e-16
2321.509433962264,1.1615145796790505e-14
2321.6603773584907,-9.40979862991393e-16
2321.811320754717,5.878816708319844e-15
2321.9622641509436,8.327261226826051e-15
2322.1132075471696,-1.9509032337274073e-16
2322.264150943396,8.139242634186781e-15
2322.4150943396226,3.3277787748005618e-15
2322.566037735849,6.604982387753431e-15
2322.7169811320755,1.480466985367e-15
2322.867924528302,7.377586163297693e-15
2323.0188679245284,7.216414382763451e-15
2323.169811320755,-4.067107684806735e-15
2323.3207547169814,1.639003761794298e-14
2323.4716981132074,-2.5979433834232177e-15
2323.622641509434,3.627553441402005e-15
2323.7735849056603,1.3664181165521189e-14
2323.9245283018868,-6.6379642416215244e-15
2324.0754716981132,1.4336573039798068e-14
2324.2264150943397,-1.2378321288255043e-15
2324.377358490566,8.876428937349994e-15
2324.5283018867926,1.2216283355651265e-15
2324.6792452830186,8.522075841335945e-15
2324.830188679245,1.5852813116346233e-15
2324.9811320754716,7.853532399456758e-15
2325.132075471698,1.4030027836893686e-15
2325.2830188679245,8.965336412711898e-15
2325.433962264151,1.7088050094282614e-15
2325.5849056603774,4.9515601580427386e-15
2325.735849056604,8.360175670149819e-15
2325.8867924528304,5.792044542988122e-16
2326.0377358490564,5.470112868029358e-15
2326.188679245283,1.1238576626289828e-14
2326.3396226415093,-7.39216171949276e-15
2326.490566037736,1.8507197874204994e-14
2326.6415094339623,-5.296256021024897e-15
2326.7924528301887,1.0589939666321468e-14
2326.943396226415,1.2575634761301306e-15
2327.0943396226417,9.42386361227949e-15
2327.245283018868,-2.857427013983806e-16
2327.396226415094,7.648796841392745e-15
2327.5471698113206,7.78997290620627e-15
2327.698113207547,-3.0987323363407264e-15
2327.8490566037735,1.4256862995044215e-14
2328.0,-1.721376350282669e-15
2328.1509433962265,8.290877164798605e-15
2328.301886792453,2.953346086529172e-15
2328.4528301886794,6.6860125794747215e-15
2328.603773584906,5.307640330661402e-15
2328.754716981132,1.6130385561291915e-17
2328.9056603773583,1.4381983067975053e-14
2329.056603773585,-5.841961688367083e-15
2329.2075471698113,1.4127704616640584e-14
2329.3584905660377,-1.6781079760583434e-15
2329.509433962264,9.657941051667388e-15
2329.6603773584907,2.597265410708009e-15
2329.811320754717,3.566775433835084e-15
2329.9622641509436,1.14064946608358e-14
2330.1132075471696,-5.752116327143751e-15
2330.264150943396,1.7589052550280742e-14
2330.4150943396226,-5.794375540054911e-15
2330.566037735849,1.0147296385544066e-14
2330.7169811320755,8.250623775118548e-15
2330.867924528302,-6.2537718610559884e-15
2331.0188679245284,2.0512596364496995e-14
2331.169811320755,-9.754746802726193e-15
2331.3207547169814,1.6362866124009115e-14
2331.4716981132074,-3.2768345070821802e-15
2331.622641509434,1.1878802677705977e-14
2331.7735849056603,-6.390227978863717e-16
2331.9245283018868,8.475202743045451e-15
2332.0754716981132,4.643165363964962e-15
2332.2264150943397,3.201257058454692e-15
2332.377358490566,7.401972501930213e-15
2332.5283018867926,3.5344602368417865e-15
2332.6792452830186,5.556996868304236e-15
2332.830188679245,5.3106739975481596e-15
2332.9811320754716,4.081684631369424e-15
2333.132075471698,6.954081370484325e-15
2333.2830188679245,3.004360310304773e-15
2333.433962264151,5.6701522173307326e-15
2333.5849056603774,7.206791046002814e-15
2333.735849056604,1.1232926129791885e-15
2333.8867924528304,8.204408133527744e-15
2334.0377358490564,5.306355197452347e-15
2334.188679245283,1.020149388475131e-15
2334.3396226415093,1.2105014101984477e-14
2334.490566037736,-3.732760121353576e-15
2334.6415094339623,1.5066953370520453e-14
2334.7924528301887,-5.078954022286932e-15
2334.943396226415,1.44929114888978e-14
2335.0943396226417,-2.745725486360465e-15
2335.245283018868,1.142863714476315e-14
2335.396226415094,2.0081185805193752e-16
2335.5471698113206,9.049808604157877e-15
2335.698113207547,1.6149256092416059e-15
2335.8490566037735,8.824108134166988e-15
2336.0,1.4886936530215038e-15
2336.1509433962265,8.030670484492477e-15
2336.301886792453,3.480499690802425e-15
2336.4528301886794,6.022215555863964e-15
2336.603773584906,4.317605766248045e-15
2336.754716981132,6.525794009199975e-15
2336.9056603773583,3.4480650286619426e-15
2337.056603773585,6.256682047582058e-15
2337.2075471698113,6.0172690129104276e-15
2337.3584905660377,2.3633586891463157e-15
2337.509433962264,7.913064411754536e-15
2337.6603773584907,5.062694303673129e-15
2337.811320754717,3.1328750355262742e-15
2337.9622641509436,5.023759760231455e-15
2338.1132075471696,1.24250411522779e-14
2338.264150943396,-8.976723375955256e-15
2338.4150943396226,2.0068904290589882e-14
2338.566037735849,-2.584512374144856e-15
2338.7169811320755,3.1016037189725235e-15
2338.867924528302,1.294636576066581e-14
2339.0188679245284,-9.366990047937299e-17
2339.169811320755,2.216480827248397e-15
2339.3207547169814,1.6646085464783544e-14
2339.4716981132074,-9.483118017981406e-15
2339.622641509434,1.692424706636543e-14
2339.7735849056603,6.375287424361035e-17
2339.9245283018868,4.72118008141085e-15
2340.0754716981132,8.033189672026812e-15
2340.2264150943397,3.450892189155118e-15
2340.377358490566,4.818925257121983e-15
2340.5283018867926,7.269678687445812e-15
2340.6792452830186,3.1690103066789446e-15
2340.830188679245,6.260580404372801e-15
2340.9811320754716,5.522482241148089e-15
2341.132075471698,5.0312807073085595e-15
2341.2830188679245,3.4684441946890587e-15
2341.433962264151,1.0393452404988744e-14
2341.5849056603774,-2.1462893961812105e-15
2341.735849056604,1.2124379497083461e-14
2341.8867924528304,1.9725078710999847e-15
2342.0377358490564,4.1337077654305424e-15
2342.188679245283,9.618515559647221e-15
2342.3396226415093,3.66292776673849e-16
2342.490566037736,8.61658160586452e-15
2342.6415094339623,4.5538357188951355e-15
2342.7924528301887,4.4530719890091955e-15
2342.943396226415,5.470509720186672e-15
2343.0943396226417,8.129501467532518e-15
2343.245283018868,-7.836092127295291e-16
2343.396226415094,1.242139965782017e-14
2343.5471698113206,1.3805302484728514e-15
2343.698113207547,2.613107612603715e-15
2343.8490566037735,1.5176758139234648e-14
2344.0,-7.945270689699835e-15
2344.1509433962265,1.6189602156313518e-14
2344.301886792453,1.324496931879005e-15
2344.4528301886794,2.913870394483134e-15
2344.603773584906,9.568205937470679e-15
2344.754716981132,4.7237797424875755e-15
2344.9056603773583,6.470375667002141e-16
2345.056603773585,1.2487384469569989e-14
2345.2075471698113,1.334422212771132e-15
2345.3584905660377,2.3115144055664467e-15
2345.509433962264,1.536757494922677e-14
2345.6603773584907,-7.166998757402912e-15
2345.811320754717,1.487784007904686e-14
2345.9622641509436,2.356724835905069e-15
2346.1132075471696,2.6373645141503876e-15
2346.264150943396,1.039481259470214e-14
2346.4150943396226,1.8173374379636993e-15
2346.566037735849,6.397204589750729e-15
2346.7169811320755,5.294680039548365e-15
2346.867924528302,7.511058542600295e-15
2347.0188679245284,1.3572831134731634e-16
2347.169811320755,1.22968141004733e-14
2347.3207547169814,-8.024915887507976e-17
2347.4716981132074,7.897984311500025e-15
2347.622641509434,5.6007686232155666e-15
2347.7735849056603,3.4330103313065766e-15
2347.9245283018868,9.774241168727727e-15
2348.0754716981132,-1.8826154655348373e-15
2348.2264150943397,1.4013274071471138e-14
2348.377358490566,1.3416415529290384e-16
2348.5283018867926,3.8509728959868545e-15
2348.6792452830186,1.3259902268525528e-14
2348.830188679245,-3.8966131269074336e-15
2348.9811320754716,1.2083437168128707e-14
2349.132075471698,2.311988527077338e-15
2349.2830188679245,7.348251076450035e-15
2349.433962264151,3.302896846356104e-15
2349.5849056603774,6.6432461353666025e-15
2349.735849056604,8.49900385630335e-15
2349.8867924528304,-3.2930149746596516e-15
2350.0377358490564,1.7828835335197414e-14
2350.188679245283,-5.42566796413737e-15
2350.3396226415093,1.0851089776364782e-14
2350.490566037736,6.309523459439193e-15
2350.6415094339623,1.3912842523276388e-15
2350.7924528301887,9.292991007234828e-15
2350.943396226415,3.988076903709139e-15
2351.0943396226417,5.260211476123264e-15
2351.245283018868,5.980039858811073e-15
2351.396226415094,5.97043579553761e-15
2351.5471698113206,4.3058544127913665e-15
2351.698113207547,6.687183281983742e-15
2351.8490566037735,5.137270580635186e-15
2352.0,5.255508644369501e-15
2352.1509433962265,5.880878111514825e-15
2352.301886792453,5.793445564442627e-15
2352.4528301886794,4.641477223659545e-15
2352.603773584906,6.645407212773106e-15
2352.754716981132,4.947653519916532e-15
2352.9056603773583,5.474267018678592e-15
2353.056603773585,5.8956472674243226e-15
2353.2075471698113,5.8623616818551174e-15
2353.3584905660377,4.1824293458202005e-15
2353.509433962264,7.564613947056181e-15
2353.6603773584907,4.3106015969331454e-15
2353.811320754717,5.259939085377813e-15
2353.9622641509436,6.634847500580535e-15
2354.1132075471696,6.299869122090129e-15
2354.264150943396,1.1946207330346346e-15
2354.4150943396226,1.2921918269125792e-14
2354.566037735849,-1.2121883658115071e-15
2354.7169811320755,8.403613577126036e-15
2354.867924528302,7.779659494096552e-15
2355.0188679245284,5.256291082539161e-16
2355.169811320755,1.0530018559479786e-14
2355.3207547169814,2.7532823699211613e-15
2355.4716981132074,6.632910317042262e-15
2355.622641509434,5.154714199887529e-15
2355.7735849056603,6.64013367892398e-15
2355.9245283018868,4.03554160636696e-15
2356.0754716981132,7.171184482953108e-15
2356.2264150943397,4.814558045274053e-15
2356.377358490566,5.731123202313548e-15
2356.5283018867926,5.7898756876940335e-15
2356.6792452830186,5.920450888589168e-15
2356.830188679245,4.79435070314956e-15
2356.9811320754716,6.680419482101455e-15
2357.132075471698,5.265657832227915e-15
2357.2830188679245,5.0319689971319855e-15
2357.433962264151,6.857739222600744e-15
2357.5849056603774,5.155465321729165e-15
2357.735849056604,4.720418928711822e-15
2357.8867924528304,7.280911392196223e-15
2358.0377358490564,5.795715848940474e-15
2358.188679245283,2.0244443813245458e-15
2358.3396226415093,1.2178923375961024e-14
2358.490566037736,-3.341175611639309e-16
2358.6415094339623,7.8779777622545e-15
2358.7924528301887,8.384110833383307e-15
2358.943396226415,1.585678814048327e-18
2359.0943396226417,1.1517047305743732e-14
2359.245283018868,1.7455961413540274e-15
2359.396226415094,7.731096325543596e-15
2359.5471698113206,4.587374362792742e-15
2359.698113207547,7.17472913705732e-15
2359.8490566037735,3.3855116646813792e-15
2360.0,8.762827545850484e-15
2360.1509433962265,2.8555166698496184e-15
2360.301886792453,7.490869060500451e-15
2360.4528301886794,5.400442588232206e-15
2360.603773584906,5.8745003867740845e-15
2360.754716981132,3.627353799421077e-15
2360.9056603773583,1.124469939811933e-14
2361.056603773585,-1.981327649048046e-15
2361.2075471698113,1.2598130837133491e-14
2361.3584905660377,2.624932508404987e-15
2361.509433962264,4.781604986899662e-15
2361.6603773584907,9.177281798443783e-15
2361.811320754717,1.948747655800142e-15
2361.9622641509436,8.990770191578706e-15
2362.1132075471696,3.701046700042122e-15
2362.264150943396,5.947049995751461e-15
2362.4150943396226,8.18147446892536e-15
2362.566037735849,1.5483666646314035e-15
2362.7169811320755,9.706560546751065e-15
2362.867924528302,4.522681238419034e-15
2363.0188679245284,3.422325352709833e-15
2363.169811320755,1.1568352546022576e-14
2363.3207547169814,-2.3948785271669065e-15
2363.4716981132074,1.5034805921753353e-14
2363.622641509434,-2.5794192850013274e-15
2363.7735849056603,1.214629040973549e-14
2363.9245283018868,1.115152032190168e-15
2364.0754716981132,1.048856542582126e-14
2364.2264150943397,7.216652180735482e-16
2364.377358490566,9.578793446753618e-15
2364.5283018867926,5.9665603048653734e-15
2364.6792452830186,1.7387530614461928e-15
2364.830188679245,1.0657985008585292e-14
2364.9811320754716,4.325910454709084e-15
2365.132075471698,3.0482796047147988e-15
2365.2830188679245,1.0067720012439849e-14
2365.433962264151,4.5421698937523276e-15
2365.5849056603774,2.0987594670740608e-15
2365.735849056604,1.3429716711687365e-14
2365.8867924528304,-2.13942729365586e-15
2366.0377358490564,1.1395845054039541e-14
2366.188679245283,3.59001739764303e-15
2366.3396226415093,6.659294626786931e-15
2366.490566037736,3.661564367426481e-15
2366.6415094339623,1.1604214974206108e-14
2366.7924528301887,-2.8578283593103155e-15
2366.943396226415,1.4731538595173233e-14
2367.0943396226417,7.944046019838732e-16
2367.245283018868,4.784286070608534e-15
2367.396226415094,1.282296254259167e-14
2367.5471698113206,-3.5419873171486507e-15
2367.698113207547,1.3542292293528238e-14
2367.8490566037735,3.1678834888137396e-15
2368.0,3.3716842840363417e-15
2368.1509433962265,1.1885857553230939e-14
2368.301886792453,-7.085447366175067e-16
2368.4528301886794,1.0956198661866555e-14
2368.603773584906,3.522158020934875e-15
2368.754716981132,6.447628280159699e-15
2368.9056603773583,4.913350278331672e-15
2369.056603773585,1.0224687002905808e-14
2369.2075471698113,-2.2360664931841194e-15
2369.3584905660377,1.5357834749742535e-14
2369.509433962264,-6.603056403074318e-16
2369.6603773584907,8.21129209769584e-15
2369.811320754717,5.354322131505542e-15
2369.9622641509436,9.360458044025389e-15
2370.1132075471696,-1.5628003190085026e-15
2370.264150943396,1.356479029120041e-14
2370.4150943396226,4.718648966714275e-15
2370.566037735849,-1.9905137256243382e-15
2370.7169811320755,1.9778246503954653e-14
2370.867924528302,-7.28276419523685e-15
2371.0188679245284,1.509259494522111e-14
2371.169811320755,-2.646203227935601e-17
2371.3207547169814,1.1316180549876184e-14
2371.4716981132074,1.791589691036852e-15
2371.622641509434,5.843522437780572e-15
2371.7735849056603,1.2746621125507789e-14
2371.9245283018868,-5.140305061402036e-15
2372.0754716981132,1.5411160431000378e-14
2372.2264150943397,4.468306452948189e-15
2372.377358490566,-1.820968707669079e-15
2372.5283018867926,1.8569140243382582e-14
2372.6792452830186,-3.2553033557030155e-15
2372.830188679245,6.269530571691112e-15
2372.9811320754716,1.4524268601781335e-14
2373.132075471698,-5.5068239654539404e-15
2373.2830188679245,1.3706211170067237e-14
2373.433962264151,6.180403941393092e-15
2373.5849056603774,-1.2806780000409499e-15
2373.735849056604,1.6646697537497902e-14
2373.8867924528304,-3.078550156526112e-15
2374.0377358490564,1.0033401215959567e-14
2374.188679245283,8.807015108726646e-15
2374.3396226415093,-2.3563306901040315e-15
2374.490566037736,1.659304916966642e-14
2374.6415094339623,-1.9990714271344936e-15
2374.7924528301887,8.588522744611746e-15
2374.943396226415,8.831213208488965e-15
2375.0943396226417,1.2236549066301244e-15
2375.245283018868,9.646939140799379e-15
2375.396226415094,4.5415553543538334e-15
2375.5471698113206,7.85192122697121e-15
2375.698113207547,1.460165904048065e-15
2375.8490566037735,1.3622872425082268e-14
2376.0,-1.3207496384346086e-15
2376.1509433962265,9.824523749532711e-15
2376.301886792453,7.3526365535958e-15
2376.4528301886794,1.5862993164985088e-15
2376.603773584906,1.0915838534671048e-14
2376.754716981132,3.083544440421512e-15
2376.9056603773583,7.14929923241665e-15
2377.056603773585,6.06055556563381e-15
2377.2075471698113,6.3416101028175746e-15
2377.3584905660377,5.223987844389859e-15
2377.509433962264,7.537870523348232e-15
2377.6603773584907,4.839169884535827e-15
2377.811320754717,6.633038559779909e-15
2377.9622641509436,6.713280505225567e-15
2378.1132075471696,5.022444560692312e-15
2378.264150943396,6.620226855635016e-15
2378.4150943396226,7.190725162679058e-15
2378.566037735849,4.318110760694895e-15
2378.7169811320755,6.440903222649797e-15
2378.867924528302,9.518942351040095e-15
2379.0188679245284,-4.541494004793609e-16
2379.169811320755,1.282269470419466e-14
2379.3207547169814,3.3821097583726763e-15
2379.4716981132074,3.288009507718794e-15
2379.622641509434,1.3108408374371296e-14
2379.7735849056603,-7.572439047532486e-16
2379.9245283018868,9.312321366449898e-15
2380.0754716981132,7.80103423939988e-15
2380.2264150943397,2.3255244471405937e-15
2380.377358490566,8.461026582058802e-15
2380.5283018867926,7.666735145361588e-15
2380.6792452830186,1.5683748902592615e-15
2380.830188679245,1.2472047920479455e-14
2380.9811320754716,-1.4499898644261744e-15
2381.132075471698,1.6017897612847784e-14
2381.2830188679245,-5.335334566456692e-15
2381.433962264151,1.6699868415305277e-14
2381.5849056603774,1.1263425131828433e-16
2381.735849056604,7.31964230830788e-15
2381.8867924528304,7.042249804980151e-15
2382.0377358490564,7.746556214858787e-15
2382.188679245283,5.353100369571354e-16
2382.3396226415093,1.4246406992098926e-14
2382.490566037736,-3.28260841178594e-16
2382.6415094339623,8.38097251029026e-15
2382.7924528301887,9.056084109624934e-15
2382.943396226415,7.701937775256565e-16
2383.0943396226417,9.837069399344822e-15
2383.245283018868,9.403213238864468e-15
2383.396226415094,-5.537873320092705e-15
2383.5471698113206,2.32685854485451e-14
2383.698113207547,-8.455712177290034e-15
2383.8490566037735,1.1783056079776557e-14
2384.0,1.1749918739079345e-14
2384.1509433962265,-6.3174655985280476e-15
2384.301886792453,1.979775541011068e-14
2384.4528301886794,-3.927716016040892e-15
2384.603773584906,1.256416407070144e-14
2384.754716981132,2.084571442813073e-15
2384.9056603773583,1.0379265709603675e-14
2385.056603773585,1.5515982833970365e-15
2385.2075471698113,1.1278926147172413e-14
2385.3584905660377,1.814232012208875e-15
2385.509433962264,9.815035506738283e-15
2385.6603773584907,3.6781377491289e-15
2385.811320754717,8.629508391450269e-15
2385.9622641509436,3.3967333331026945e-15
2386.1132075471696,1.0442072539871056e-14
2386.264150943396,1.3090996649472674e-15
2386.4150943396226,1.0697732656817387e-14
2386.566037735849,4.1099850520138835e-15
2386.7169811320755,6.7942849170087e-15
2386.867924528302,4.3737534561299895e-15
2387.0188679245284,1.3593153147310403e-14
2387.169811320755,-6.830072692894043e-15
2387.3207547169814,2.114334847170522e-14
2387.4716981132074,-3.7937472652404506e-15
2387.622641509434,8.232886751394707e-15
2387.7735849056603,1.1222809457352609e-14
2387.9245283018868,-8.578832031569537e-16
2388.0754716981132,1.2375715792434896e-14
2388.2264150943397,2.3348336976106735e-15
2388.377358490566,8.785383943895757e-15
2388.5283018867926,5.874013991445524e-15
2388.6792452830186,3.9981743473139e-15
2388.830188679245,1.1166627783276308e-14
2388.9811320754716,1.7222861657676365e-15
2389.132075471698,7.733353834555808e-15
2389.2830188679245,9.490230163305216e-15
2389.433962264151,3.9248513577716213e-16
2389.5849056603774,1.236184396735199e-14
2389.735849056604,2.2813118929850067e-15
2389.8867924528304,8.796767627099452e-15
2390.0377358490564,4.259462956055652e-15
2390.188679245283,9.261331852610495e-15
2390.3396226415093,3.140108225363516e-15
2390.490566037736,8.861927486414739e-15
2390.6415094339623,5.24955557233531e-15
2390.7924528301887,7.478127931308829e-15
2390.943396226415,3.268672520797623e-15
2391.0943396226417,1.246431098895515e-14
2391.245283018868,-8.687387791073233e-16
2391.396226415094,1.2254365821732346e-14
2391.5471698113206,3.062748503878771e-15
2391.698113207547,8.609336772790196e-15
2391.8490566037735,3.844315342045812e-15
2392.0,8.871394802934786e-15
2392.1509433962265,6.759759842780697e-15
2392.301886792453,1.2605631937943097e-15
2392.4528301886794,1.5515371998372302e-14
2392.603773584906,-3.099186408479751e-15
2392.754716981132,1.3834885718180922e-14
2392.9056603773583,8.581987430430505e-16
2393.056603773585,1.1658044103010416e-14
2393.2075471698113,2.8076521923504578e-15
2393.3584905660377,4.548201753835016e-15
2393.509433962264,1.6439174054903868e-14
2393.6603773584907,-8.598421795651282e-15
2393.811320754717,1.9380901223412165e-14
2393.9622641509436,1.609193058222717e-15
2394.1132075471696,2.9586760404514116e-15
2394.264150943396,1.4029825748978442e-14
2394.4150943396226,-5.551154303942459e-16
2394.566037735849,1.1407420947215352e-14
2394.7169811320755,2.892388270170888e-15
2394.867924528302,9.252477168909845e-15
2395.0188679245284,5.28141516547596e-15
2395.169811320755,6.177843222752714e-15
2395.3207547169814,5.484224073035333e-15
2395.4716981132074,1.2900837894507917e-14
2395.622641509434,-5.8878391863742896e-15
2395.7735849056603,1.9582569894766503e-14
2395.9245283018868,5.112831683857159e-16
2396.0754716981132,1.6808338334159804e-15
2396.2264150943397,1.8754512339735644e-14
2396.377358490566,-5.583065196750252e-15
2396.5283018867926,1.265958321991469e-14
2396.6792452830186,7.076258741441622e-15
2396.830188679245,2.569592662999288e-15
2396.9811320754716,9.869308558511072e-15
2397.132075471698,6.084787279898666e-15
2397.2830188679245,4.229271468059618e-15
2397.433962264151,9.48193541461529e-15
2397.5849056603774,5.86953697485644e-15
2397.735849056604,3.0517573379839987e-15
2397.8867924528304,1.3440632278676656e-14
2398.0377358490564,-1.971299909346754e-16
2398.188679245283,8.665938868202588e-15
2398.3396226415093,1.1545066430073161e-14
2398.490566037736,-3.9893764779710355e-15
2398.6415094339623,1.7965648871223325e-14
2398.7924528301887,-1.3570830998088008e-15
2398.943396226415,1.0214444207329953e-14
2399.0943396226417,4.578630407637952e-15
2399.245283018868,9.687148657101525e-15
2399.396226415094,2.527092639986922e-15
2399.5471698113206,8.301194380267097e-15
2399.698113207547,1.0500614730379984e-14
2399.8490566037735,-2.998355658129054e-15
2400.0,1.8019901268788943e-14
2400.1509433962265,-1.9103177327170806e-15
2400.301886792453,9.994626871407356e-15
2400.4528301886794,7.02179155681626e-15
2400.603773584906,4.506281242947044e-15
2400.754716981132,1.0005074520268069e-14
2400.9056603773583,7.889835096465156e-16
2401.056603773585,1.4610184305120612e-14
2401.2075471698113,-4.902747120031627e-16
2401.3584905660377,8.90186170404834e-15
2401.509433962264,1.0032845746112979e-14
2401.6603773584907,1.0155585551559678e-15
2401.811320754717,9.313210679432562e-15
2401.9622641509436,9.020367861988168e-15
2402.1132075471696,1.892014871461964e-15
2402.264150943396,8.149707294975484e-15
2402.4150943396226,1.226828753985125e-14
2402.566037735849,-5.377946078474252e-15
2402.7169811320755,2.0288970303863636e-14
2402.867924528302,-3.907158915785973e-15
2403.0188679245284,1.2819244497918956e-14
2403.169811320755,2.7871845824039345e-15
2403.3207547169814,1.051292043609605e-14
2403.4716981132074,2.6682677860716986e-15
2403.622641509434,9.0895370752163e-15
2403.7735849056603,7.076721065918555e-15
2403.9245283018868,3.704519177270842e-15
2404.0754716981132,1.0781093047827937e-14
2404.2264150943397,2.7908614450439667e-15
2404.377358490566,9.01941447396581e-15
2404.5283018867926,7.126634942365622e-15
2404.6792452830186,2.8505586261039664e-15
2404.830188679245,1.2622596320558118e-14
2404.9811320754716,1.5337668181689093e-15
2405.132075471698,8.261507246107204e-15
2405.2830188679245,9.33285226885077e-15
2405.433962264151,1.5253760583287744e-15
2405.5849056603774,1.182793911927661e-14
2405.735849056604,3.144119998162287e-15
2405.8867924528304,8.693589191818923e-15
2406.0377358490564,5.321435694013283e-15
2406.188679245283,8.227438840942274e-15
2406.3396226415093,4.933000824999911e-15
2406.490566037736,8.38262227060888e-15
2406.6415094339623,5.411584820335581e-15
2406.7924528301887,7.684824887339984e-15
2406.943396226415,5.8029551605495576e-15
2407.0943396226417,7.770680740512787e-15
2407.245283018868,5.561657826554183e-15
2407.396226415094,7.801845679137533e-15
2407.5471698113206,5.863696402700477e-15
2407.698113207547,7.434197403649665e-15
2407.8490566037735,5.988025421312065e-15
2408.0,7.664140969922117e-15
2408.1509433962265,5.672015438921653e-15
2408.301886792453,7.729768171028332e-15
2408.4528301886794,5.997796386363128e-15
2408.603773584906,7.307477241936299e-15
2408.754716981132,6.0895806820375746e-15
2408.9056603773583,7.75445542493156e-15
2409.056603773585,5.459287365882364e-15
2409.2075471698113,7.96388846001723e-15
2409.3584905660377,6.000498007438155e-15
2409.509433962264,7.152790196925578e-15
2409.6603773584907,6.1314512405283416e-15
2409.811320754717,8.264726396539801e-15
2409.9622641509436,4.5190250897241934e-15
2410.1132075471696,8.730405917943192e-15
2410.264150943396,6.163648504258361e-15
2410.4150943396226,6.437251445731471e-15
2410.566037735849,5.923932242267074e-15
2410.7169811320755,1.1037906865124047e-14
2410.867924528302,-8.183621768639431e-16
2411.0188679245284,1.482883308315936e-14
2411.169811320755,2.242673785179529e-15
2411.3207547169814,5.659295671348465e-15
2411.4716981132074,1.2455431151042584e-14
2411.622641509434,5.991608559570066e-16
2411.7735849056603,9.17026679315101e-15
2411.9245283018868,1.0024454108423087e-14
2412.0754716981132,2.625439315484052e-16
2412.2264150943397,1.1928543827741344e-14
2412.377358490566,6.7912508559888055e-15
2412.5283018867926,1.8162543804907404e-15
2412.6792452830186,1.346989088527581e-14
2412.830188679245,1.959267261808849e-15
2412.9811320754716,9.442882586034381e-15
2413.132075471698,3.848956730435474e-15
2413.2830188679245,1.2779302601828756e-14
2413.433962264151,-1.7540712210525518e-15
2413.5849056603774,1.4801941519090997e-14
2413.735849056604,2.7318606955814572e-15
2413.8867924528304,6.4501417218523275e-15
2414.0377358490564,9.839084611951645e-15
2414.188679245283,3.422277778488159e-15
2414.3396226415093,9.738874083233757e-15
2414.490566037736,4.76425867268426e-15
2414.6415094339623,7.293893092282087e-15
2414.7924528301887,9.206158527546712e-15
2414.943396226415,1.8338821483638884e-15
2415.0943396226417,1.2117300789581309e-14
2415.245283018868,5.113836399029115e-15
2415.396226415094,2.5774248895352567e-15
2415.5471698113206,1.6476878582660197e-14
2415.698113207547,-4.5822731258721146e-15
2415.8490566037735,1.658863407559749e-14
2416.0,2.973025367686403e-16
2416.1509433962265,1.08447294374144e-14
2416.301886792453,4.719281944881883e-15
2416.4528301886794,7.737246781417273e-15
2416.603773584906,6.37804963450587e-15
2416.754716981132,8.391460253884296e-15
2416.9056603773583,4.397114022752729e-15
2417.056603773585,7.821837224772546e-15
2417.2075471698113,1.1012499356352806e-14
2417.3584905660377,-3.370057761868094e-15
2417.509433962264,2.021895215223013e-14
2417.6603773584907,-3.622422655247087e-15
2417.811320754717,9.758463873277934e-15
2417.9622641509436,1.2364728481256576e-14
2418.1132075471696,-2.7636068289765174e-15
2418.264150943396,1.4631944262395985e-14
2418.4150943396226,5.461401224442989e-15
2418.566037735849,2.067620963750829e-15
2418.7169811320755,1.452737273279348e-14
2418.867924528302,7.179152918376236e-16
2419.0188679245284,9.865103651870059e-15
2419.169811320755,5.990001421299039e-15
2419.3207547169814,8.678953037341529e-15
2419.4716981132074,2.665044802214043e-15
2419.622641509434,1.264955351061204e-14
2419.7735849056603,2.8771369534804573e-15
2419.9245283018868,7.190368165941953e-15
2420.0754716981132,8.85157900814897e-15
2420.2264150943397,7.91666450796658e-15
2420.377358490566,-8.576528961675305e-16
2420.5283018867926,1.9570901954287486e-14
2420.6792452830186,-2.623690898504866e-15
2420.830188679245,6.241039682553962e-15
2420.9811320754716,1.7286972290909003e-14
2421.132075471698,-3.7608245466663324e-15
2421.2830188679245,7.972736657453422e-15
2421.433962264151,1.74662508924261e-14
2421.5849056603774,-6.704224267897845e-15
2421.735849056604,1.2796346812113593e-14
2421.8867924528304,1.286765627652373e-14
2422.0377358490564,-4.145064069203974e-15
2422.188679245283,1.2123896725093585e-14
2422.3396226415093,1.4602088794974295e-14
2422.490566037736,-1.0743650916619342e-14
2422.6415094339623,2.4937068330542788e-14
2422.7924528301887,-1.259297607611551e-15
2422.943396226415,2.095379269477e-15
2423.0943396226417,2.0476199089609068e-14
2423.245283018868,-6.421890266568989e-15
2423.396226415094,1.3282810751346537e-14
2423.5471698113206,9.714440253474397e-15
2423.698113207547,-1.5748451718897692e-15
2423.8490566037735,1.6296705504015994e-14
2424.0,6.677666645534327e-16
2424.1509433962265,9.810939125945986e-15
2424.301886792453,6.4315509582480874e-15
2424.4528301886794,6.032304257219323e-15
2424.603773584906,1.0413961802833258e-14
2424.754716981132,7.967497371973489e-16
2424.9056603773583,1.382066218389622e-14
2425.056603773585,3.874126051957436e-15
2425.2075471698113,3.5021472334429124e-15
2425.3584905660377,1.646156927729717e-14
2425.509433962264,-4.218153608847024e-15
2425.6603773584907,1.553196688360958e-14
2425.811320754717,3.559806640037472e-15
2425.9622641509436,6.1203811900325406e-15
2426.1132075471696,1.0352929641127239e-14
2426.264150943396,2.7166380837813423e-15
2426.4150943396226,1.211586212551431e-14
2426.566037735849,1.592231024268952e-15
2426.7169811320755,1.1231512019577772e-14
2426.867924528302,6.1886377943544064e-15
2427.0188679245284,4.9547113227452156e-15
2427.169811320755,7.887459860401716e-15
2427.3207547169814,1.2682263114115343e-14
2427.4716981132074,-5.573075918077341e-15
2427.622641509434,2.03171834892451e-14
2427.7735849056603,2.05489636907068e-15
2427.9245283018868,3.0971020886301857e-17
2428.0754716981132,2.162273173711791e-14
2428.2264150943397,-6.182682218662775e-15
2428.377358490566,1.3130362788290017e-14
2428.5283018867926,7.493713815243794e-15
2428.6792452830186,5.221554217700554e-15
2428.830188679245,6.297675518753969e-15
2428.9811320754716,1.049550287596837e-14
2429.132075471698,3.841999312489318e-15
2429.2830188679245,8.431066257566825e-15
2429.433962264151,6.129950431892889e-15
2429.5849056603774,1.0838228273580318e-14
2429.735849056604,-7.043722245642079e-16
2429.8867924528304,1.6520972111208755e-14
2430.0377358490564,5.656142108037574e-16
2430.188679245283,7.605496036401576e-15
2430.3396226415093,1.1935883647025944e-14
2430.490566037736,1.2903543955391213e-15
2430.6415094339623,8.726310168982596e-15
2430.7924528301887,1.2002445821843883e-14
2430.943396226415,-1.8149817067383574e-15
2431.0943396226417,1.4515880402042198e-14
2431.245283018868,5.593437990078748e-15
2431.396226415094,3.1452078228424383e-15
2431.5471698113206,1.20117779429464e-14
2431.698113207547,6.007012768913672e-15
2431.8490566037735,3.561207718326273e-15
2432.0,1.2272591972562654e-14
2432.1509433962265,4.601476815123671e-15
2432.301886792453,4.692515548866017e-15
2432.4528301886794,1.421989793443971e-14
2432.603773584906,-2.364662934928285e-15
2432.754716981132,1.6211730604318432e-14
2432.9056603773583,7.944335478604639e-16
2433.056603773585,9.866509127205e-15
2433.2075471698113,7.671761511321781e-15
2433.3584905660377,4.037344188975036e-15
2433.509433962264,1.2546800026612183e-14
2433.6603773584907,-1.0137558405092553e-17
2433.811320754717,1.467804123067695e-14
2433.9622641509436,9.270059776542844e-16
2434.1132075471696,1.1536814790467027e-14
2434.264150943396,4.001296083713291e-15
2434.4150943396226,9.694387783572353e-15
2434.566037735849,5.572943942740427e-15
2434.7169811320755,7.232998367074406e-15
2434.867924528302,8.373871205646757e-15
2435.0188679245284,6.102603222248342e-15
2435.169811320755,6.772979498287931e-15
2435.3207547169814,8.606910728918388e-15
2435.4716981132074,7.31017529924096e-15
2435.622641509434,2.4918180748199724e-15
2435.7735849056603,1.7560089348419446e-14
2435.9245283018868,-7.265850448891733e-15
2436.0754716981132,2.2399115867783172e-14
2436.2264150943397,-5.517818016185335e-15
2436.377358490566,1.5378003322594604e-14
2436.5283018867926,4.069324756610363e-15
2436.6792452830186,5.9519474360027555e-15
2436.830188679245,1.1050080524893227e-14
2436.9811320754716,3.5108538020796534e-15
2437.132075471698,7.790490167638154e-15
2437.2830188679245,1.1055685479047355e-14
2437.433962264151,5.363197833132877e-16
2437.5849056603774,1.2918843124253674e-14
2437.735849056604,5.694127485881921e-15
2437.8867924528304,4.1845770812882694e-15
2438.0377358490564,1.2430108721155779e-14
2438.188679245283,2.5623584827010577e-15
2438.3396226415093,1.0388798623867995e-14
2438.490566037736,4.5543596639315086e-15
2438.6415094339623,1.0478157484858645e-14
2438.7924528301887,3.859077620405512e-15
2438.943396226415,9.11585757220902e-15
2439.0943396226417,7.155430176122224e-15
2439.245283018868,8.059075608768989e-15
2439.396226415094,1.8172010469398987e-15
2439.5471698113206,1.8474590804247668e-14
2439.698113207547,-6.276520931235087e-15
2439.8490566037735,1.6839625536381708e-14
2440.0,5.827974713477725e-15
2440.1509433962265,9.308118558600849e-16
2440.301886792453,1.7164591930266917e-14
2440.4528301886794,-1.7137114383684058e-15
2440.603773584906,1.271270388919726e-14
2440.754716981132,5.312639462147071e-15
2440.9056603773583,7.549015826848031e-15
2441.056603773585,5.8824064339986404e-15
2441.2075471698113,1.191068832350723e-14
2441.3584905660377,-8.95475563790049e-16
2441.509433962264,1.6433652731916262e-14
2441.6603773584907,1.594660635259161e-15
2441.811320754717,5.330180678627833e-15
2441.9622641509436,1.7267049320143986e-14
2442.1132075471696,-5.934495718835367e-15
2442.264150943396,1.5884528464580177e-14
2442.4150943396226,8.335988092902355e-15
2442.566037735849,-1.4103076082568884e-15
2442.7169811320755,1.5866214310540333e-14
2442.867924528302,5.7397919092207496e-15
2443.0188679245284,9.636449302435664e-16
2443.169811320755,1.685326138934185e-14
2443.3207547169814,-5.538602381126587e-16
2443.4716981132074,1.1776982977935638e-14
2443.622641509434,5.057960931784178e-15
2443.7735849056603,8.324338966538683e-15
2443.9245283018868,7.71404022308419e-15
2444.0754716981132,4.897703351822909e-15
2444.2264150943397,1.1246809401314385e-14
2444.377358490566,2.9574096666925552e-15
2444.5283018867926,1.130144924716108e-14
2444.6792452830186,3.689626636533794e-15
2444.830188679245,1.0202839474948312e-14
2444.9811320754716,6.410182661379423e-15
2445.132075471698,5.038754059761832e-15
2445.2830188679245,1.2054326604390156e-14
2445.433962264151,2.94462727974722e-15
2445.5849056603774,8.233408729967191e-15
2445.735849056604,1.086045098166866e-14
2445.8867924528304,9.465309471280044e-16
2446.0377358490564,1.3767635469532956e-14
2446.188679245283,2.6811470106013277e-15
2446.3396226415093,1.0063976218220322e-14
2446.490566037736,5.395576933687713e-15
2446.6415094339623,9.566835854515376e-15
2446.7924528301887,4.477190328867351e-15
2446.943396226415,1.029209496787203e-14
2447.0943396226417,5.048044132663967e-15
2447.245283018868,8.616839301671748e-15
2447.396226415094,6.575320071335126e-15
2447.5471698113206,8.640679702061809e-15
2447.698113207547,4.847359663406819e-15
2447.8490566037735,1.0310948326482381e-14
2448.0,5.826007510537377e-15
2448.1509433962265,5.932476679697444e-15
2448.301886792453,1.1189843686512136e-14
2448.4528301886794,3.5052113199012975e-15
2448.603773584906,8.473724748144343e-15
2448.754716981132,1.0606984699144264e-14
2448.9056603773583,-3.709328235573645e-16
2449.056603773585,1.821409422199844e-14
2449.2075471698113,-4.109120409962303e-15
2449.3584905660377,1.6632749533928877e-14
2449.509433962264,2.06624319300531e-15
2449.6603773584907,8.80808310110437e-15
2449.811320754717,8.295556553254196e-15
2449.9622641509436,5.660037572445091e-15
2450.1132075471696,8.827685500648045e-15
2450.264150943396,7.119027988010275e-15
2450.4150943396226,5.3037981336448966e-15
2450.566037735849,1.222382760154985e-14
2450.7169811320755,1.0208298559100912e-15
2450.867924528302,1.2760103267866361e-14
2451.0188679245284,4.8633232609194565e-15
2451.169811320755,6.915793423144937e-15
2451.3207547169814,1.0091058353726388e-14
2451.4716981132074,2.710954490982317e-15
2451.622641509434,1.4105807489025736e-14
2451.7735849056603,-3.297695607278835e-16
2451.9245283018868,1.3565429630951232e-14
2452.0754716981132,5.2243617449532135e-15
2452.2264150943397,5.308111116473186e-15
2452.377358490566,1.164361805842158e-14
2452.5283018867926,3.4848386743483235e-15
2452.6792452830186,1.0193568718944334e-14
2452.830188679245,4.897514362857251e-15
2452.9811320754716,1.0137732921920079e-14
2453.132075471698,5.654413779255721e-15
2453.2830188679245,6.3311957973269835e-15
2453.433962264151,1.1451977641419399e-14
2453.5849056603774,2.9882808501290915e-15
2453.735849056604,8.578718560095793e-15
2453.8867924528304,1.1504272723565322e-14
2454.0377358490564,-8.229506640044388e-16
2454.188679245283,1.6476160562579638e-14
2454.3396226415093,8.600234307670476e-16
2454.490566037736,1.0424921257226888e-14
2454.6415094339623,5.9671548294575065e-15
2454.7924528301887,1.1058226107799701e-14
2454.943396226415,-7.611378709130469e-16
2455.0943396226417,1.8908599636020264e-14
2455.245283018868,-3.0275463329842063e-15
2455.396226415094,1.2864277640988976e-14
2455.5471698113206,7.581216348000308e-15
2455.698113207547,4.8721112668904515e-15
2455.8490566037735,8.37498855637773e-15
2456.0,9.737629288020291e-15
2456.1509433962265,3.762748769187347e-15
2456.301886792453,9.433668906042122e-15
2456.4528301886794,7.810464763783655e-15
2456.603773584906,7.994136149311515e-15
2456.754716981132,1.4568522044219722e-15
2456.9056603773583,1.9982877090325694e-14
2457.056603773585,-7.26751176360757e-15
2457.2075471698113,1.763913971606952e-14
2457.3584905660377,5.6066073186133635e-15
2457.509433962264,2.446678507190657e-15
2457.6603773584907,1.5035787498063564e-14
2457.811320754717,4.453713158714852e-16
2457.9622641509436,1.3361017577260831e-14
2458.1132075471696,2.2351771968353755e-15
2458.264150943396,1.1735312296146424e-14
2458.4150943396226,5.158945188098534e-15
2458.566037735849,6.971917890222569e-15
2458.7169811320755,1.1323149640419913e-14
2458.867924528302,-1.2596954523750377e-16
2459.0188679245284,1.8269574094260666e-14
2459.169811320755,-3.982857047699767e-15
2459.3207547169814,1.5892520020408406e-14
2459.4716981132074,3.944385717344957e-15
2459.622641509434,8.404952246416412e-15
2459.7735849056603,4.4653461650825446e-15
2459.9245283018868,1.5369529935823175e-14
2460.0754716981132,-3.628335501203097e-15
2460.2264150943397,1.7455063091113433e-14
2460.377358490566,2.147386553298273e-15
2460.5283018867926,7.586891636491721e-15
2460.6792452830186,1.1079204083336747e-14
2460.830188679245,2.24989377659296e-15
2460.9811320754716,1.3003709461276689e-14
2461.132075471698,2.2260267692531524e-15
2461.2830188679245,1.2673520457567043e-14
2461.433962264151,2.2821429760461845e-15
2461.5849056603774,1.2020644030207027e-14
2461.735849056604,5.3814697239701455e-15
2461.8867924528304,5.850336528913042e-15
2462.0377358490564,1.2360667516637801e-14
2462.188679245283,2.2237630499860126e-15
2462.3396226415093,9.835527279076131e-15
2462.490566037736,1.0012447474904934e-14
2462.6415094339623,1.0149584196814035e-15
2462.7924528301887,1.474662801311437e-14
2462.943396226415,3.5178138062884607e-15
2463.0943396226417,6.049235247233626e-15
2463.245283018868,1.3221079859046945e-14
2463.396226415094,1.7786821115460423e-15
2463.5471698113206,8.835829465952602e-15
2463.698113207547,1.2222441362335531e-14
2463.8490566037735,-5.871273282714799e-16
2464.0,1.400243508865071e-14
2464.1509433962265,6.468044420430175e-15
2464.301886792453,3.473622721316572e-15
2464.4528301886794,1.2589304549850085e-14
2464.603773584906,6.3625708000268736e-15
2464.754716981132,2.469998517972708e-15
2464.9056603773583,1.716699169959922e-14
2465.056603773585,-2.0012496857315943e-15
2465.2075471698113,1.2269980727699538e-14
2465.3584905660377,8.980641619966558e-15
2465.509433962264,3.3501683646763182e-15
2465.6603773584907,8.61289851394157e-15
2465.811320754717,1.3186548106741473e-14
2465.9622641509436,-3.4011971732745883e-15
2466.1132075471696,1.9423181629457653e-14
2466.264150943396,-2.1817039385773493e-15
2466.4150943396226,1.4984648633342963e-14
2466.566037735849,1.8718336432230873e-15
2466.7169811320755,1.0394064381212278e-14
2466.867924528302,9.329880201531808e-15
2467.0188679245284,1.3563621558014947e-15
2467.169811320755,1.5465441696151876e-14
2467.3207547169814,9.726514001350791e-16
2467.4716981132074,1.1593354625766982e-14
2467.622641509434,5.710056746804762e-15
2467.7735849056603,7.675550761988019e-15
2467.9245283018868,9.413445044247261e-15
2468.0754716981132,3.47554038016484e-15
2468.2264150943397,1.3487606847194717e-14
2468.377358490566,9.088304380365857e-16
2468.5283018867926,1.3788916043637857e-14
2468.6792452830186,2.619712384614564e-15
2468.830188679245,1.0990335478820541e-14
2468.9811320754716,5.2715371275385246e-15
2469.132075471698,9.890911052633345e-15
2469.2830188679245,4.068940655810018e-15
2469.433962264151,1.2296833793078677e-14
2469.5849056603774,3.3988689096340677e-15
2469.735849056604,8.856449240501528e-15
2469.8867924528304,1.0036181263191175e-14
2470.0377358490564,3.577371328312482e-15
2470.188679245283,8.651957276754977e-15
2470.3396226415093,1.3587574716984702e-14
2470.490566037736,-6.061603961554629e-15
2470.6415094339623,2.4756644097593278e-14
2470.7924528301887,-6.463233954182323e-15
2470.943396226415,1.4047719950062738e-14
2471.0943396226417,7.574601286473734e-15
2471.245283018868,7.110662193580512e-15
2471.396226415094,2.980015238120114e-15
2471.5471698113206,1.7694974741298663e-14
2471.698113207547,-2.858191258717168e-15
2471.8490566037735,1.264025616995393e-14
2472.0,8.9543439039471e-15
2472.1509433962265,4.652044018728124e-15
2472.301886792453,6.1565981733737406e-15
2472.4528301886794,1.5057347348491118e-14
2472.603773584906,-1.6096448185899016e-15
2472.754716981132,1.255880075289203e-14
2472.9056603773583,9.207770366598563e-15
2473.056603773585,2.9162818901248118e-15
2473.2075471698113,9.455359525075931e-15
2473.3584905660377,1.1982138717806452e-14
2473.509433962264,-9.898079928012533e-16
2473.6603773584907,1.4605546802038395e-14
2473.811320754717,7.829551911896772e-15
2473.9622641509436,-9.487205927212201e-16
2474.1132075471696,1.99307469747923e-14
2474.264150943396,-6.297367600543121e-16
2474.4150943396226,5.971574807722674e-15
2474.566037735849,1.9173798763085272e-14
2474.7169811320755,-8.277134681092382e-15
2474.867924528302,2.1144168788218384e-14
2475.0188679245284,-2.6107025440739894e-16
2475.169811320755,1.1499942093056299e-14
2475.3207547169814,4.310665168401756e-15
2475.4716981132074,1.1430719884857886e-14
2475.622641509434,6.491736005205528e-15
2475.7735849056603,1.3311629377886481e-15
2475.9245283018868,2.330791900658213e-14
2476.0754716981132,-1.3528974724153498e-14
2476.2264150943397,2.598769624746496e-14
2476.377358490566,-1.92804051769581e-16
2476.5283018867926,3.165152648014054e-15
2476.6792452830186,1.9316900743743817e-14
2476.830188679245,-3.483649109869678e-15
2476.9811320754716,1.3669925009328138e-14
2477.132075471698,5.936999575817151e-15
2477.2830188679245,8.601563453614342e-15
2477.433962264151,5.30452888615771e-15
2477.5849056603774,1.021158962596467e-14
2477.735849056604,8.195861188338706e-15
2477.8867924528304,1.5328903303322352e-15
2478.0377358490564,1.8519640073344382e-14
2478.188679245283,-3.71719636719473e-15
2478.3396226415093,1.4667621859725572e-14
2478.490566037736,6.920183744474384e-15
2478.6415094339623,4.452935413455319e-15
2478.7924528301887,1.086043217429838e-14
2478.943396226415,5.97502823342506e-15
2479.0943396226417,1.043702040670693e-14
2479.245283018868,-1.1342930828230806e-16
2479.396226415094,2.083573736947739e-14
2479.5471698113206,-5.410799990826604e-15
2479.698113207547,1.2572013485913887e-14
2479.8490566037735,1.4904751802089545e-14
2480.0,-7.294280963967384e-15
2480.1509433962265,2.049103991349928e-14
2480.301886792453,4.452899816712519e-15
2480.4528301886794,1.8857001117303666e-15
2480.603773584906,1.5799330011382853e-14
2480.754716981132,3.156161336054764e-15
2480.9056603773583,8.085944525916512e-15
2481.056603773585,7.964491039588526e-15
2481.2075471698113,9.042521350567318e-15
2481.3584905660377,6.586405767516882e-15
2481.509433962264,4.142538110497787e-15
2481.6603773584907,1.802763552316277e-14
2481.811320754717,-6.4957063550212754e-15
2481.9622641509436,1.9439116406100468e-14
2482.1132075471696,3.051207315885216e-15
2482.264150943396,5.67042412165656e-15
2482.4150943396226,1.1767280062997924e-14
2482.566037735849,5.851091161920494e-15
2482.7169811320755,7.135232650963559e-15
2482.867924528302,7.226654620529374e-15
2483.0188679245284,1.202999111835166e-14
2483.169811320755,6.364297562232247e-16
2483.3207547169814,1.3492583736470033e-14
2483.4716981132074,5.868043892577151e-15
2483.622641509434,6.76276813228192e-15
2483.7735849056603,8.028873369499489e-15
2483.9245283018868,9.52133435909892e-15
2484.0754716981132,6.3760370118882655e-15
2484.2264150943397,3.749362932461471e-15
2484.377358490566,1.911315245950648e-14
2484.5283018867926,-7.445519845892574e-15
2484.6792452830186,1.9064370414519876e-14
2484.830188679245,5.5716774079571314e-15
2484.9811320754716,1.762229713154736e-15
2485.132075471698,1.5603221430968756e-14
2485.2830188679245,3.4597717506546996e-15
2485.433962264151,7.404203529018489e-15
2485.5849056603774,9.773652182672535e-15
2485.735849056604,6.442091081261411e-15
2485.8867924528304,9.006171461148861e-15
2486.0377358490564,3.048060171728308e-15
2486.188679245283,1.831508373938876e-14
2486.3396226415093,-7.616430042847312e-15
2486.490566037736,2.3154050686245318e-14
2486.6415094339623,-2.605199481000678e-15
2486.7924528301887,1.0565339698629902e-14
2486.943396226415,1.0471762468583679e-14
2487.0943396226417,4.666228684809484e-15
2487.245283018868,5.6224397885060094e-15
2487.396226415094,1.6952570763615966e-14
2487.5471698113206,-5.13117889581771e-15
2487.698113207547,1.76002410455905e-14
2487.8490566037735,5.225211544468986e-15
2488.0,5.1026709549351394e-15
2488.1509433962265,8.006856296478616e-15
2488.301886792453,1.617945472297447e-14
2488.4528301886794,-8.518178509718461e-15
2488.603773584906,2.3730774249389158e-14
2488.754716981132,1.1011546589162784e-15
2488.9056603773583,1.8095989877569796e-15
2489.056603773585,2.1864410179462914e-14
2489.2075471698113,-6.638541410528916e-15
2489.3584905660377,1.6963752255726962e-14
2489.509433962264,3.443257413014299e-15
2489.6603773584907,1.1494260745719218e-14
2489.811320754717,6.061033034891961e-16
2489.9622641509436,1.846224221827829e-14
2490.1132075471696,-3.0671454531259408e-15
2490.264150943396,1.454989351237537e-14
2490.4150943396226,6.935040156576446e-15
2490.566037735849,3.789997578741598e-15
2490.7169811320755,1.2960810796378876e-14
2490.867924528302,5.4862151555445305e-15
2491.0188679245284,4.514286201332626e-15
2491.169811320755,1.5675709855247777e-14
2491.3207547169814,-2.8680621327514415e-16
2491.4716981132074,1.0124205035178824e-14
2491.622641509434,1.4207719227285322e-14
2491.7735849056603,-5.131175693391522e-15
2491.9245283018868,2.0237503477543587e-14
2492.0754716981132,2.6490235960819645e-15
2492.2264150943397,3.4013137501447017e-15
2492.377358490566,1.769179665218769e-14
2492.5283018867926,-1.0040607417186947e-15
2492.6792452830186,1.089664479735443e-14
2492.830188679245,1.0315235701620707e-14
2492.9811320754716,2.2651463252647784e-15
2493.132075471698,1.4015587594713665e-14
2493.2830188679245,1.3616110133178274e-15
2493.433962264151,1.4522906712074417e-14
2493.5849056603774,9.773712189767886e-16
2493.735849056604,1.3792146636615349e-14
2493.8867924528304,3.646836411578102e-15
2494.0377358490564,9.264128706982043e-15
2494.188679245283,8.546539794792157e-15
2494.3396226415093,6.7019843695204515e-15
2494.490566037736,7.250281127872772e-15
2494.6415094339623,9.428321815289432e-15
2494.7924528301887,8.439512714770853e-15
2494.943396226415,1.480438260538783e-15
2495.0943396226417,1.968142032407934e-14
2495.245283018868,-5.998032452156208e-15
2495.396226415094,1.9238188310251238e-14
2495.5471698113206,6.012464820711967e-16
2495.698113207547,1.1608549309966448e-14
2495.8490566037735,5.115333897869862e-15
2496.0,1.1172067764488106e-14
2496.1509433962265,3.6285149594519296e-15
2496.301886792453,1.1098689715646017e-14
2496.4528301886794,7.17146066112475e-15
2496.603773584906,5.8681585898250675e-15
2496.754716981132,1.0031499046051908e-14
2496.9056603773583,7.591815288730864e-15
2497.056603773585,6.260362686479486e-15
2497.2075471698113,7.709091093612064e-15
2497.3584905660377,1.3648614500989882e-14
2497.509433962264,-4.884008561228314e-15
2497.6603773584907,2.369742433335057e-14
2497.811320754717,-4.950310283452884e-15
2497.9622641509436,1.3125089846211007e-14
2498.1132075471696,8.823946336725973e-15
2498.264150943396,5.994892436817237e-15
2498.4150943396226,5.362660478438852e-15
2498.566037735849,1.4911393521358344e-14
2498.7169811320755,2.7255506641354056e-16
2498.867924528302,1.1138108072310962e-14
2499.0188679245284,9.925530484771293e-15
2499.169811320755,2.92151761710962e-15
2499.3207547169814,1.1926886751471268e-14
2499.4716981132074,6.069297007096416e-15
2499.622641509434,8.162975018776326e-15
2499.7735849056603,7.291318942833646e-15
2499.9245283018868,8.930196686823259e-15
2500.0754716981132,7.0988480725362944e-15
2500.2264150943397,7.410752387103262e-15
2500.377358490566,8.71634087599094e-15
2500.5283018867926,7.995822791562028e-15
2500.6792452830186,6.26609334815716e-15
2500.830188679245,8.873071584926552e-15
2500.9811320754716,1.00356408985811e-14
2501.132075471698,1.7400487360259236e-15
2501.2830188679245,1.4921480437163155e-14
2501.433962264151,4.683335571874875e-15
2501.5849056603774,3.707558088657313e-15
2501.735849056604,1.821575698136775e-14
2501.8867924528304,-3.956972479398777e-15
2502.0377358490564,1.6265626548160162e-14
2502.188679245283,3.939248021755145e-15
2502.3396226415093,9.698006293963425e-15
2502.490566037736,5.255624645515104e-15
2502.6415094339623,1.1199952105303534e-14
2502.7924528301887,6.3247328456051865e-15
2502.943396226415,5.0554129341687434e-15
2503.0943396226417,1.4698950732686716e-14
2503.245283018868,2.0306496477110743e-16
2503.396226415094,1.231619623801819e-14
2503.5471698113206,8.253816081148594e-15
2503.698113207547,4.36447929448755e-15
2503.8490566037735,1.0772321117152259e-14
2504.0,8.343605302797244e-15
2504.1509433962265,3.169772567234434e-15
2504.301886792453,1.6143107518347062e-14
2504.4528301886794,-3.0059251887230973e-15
2504.603773584906,1.99049217130763e-14
2504.754716981132,-3.238943074582945e-15
2504.9056603773583,1.5506752310722042e-14
2505.056603773585,5.277669447823821e-15
2505.2075471698113,6.071908142170745e-15
2505.3584905660377,1.0690431761678224e-14
2505.509433962264,8.394231133998904e-15
2505.6603773584907,1.6039062047843536e-15
2505.811320754717,1.802651710480502e-14
2505.9622641509436,-1.1176459812909792e-15
2506.1132075471696,1.1349261407427704e-14
2506.264150943396,9.768979446071786e-15
2506.4150943396226,5.053147273916766e-15
2506.566037735849,6.897579152884438e-15
2506.7169811320755,1.3448725078462126e-14
2506.867924528302,1.1437219938769421e-15
2507.0188679245284,1.1507859486119148e-14
2507.169811320755,8.849784769836421e-15
2507.3207547169814,4.0155557438563955e-15
2507.4716981132074,1.1950977944381131e-14
2507.622641509434,5.16092483563199e-15
2507.7735849056603,8.780489802282787e-15
2507.9245283018868,9.187759174405412e-15
2508.0754716981132,4.0091136757358545e-15
2508.2264150943397,1.369746253881301e-14
2508.377358490566,2.133635514049743e-15
2508.5283018867926,1.1246778108198381e-14
2508.6792452830186,8.110008143241019e-15
2508.830188679245,4.55706566975836e-15
2508.9811320754716,1.2613730189551944e-14
2509.132075471698,4.1144778388984845e-15
2509.2830188679245,8.499493872218032e-15
2509.433962264151,1.1402593323192254e-14
2509.5849056603774,1.5023840578096116e-15
2509.735849056604,1.4127832524446537e-14
2509.8867924528304,4.910012076544667e-15
2510.0377358490564,6.285331653963812e-15
2510.188679245283,1.3055840751284478e-14
2510.3396226415093,2.0735867284850708e-15
2510.490566037736,1.1092978977361304e-14
2510.6415094339623,9.349423569623495e-15
2510.7924528301887,2.2997789424673288e-15
2510.943396226415,1.4622815031539444e-14
2511.0943396226417,4.4008131473687285e-15
2511.245283018868,4.828100457908155e-15
2511.396226415094,1.7550001898964826e-14
2511.5471698113206,-4.058148023930962e-15
2511.698113207547,1.5903634816986175e-14
2511.8490566037735,7.976936355979399e-15
2512.0,6.21338959528008e-16
2512.1509433962265,1.793242681907126e-14
2512.301886792453,-3.9206026842837777e-16
2512.4528301886794,1.2539283955880801e-14
2512.603773584906,6.554626609270674e-15
2512.754716981132,7.681121184423566e-15
2512.9056603773583,7.732577064094488e-15
2513.056603773585,9.808518221045326e-15
2513.2075471698113,5.001237252822496e-15
2513.3584905660377,9.165521958963483e-15
2513.509433962264,1.0922327778716536e-14
2513.6603773584907,1.0577898576113527e-15
2513.811320754717,1.490787424202176e-14
2513.9622641509436,4.8807388906580385e-15
2514.1132075471696,6.366139890239301e-15
2514.264150943396,1.065648380011836e-14
2514.4150943396226,8.539264778090145e-15
2514.566037735849,2.1258306088551107e-15
2514.7169811320755,1.6977638105245063e-14
2514.867924528302,-6.869042507624032e-16
2515.0188679245284,1.3744894450014213e-14
2515.169811320755,4.563345152149547e-15
2515.3207547169814,1.0988580934747569e-14
2515.4716981132074,3.4823783514539072e-15
2515.622641509434,1.3552137756382942e-14
2515.7735849056603,3.0154854117632604e-15
2515.9245283018868,1.062673144335326e-14
2516.0754716981132,6.744142426833084e-15
2516.2264150943397,1.0529876796912878e-14
2516.377358490566,1.4563310463438133e-15
2516.5283018867926,1.7748545823824382e-14
2516.6792452830186,-1.4684486046799527e-15
2516.830188679245,1.2937425609915083e-14
2516.9811320754716,8.563683104152242e-15
2517.132075471698,4.023510109255452e-15
2517.2830188679245,1.148810429689335e-14
2517.433962264151,7.0347064252462044e-15
2517.5849056603774,6.667672064428678e-15
2517.735849056604,9.31489768076902e-15
2517.8867924528304,8.212083305683572e-15
2518.0377358490564,6.249779152184441e-15
2518.188679245283,9.224070933258431e-15
2518.3396226415093,8.951899470464905e-15
2518.490566037736,4.929967840820852e-15
2518.6415094339623,1.019437040652797e-14
2518.7924528301887,9.664419662473788e-15
2518.943396226415,2.363301831607727e-15
2519.0943396226417,1.3271229449515022e-14
2519.245283018868,7.587394016871458e-15
2519.396226415094,3.0126089866710287e-15
2519.5471698113206,1.3805950034422825e-14
2519.698113207547,6.087731577143151e-15
2519.8490566037735,5.197223196550439e-15
2520.0,1.1692689830210792e-14
2520.1509433962265,7.517544567577382e-15
2520.301886792453,3.9956372807391115e-15
2520.4528301886794,1.4149556181726458e-14
2520.603773584906,2.667430594475069e-15
2520.754716981132,1.0941968392460124e-14
2520.9056603773583,6.6555443928547015e-15
2521.056603773585,9.226253862597826e-15
2521.2075471698113,5.7757493630345445e-15
2521.3584905660377,1.1012864469837789e-14
2521.509433962264,4.894556637726648e-15
2521.6603773584907,1.0411792251945857e-14
2521.811320754717,6.328509419748715e-15
2521.9622641509436,9.276001356953528e-15
2522.1132075471696,6.371626659476103e-15
2522.264150943396,1.041225823502554e-14
2522.4150943396226,4.7726650366707266e-15
2522.566037735849,1.1255107055604383e-14
2522.7169811320755,5.6983606637513e-15
2522.867924528302,8.894310147652966e-15
2523.0188679245284,7.314111392673559e-15
2523.169811320755,1.0696908641761055e-14
2523.3207547169814,1.8151916922611766e-15
2523.4716981132074,1.6507278020327e-14
2523.622641509434,3.567468884858238e-16
2523.7735849056603,1.1908605898454902e-14
2523.9245283018868,8.195844855738395e-15
2524.0754716981132,5.467442232733483e-15
2524.2264150943397,1.0826253049536415e-14
2524.377358490566,5.830309157197659e-15
2524.5283018867926,9.09117047277943e-15
2524.6792452830186,8.791788704050008e-15
2524.830188679245,4.502187394599158e-15
2524.9811320754716,1.3699492709153927e-14
2525.132075471698,2.3960636721265117e-15
2525.2830188679245,1.0773845901878763e-14
2525.433962264151,9.432481606113502e-15
2525.5849056603774,3.1319126855019762e-15
2525.735849056604,1.4188546594459802e-14
2525.8867924528304,2.855295045892959e-15
2526.0377358490564,1.0573578720511261e-14
2526.188679245283,8.07007284195305e-15
2526.3396226415093,7.298385431573659e-15
2526.490566037736,6.2225928336309984e-15
2526.6415094339623,1.426576293308704e-14
2526.7924528301887,-1.206858228658217e-15
2526.943396226415,1.570558427274063e-14
2527.0943396226417,5.907061165699565e-15
2527.245283018868,4.638189786486923e-15
2527.396226415094,1.2525361428095632e-14
2527.5471698113206,7.1943452651434e-15
2527.698113207547,4.1935850388778174e-15
2527.8490566037735,1.300573820198225e-14
2528.0,6.54606245874757e-15
2528.1509433962265,4.1084398820275904e-15
2528.301886792453,1.5405988888267543e-14
2528.4528301886794,7.999186495671002e-16
2528.603773584906,1.2753424622402302e-14
2528.754716981132,5.653364260581839e-15
2528.9056603773583,9.795225191496485e-15
2529.056603773585,5.376378138957641e-15
2529.2075471698113,1.1748742063372106e-14
2529.3584905660377,4.234567498234407e-15
2529.509433962264,1.0849088383355223e-14
2529.6603773584907,6.414995121900488e-15
2529.811320754717,9.334685216563539e-15
2529.9622641509436,5.8163239426734124e-15
2530.1132075471696,1.1734280580652151e-14
2530.264150943396,3.714019289153282e-15
2530.4150943396226,1.126498325068615e-14
2530.566037735849,6.947428112973757e-15
2530.7169811320755,8.276019231895171e-15
2530.867924528302,5.542891768203218e-15
2531.0188679245284,1.5122818264042944e-14
2531.169811320755,-2.3352876504994386e-15
2531.3207547169814,1.7173892769649533e-14
2531.4716981132074,4.421348615382161e-15
2531.622641509434,6.167357966946151e-15
2531.7735849056603,1.1066148188663161e-14
2531.9245283018868,8.760579648404961e-15
2532.0754716981132,2.657165489314653e-15
2532.2264150943397,1.4630228731098834e-14
2532.377358490566,4.923470466726387e-15
2532.5283018867926,5.944784020523905e-15
2532.6792452830186,1.3478990451346507e-14
2532.830188679245,2.8235927247277547e-15
2532.9811320754716,1.0939901029529928e-14
2533.132075471698,7.36997996316559e-15
2533.2830188679245,8.088824120419174e-15
2533.433962264151,7.507033918058009e-15
2533.5849056603774,9.265885338404605e-15
2533.735849056604,6.878047893592125e-15
2533.8867924528304,8.656757228976642e-15
2534.0377358490564,8.166358047866951e-15
2534.188679245283,7.646770381742032e-15
2534.3396226415093,8.399630210217025e-15
2534.490566037736,8.082827547734604e-15
2534.6415094339623,7.783705751071596e-15
2534.7924528301887,8.34289280388985e-15
2534.943396226415,8.278418050781785e-15
2535.0943396226417,7.146158313569686e-15
2535.245283018868,9.468373654957881e-15
2535.396226415094,7.102375403858182e-15
2535.5471698113206,7.902170040834959e-15
2535.698113207547,8.97743349839595e-15
2535.8490566037735,8.325728717919201e-15
2536.0,4.834111604161924e-15
2536.1509433962265,1.4392503892242805e-14
2536.301886792453,1.1737855020891134e-15
2536.4528301886794,1.1899602054439921e-14
2536.603773584906,1.0123371720570554e-14
2536.754716981132,2.3388183610676064e-16
2536.9056603773583,1.891053975112276e-14
2537.056603773585,-1.4586656752068619e-15
2537.2075471698113,1.2791850005161334e-14
2537.3584905660377,9.798223987742874e-15
2537.509433962264,9.613004375325007e-16
2537.6603773584907,1.7766572512743933e-14
2537.811320754717,-4.1788458457877733e-16
2537.9622641509436,1.2266984900394733e-14
2538.1132075471696,9.968475645115353e-15
2538.264150943396,7.912779647298621e-16
2538.4150943396226,1.8061754753963264e-14
2538.566037735849,-5.870214157037288e-16
2538.7169811320755,1.2339205985303825e-14
2538.867924528302,9.440713382252038e-15
2539.0188679245284,2.522290271266617e-15
2539.169811320755,1.4927123360500993e-14
2539.3207547169814,3.5203203154422247e-15
2539.4716981132074,8.497817976274437e-15
2539.622641509434,1.0544100492425708e-14
2539.7735849056603,7.71605435238632e-15
2539.9245283018868,1.6442032595597754e-15
2540.0754716981132,2.133880925663759e-14
2540.2264150943397,-5.277505863113496e-15
2540.377358490566,1.3318161352648569e-14
2540.5283018867926,1.4410425893583132e-14
2540.6792452830186,-5.202051358686176e-15
2540.830188679245,2.0301899037878783e-14
2540.9811320754716,2.5834261989368215e-15
2541.132075471698,7.37798508206571e-15
2541.2830188679245,1.1034445832060012e-14
2541.433962264151,6.7992760585218445e-15
2541.5849056603774,7.04041267272221e-15
2541.735849056604,1.0208883410919408e-14
2541.8867924528304,6.7079616498505644e-15
2542.0377358490564,8.475428098753182e-15
2542.188679245283,8.267207119019277e-15
2542.3396226415093,8.272290532035496e-15
2542.490566037736,7.496702194138656e-15
2542.6415094339623,9.160955960140951e-15
2542.7924528301887,6.8712313426164915e-15
2542.943396226415,9.5991282863148e-15
2543.0943396226417,6.787309980701497e-15
2543.245283018868,8.855146319077119e-15
2543.396226415094,8.275553110270587e-15
2543.5471698113206,8.16752824323613e-15
2543.698113207547,6.128771659942184e-15
2543.8490566037735,1.3201777476962584e-14
2544.0,1.3073322451331332e-15
2544.1509433962265,1.3932518305247539e-14
2544.301886792453,5.619228705623746e-15
2544.4528301886794,7.493841416307133e-15
2544.603773584906,1.0557155726572865e-14
2544.754716981132,4.9820909223381635e-15
2544.9056603773583,1.208701482675936e-14
2545.056603773585,4.242962850268415e-15
2545.2075471698113,9.429873932678678e-15
2545.3584905660377,1.2184984713342087e-14
2545.509433962264,-9.777221661111152e-17
2545.6603773584907,1.4936885859640948e-14
2545.811320754717,9.285461233436575e-15
2545.9622641509436,-1.9238337901441163e-15
2546.1132075471696,2.097238957160528e-14
2546.264150943396,2.0622045991916817e-15
2546.4150943396226,2.249315892477511e-15
2546.566037735849,2.309875370388782e-14
2546.7169811320755,-6.287538311140553e-15
2546.867924528302,1.3153249866756589e-14
2547.0188679245284,1.486547599315618e-14
2547.169811320755,-4.423005223938751e-15
2547.3207547169814,1.7859249062824774e-14
2547.4716981132074,7.0100504409145914e-15
2547.622641509434,1.6135390354651356e-15
2547.7735849056603,1.696128535013569e-14
2547.9245283018868,3.6285721486663235e-15
2548.0754716981132,4.584344691282046e-15
2548.2264150943397,2.0243405425042758e-14
2548.377358490566,-9.766189842749845e-15
2548.5283018867926,2.848412761705746e-14
2548.6792452830186,-1.112358670680983e-14
2548.830188679245,2.380285027882727e-14
2548.9811320754716,-1.6951345770953762e-15
2549.132075471698,1.2016188865074413e-14
2549.2830188679245,8.494994272459609e-15
2549.433962264151,7.114222748454615e-15
2549.5849056603774,7.757581404039794e-15
2549.735849056604,9.924629267519187e-15
2549.8867924528304,7.47959552605907e-15
2550.0377358490564,5.739674351387567e-15
2550.188679245283,1.4269998216815582e-14
2550.3396226415093,3.69629352930972e-16
2550.490566037736,1.4751768827891424e-14
2550.6415094339623,5.449658521087959e-15
2550.7924528301887,7.514581643375428e-15
2550.943396226415,8.57786874220635e-15
2551.0943396226417,1.3154609539070038e-14
2551.245283018868,-3.776847448052156e-15
2551.396226415094,2.331287634551221e-14
2551.5471698113206,-2.3851117464350184e-15
2551.698113207547,8.698340242877216e-15
2551.8490566037735,1.719010863289934e-14
2552.0,-3.590777799926272e-15
2552.1509433962265,1.5359263534122144e-14
2552.301886792453,8.95403987801928e-15
2552.4528301886794,2.8235678673661727e-15
2552.603773584906,1.1119923761873607e-14
2552.754716981132,1.4243669760334603e-14
2552.9056603773583,-7.499764822705873e-15
2553.056603773585,2.74714975968221e-14
2553.2075471698113,-4.786006919709285e-15
2553.3584905660377,9.086839303163358e-15
2553.509433962264,1.6471966630300776e-14
2553.6603773584907,1.2742676351984758e-15
2553.811320754717,4.91298863383881e-15
2553.9622641509436,2.1725152764528618e-14
2554.1132075471696,-6.258691894089335e-15
2554.264150943396,1.421504624216206e-14
2554.4150943396226,1.2151570347072892e-14
2554.566037735849,2.077861383565281e-15
2554.7169811320755,7.71013085057369e-15
2554.867924528302,1.8197920747456215e-14
2555.0188679245284,-6.564663277586378e-15
2555.169811320755,2.149557103150768e-14
2555.3207547169814,-7.255896920642023e-17
2555.4716981132074,1.2502321670909985e-14
2555.622641509434,5.308991637441345e-15
2555.7735849056603,1.2376913047687862e-14
2555.9245283018868,2.3177975932048736e-15
2556.0754716981132,1.471291686871624e-14
2556.2264150943397,3.8196412911326706e-15
2556.377358490566,9.035137839448902e-15
2556.5283018867926,1.0474745749919217e-14
2556.6792452830186,5.935538940948757e-15
2556.830188679245,8.003822699521315e-15
2556.9811320754716,1.2022018216489673e-14
2557.132075471698,2.2168944254900234e-15
2557.2830188679245,1.4621377320767413e-14
2557.433962264151,3.658157752783514e-15
2557.5849056603774,9.752857136451604e-15
2557.735849056604,1.0500714613083976e-14
2557.8867924528304,3.1628203510259293e-15
2558.0377358490564,1.4478867900133914e-14
2558.188679245283,3.0476947295966e-15
2558.3396226415093,1.1565907750003597e-14
2558.490566037736,6.643756942444807e-15
2558.6415094339623,9.482315142049629e-15
2558.7924528301887,6.758101475046462e-15
2558.943396226415,9.990861394211095e-15
2559.0943396226417,7.438915729690228e-15
2559.245283018868,7.687126451278936e-15
2559.396226415094,9.827639446288136e-15
2559.5471698113206,7.472059391229902e-15
2559.698113207547,7.426341384801765e-15
2559.8490566037735,9.783309491022606e-15
2560.0,9.219245755820527e-15
2560.1509433962265,2.9223982644898033e-15
2560.301886792453,1.6832095284507587e-14
2560.4528301886794,1.1094341542429533e-15
2560.603773584906,1.0414395368160623e-14
2560.754716981132,1.0969447236495397e-14
2560.9056603773583,5.164052371407368e-15
2561.056603773585,8.050632848424343e-15
2561.2075471698113,1.209621903256856e-14
2561.3584905660377,4.250313161541995e-15
2561.509433962264,1.005907246573214e-14
2561.6603773584907,8.62509451331226e-15
2561.811320754717,8.14673245154122e-15
2561.9622641509436,7.62049055683979e-15
2562.1132075471696,7.914734348179385e-15
2562.264150943396,1.306423586459767e-14
2562.4150943396226,-1.6624794723310854e-15
2562.566037735849,2.089732904924926e-14
2562.7169811320755,-2.149472781610478e-15
2562.867924528302,1.376409625563618e-14
2563.0188679245284,7.779922836828365e-15
2563.169811320755,6.0679213005986176e-15
2563.3207547169814,1.215333331022777e-14
2563.4716981132074,3.2193269342470314e-15
2563.622641509434,1.4353801707941917e-14
2563.7735849056603,3.268742829812818e-15
2563.9245283018868,1.0453112218499737e-14
2564.0754716981132,9.905121676516723e-15
2564.2264150943397,4.466536031840217e-15
2564.377358490566,1.2729133566305581e-14
2564.5283018867926,4.537695398507582e-15
2564.6792452830186,1.1609475157838821e-14
2564.830188679245,6.040290221610951e-15
2564.9811320754716,8.720221961624724e-15
2565.132075471698,1.0687916954849291e-14
2565.2830188679245,4.534146124616535e-15
2565.433962264151,1.1232102033630448e-14
2565.5849056603774,8.412523407236837e-15
2565.735849056604,5.471241755244012e-15
2565.8867924528304,1.3257594246221318e-14
2566.0377358490564,1.7798815933661513e-15
2566.188679245283,1.7109507413525578e-14
2566.3396226415093,-1.7448208628736752e-15
2566.490566037736,1.7349347201507858e-14
2566.6415094339623,3.5987274276250755e-15
2566.7924528301887,8.166138412456978e-15
2566.943396226415,1.1538912169389602e-14
2567.0943396226417,5.75994708561776e-15
2567.245283018868,8.591844622785702e-15
2567.396226415094,9.8383923517552e-15
2567.5471698113206,7.729210205709981e-15
2567.698113207547,7.179002631456528e-15
2567.8490566037735,9.760137390044217e-15
2568.0,1.0164216603671317e-14
2568.1509433962265,2.683410674440088e-15
2568.301886792453,1.485361514838118e-14
2568.4528301886794,5.911730806425902e-15
2568.603773584906,5.675923051704832e-15
2568.754716981132,1.3082951539862994e-14
2568.9056603773583,6.5198228784788685e-15
2569.056603773585,5.825345084490201e-15
2569.2075471698113,1.3357021313276754e-14
2569.3584905660377,4.990112786288432e-15
2569.509433962264,7.735638348182217e-15
2569.6603773584907,1.3506843690967247e-14
2569.811320754717,1.1998122396716044e-15
2569.9622641509436,1.3819486550111424e-14
2570.1132075471696,8.761892842801096e-15
2570.264150943396,2.178501432175353e-15
2570.4150943396226,1.5444574200697572e-14
2570.566037735849,8.370095927346245e-15
2570.7169811320755,-1.9873329031929423e-15
2570.867924528302,2.5065592656389127e-14
2571.0188679245284,-5.136068620021171e-15
2571.169811320755,1.2420507153798298e-14
2571.3207547169814,1.3333824419598105e-14
2571.4716981132074,8.621524478694591e-16
2571.622641509434,1.3679075059587939e-14
2571.7735849056603,5.635111902226048e-15
2571.9245283018868,1.2353801754393798e-14
2572.0754716981132,1.4669176413614556e-15
2572.2264150943397,1.6564488172266393e-14
2572.377358490566,3.6253844249021676e-15
2572.5283018867926,7.383980760546485e-15
2572.6792452830186,1.4340856931824847e-14
2572.830188679245,1.7888712964303563e-15
2572.9811320754716,1.2337528820515761e-14
2573.132075471698,8.311142909079783e-15
2573.2830188679245,7.407263934404621e-15
2573.433962264151,7.115863636140603e-15
2573.5849056603774,1.4222754618432033e-14
2573.735849056604,4.670595506087103e-17
2573.8867924528304,1.566822182869929e-14
2574.0377358490564,5.82911303162009e-15
2574.188679245283,6.424552063153227e-15
2574.3396226415093,1.3049966277337814e-14
2574.490566037736,4.068246116428837e-15
2574.6415094339623,1.1578367848661066e-14
2574.7924528301887,6.833467071776437e-15
2574.943396226415,9.158242121865727e-15
2575.0943396226417,8.303112269417483e-15
2575.245283018868,9.45768495098081e-15
2575.396226415094,5.397405012387885e-15
2575.5471698113206,1.4384005969469154e-14
2575.698113207547,1.41652226826707e-15
2575.8490566037735,1.331017111019047e-14
2576.0,9.941176685066485e-15
2576.1509433962265,-3.494838219712827e-16
2576.301886792453,2.1549307962611942e-14
2576.4528301886794,-1.910147456902901e-15
2576.603773584906,1.0624015007018495e-14
2576.754716981132,1.5527389690697813e-14
2576.9056603773583,-2.4985363438919743e-15
2577.056603773585,1.6097744586189524e-14
2577.2075471698113,9.806396925900422e-15
2577.3584905660377,-1.447582234281464e-15
2577.509433962264,2.204526305136525e-14
2577.6603773584907,-1.5108539471080325e-15
2577.811320754717,1.1162211082127376e-14
2577.9622641509436,1.1944129028607651e-14
2578.1132075471696,4.642377885680752e-15
2578.264150943396,8.139313275488452e-15
2578.4150943396226,1.3773643742246343e-14
2578.566037735849,2.5080441215916362e-15
2578.7169811320755,1.0755288966744765e-14
2578.867924528302,1.2088803819003343e-14
2579.0188679245284,1.3347585144432913e-15
2579.169811320755,1.5725107051652334e-14
2579.3207547169814,4.417884680693988e-15
2579.4716981132074,9.495506087019457e-15
2579.622641509434,8.582707438812359e-15
2579.7735849056603,1.0908174611353818e-14
2579.9245283018868,2.334229062567897e-15
2580.0754716981132,1.7289925276991937e-14
2580.2264150943397,1.141570188832401e-15
2580.377358490566,1.1662440514061484e-14
2580.5283018867926,1.0317527183726895e-14
2580.6792452830186,4.327491348626671e-15
2580.830188679245,1.2619178241750155e-14
2580.9811320754716,6.306994770733095e-15
2581.132075471698,9.50320286700383e-15
2581.2830188679245,8.042190440362956e-15
2581.433962264151,9.559379900114685e-15
2581.5849056603774,7.372622458620278e-15
2581.735849056604,9.704413285342399e-15
2581.8867924528304,7.975301707141786e-15
2582.0377358490564,8.960590002124854e-15
2582.188679245283,8.25304553465315e-15
2582.3396226415093,9.288163484905846e-15
2582.490566037736,7.731966273963057e-15
2582.6415094339623,9.503543628074567e-15
2582.7924528301887,8.07162872990449e-15
2582.943396226415,8.88218745326638e-15
2583.0943396226417,8.403464790222473e-15
2583.245283018868,9.345348023839032e-15
2583.396226415094,7.305057706955466e-15
2583.5471698113206,1.0185022440848543e-14
2583.698113207547,7.813842257930696e-15
2583.8490566037735,8.355226542301662e-15
2584.0,9.164508333521008e-15
2584.1509433962265,9.922583152084231e-15
2584.301886792453,4.398430533612206e-15
2584.4528301886794,1.4879560606706544e-14
2584.603773584906,3.297804199947168e-15
2584.754716981132,1.0904766929934022e-14
2584.9056603773583,9.866580056555941e-15
2585.056603773585,5.016915244271705e-15
2585.2075471698113,1.4142201057352965e-14
2585.3584905660377,1.603534805706509e-15
2585.509433962264,1.6474261611113978e-14
2585.6603773584907,2.3126867544619258e-15
2585.811320754717,1.1511952148901841e-14
2585.9622641509436,9.864700182627413e-15
2586.1132075471696,5.018689683390789e-15
2586.264150943396,1.282468579863515e-14
2586.4150943396226,5.2575313126056e-15
2586.566037735849,1.139215255463367e-14
2586.7169811320755,6.64965173531777e-15
2586.867924528302,9.871325991110738e-15
2587.0188679245284,8.447476134525103e-15
2587.169811320755,9.273181056430926e-15
2587.3207547169814,5.915162477244905e-15
2587.4716981132074,1.4418060695989948e-14
2587.622641509434,1.990382697769272e-15
2587.7735849056603,1.3642238307641992e-14
2587.9245283018868,6.539904961422249e-15
2588.0754716981132,9.92411397806554e-15
2588.2264150943397,6.663775016809458e-15
2588.377358490566,1.0730521237817436e-14
2588.5283018867926,1.0538724226345974e-14
2588.6792452830186,-1.363855104511313e-16
2588.830188679245,2.3997657811679364e-14
2588.9811320754716,-7.466321645802632e-15
2589.132075471698,1.854347269657869e-14
2589.2830188679245,1.0378245312952875e-14
2589.433962264151,-3.8491951653402866e-15
2589.5849056603774,2.636058843841049e-14
2589.735849056604,-5.330927238054439e-15
2589.8867924528304,1.2933384381286507e-14
2590.0377358490564,1.5233247898667662e-14
2590.188679245283,-3.587575105430356e-15
2590.3396226415093,2.0833075199634142e-14
2590.490566037736,3.481563768767938e-16
2590.6415094339623,1.3862925200766119e-14
2590.7924528301887,5.4651943634225756e-15
2590.943396226415,1.1032442977830304e-14
2591.0943396226417,7.650742819908025e-15
2591.245283018868,9.1008702913001e-15
2591.396226415094,8.534902959805442e-15
2591.5471698113206,9.108108937311188e-15
2591.698113207547,9.897196622146071e-15
2591.8490566037735,3.886309653885962e-15
2592.0,1.878916319539205e-14
2592.1509433962265,-4.71850076296806e-15
2592.301886792453,2.1873532725125984e-14
2592.4528301886794,4.194178460726473e-16
2592.603773584906,1.0585839556575097e-14
2592.754716981132,1.2129039555193723e-14
2592.9056603773583,4.79860982486995e-15
2593.056603773585,8.751999414367751e-15
2593.2075471698113,1.5051557094196997e-14
2593.3584905660377,-1.114809676627107e-15
2593.509433962264,1.70203740006652e-14
2593.6603773584907,6.720280909365471e-15
2593.811320754717,5.351104855111916e-15
2593.9622641509436,1.3014221590198045e-14
2594.1132075471696,8.98803444828003e-15
2594.264150943396,3.674185518569294e-15
2594.4150943396226,1.504885940718201e-14
2594.566037735849,6.601138582905999e-15
2594.7169811320755,5.3911603051514745e-15
2594.867924528302,1.5581950358839646e-14
2595.0188679245284,3.022258930982819e-15
2595.169811320755,1.1413240243513619e-14
2595.3207547169814,8.788284200084081e-15
2595.4716981132074,9.202267275500307e-15
2595.622641509434,6.441808768253805e-15
2595.7735849056603,1.242159304853212e-14
2595.9245283018868,7.31503429272721e-15
2596.0754716981132,6.196794980822081e-15
2596.2264150943397,1.4783570263573302e-14
2596.377358490566,3.641529600776959e-15
2596.5283018867926,9.844295990643957e-15
2596.6792452830186,1.2916861754148883e-14
2596.830188679245,2.181219859727419e-15
2596.9811320754716,1.535702523420316e-14
2597.132075471698,4.148143206792101e-15
2597.2830188679245,1.2290599352907538e-14
2597.433962264151,6.012251351155266e-15
2597.5849056603774,1.1778245216531194e-14
2597.735849056604,5.83995538816897e-15
2597.8867924528304,1.27571531908188e-14
2598.0377358490564,3.599944601572049e-15
2598.188679245283,1.602248431180592e-14
2598.3396226415093,5.876679244876961e-16
2598.490566037736,1.7155639495903122e-14
2598.6415094339623,2.6662532618867925e-15
2598.7924528301887,1.1618109213460707e-14
2598.943396226415,1.0366402663003171e-14
2599.0943396226417,4.431649271579804e-15
2599.245283018868,1.4524255026387064e-14
2599.396226415094,4.122661871129921e-15
2599.5471698113206,1.22991437394094e-14
2599.698113207547,6.772329765137041e-15
2599.8490566037735,1.0640181650189457e-14
2600.0,7.394435102164887e-15
2600.1509433962265,1.0439614328886071e-14
2600.301886792453,7.671412278053008e-15
2600.4528301886794,1.0103020646037129e-14
2600.603773584906,7.943057519359611e-15
2600.754716981132,9.90032652796508e-15
2600.9056603773583,8.236151093045226e-15
2601.056603773585,9.57685142707395e-15
2601.2075471698113,8.356068930173803e-15
2601.3584905660377,9.852688508055429e-15
2601.509433962264,7.96711812807613e-15
2601.6603773584907,9.830108449006342e-15
2601.811320754717,8.671410379079476e-15
2601.9622641509436,8.999323172232475e-15
2602.1132075471696,8.667828219017916e-15
2602.264150943396,1.0261397964031681e-14
2602.4150943396226,7.1635433024239e-15
2602.566037735849,1.0220118352356307e-14
2602.7169811320755,9.471483296811491e-15
2602.867924528302,7.676657507224821e-15
2603.0188679245284,8.719797472399358e-15
2603.169811320755,1.3133739332791442e-14
2603.3207547169814,1.890363177425333e-15
2603.4716981132074,1.5456969553983018e-14
2603.622641509434,7.265792666516918e-15
2603.7735849056603,5.318920605466895e-15
2603.9245283018868,1.542789493474267e-14
2604.0754716981132,3.881628125119536e-15
2604.2264150943397,1.1619155802074858e-14
2604.377358490566,6.980276788160792e-15
2604.5283018867926,1.3807601234958093e-14
2604.6792452830186,8.381477935555918e-16
2604.830188679245,1.8105767067670908e-14
2604.9811320754716,3.294727086791065e-15
2605.132075471698,9.189106531707582e-15
2605.2830188679245,1.3622764835266374e-14
2605.433962264151,3.660002359169414e-15
2605.5849056603774,1.1136246393595933e-14
2605.735849056604,1.2387961327700569e-14
2605.8867924528304,1.989160187311561e-15
2606.0377358490564,1.5942080797897172e-14
2606.188679245283,6.3695432701261475e-15
2606.3396226415093,6.338704156610328e-15
2606.490566037736,1.558923656539071e-14
2606.6415094339623,2.691154838510886e-15
2606.7924528301887,1.1802712302509832e-14
2606.943396226415,1.1405746211554576e-14
2607.0943396226417,3.855155161052969e-15
2607.245283018868,1.3391699192512683e-14
2607.396226415094,8.982182578633251e-15
2607.5471698113206,4.805711186557139e-15
2607.698113207547,1.5731650655523753e-14
2607.8490566037735,2.92938020940874e-15
2608.0,1.3603312553822279e-14
2608.1509433962265,6.106904048342549e-15
2608.301886792453,1.1734290639721554e-14
2608.4528301886794,6.383325847567808e-15
2608.603773584906,1.203849900356354e-14
2608.754716981132,6.4734148887419604e-15
2608.9056603773583,1.148877770472868e-14
2609.056603773585,7.040466155139059e-15
2609.2075471698113,1.1280502353857063e-14
2609.3584905660377,7.003724999794317e-15
2609.509433962264,1.1298670919564788e-14
2609.6603773584907,7.155952529636308e-15
2609.811320754717,1.1140942571425184e-14
2609.9622641509436,7.175801721891443e-15
2610.1132075471696,1.1255511966046768e-14
2610.264150943396,7.159616549198234e-15
2610.4150943396226,1.108234375803884e-14
2610.566037735849,7.39968290749646e-15
2610.7169811320755,1.11000094614699e-14
2610.867924528302,7.050278914585564e-15
2611.0188679245284,1.1522687000470098e-14
2611.169811320755,7.040056593851374e-15
2611.3207547169814,1.102206179382731e-14
2611.4716981132074,7.586775850010603e-15
2611.622641509434,1.1233101328341594e-14
2611.7735849056603,6.4169574784328794e-15
2611.9245283018868,1.2519415624268373e-14
2612.0754716981132,6.4852921798744004e-15
2612.2264150943397,1.0683583214035088e-14
2612.377358490566,8.335411732763635e-15
2612.5283018867926,1.1800195563127578e-14
2612.6792452830186,3.2832296970661276e-15
2612.830188679245,1.791004757861124e-14
2612.9811320754716,1.024606613933134e-15
2613.132075471698,1.3828162254163397e-14
2613.2830188679245,9.285868244304713e-15
2613.433962264151,6.350460779569101e-15
2613.5849056603774,1.2393867834342664e-14
2613.735849056604,7.713748850918393e-15
2613.8867924528304,8.994330442640298e-15
2614.0377358490564,1.0766333417984924e-14
2614.188679245283,7.396343723669412e-15
2614.3396226415093,1.0857836876794515e-14
2614.490566037736,8.569476413385243e-15
2614.6415094339623,9.293365700615784e-15
2614.7924528301887,8.706882309741024e-15
2614.943396226415,1.2366103907474644e-14
2615.0943396226417,3.1588029364022798e-15
2615.245283018868,1.6758266722885883e-14
2615.396226415094,3.379159302916415e-15
2615.5471698113206,1.2502043615029222e-14
2615.698113207547,7.568876352261035e-15
2615.8490566037735,1.1696952706385832e-14
2616.0,6.187013279681404e-15
2616.1509433962265,1.072064767591865e-14
2616.301886792453,1.2801570783347698e-14
2616.4528301886794,4.246801399620422e-16
2616.603773584906,2.0621301377690576e-14
2616.754716981132,4.230293693831557e-16
2616.9056603773583,1.3009774576165534e-14
2617.056603773585,1.0453643982364316e-14
2617.2075471698113,5.839235820823103e-15
2617.3584905660377,1.3755468198355105e-14
2617.509433962264,4.005513111426697e-15
2617.6603773584907,1.6040372750414674e-14
2617.811320754717,2.4358177348261877e-15
2617.9622641509436,1.4000044937801741e-14
2618.1132075471696,9.648875154318959e-15
2618.264150943396,3.531411904645944e-15
2618.4150943396226,1.8856047708968263e-14
2618.566037735849,1.8228979255620428e-16
2618.7169811320755,1.41797794950639e-14
2618.867924528302,1.169699873193118e-14
2619.0188679245284,3.0598286467850775e-16
2619.169811320755,2.1784032702113263e-14
2619.3207547169814,-9.934948210517374e-16
2619.4716981132074,1.3721977511984956e-14
2619.622641509434,1.1711236064431391e-14
2619.7735849056603,3.93669512936726e-15
2619.9245283018868,1.3145444038162174e-14
2620.0754716981132,1.0298190331108908e-14
2620.2264150943397,5.756086738425639e-15
2620.377358490566,1.0739977875516554e-14
2620.5283018867926,1.4379066197218463e-14
2620.6792452830186,2.57824736631101e-16
2620.830188679245,1.548641196912681e-14
2620.9811320754716,1.3249785670963319e-14
2621.132075471698,-3.557573614107789e-15
2621.2830188679245,2.341293274292089e-14
2621.433962264151,3.6616028249831496e-15
2621.5849056603774,5.119739600212198e-15
2621.735849056604,1.7349469334054943e-14
2621.8867924528304,7.520496636727751e-15
2622.0377358490564,6.920613117631952e-16
2622.188679245283,2.6466440483839462e-14
2622.3396226415093,-8.700337185188702e-15
2622.490566037736,2.2449925562266952e-14
2622.6415094339623,4.3698296493521254e-15
2622.7924528301887,8.489454323451936e-15
2622.943396226415,1.2578553324197632e-14
2623.0943396226417,7.836562363588318e-15
2623.245283018868,9.137373634039345e-15
2623.396226415094,9.922773223773098e-15
2623.5471698113206,1.1529838774091725e-14
2623.698113207547,4.414529134362263e-15
2623.8490566037735,1.637396782758951e-14
2624.0,2.978266677805836e-15
2624.1509433962265,1.4536858527030345e-14
2624.301886792453,6.295397203905782e-15
2624.4528301886794,1.143030304045189e-14
2624.603773584906,8.361185835444776e-15
2624.754716981132,1.0954923590618805e-14
2624.9056603773583,7.170723483665649e-15
2625.056603773585,1.2590479492944307e-14
2625.2075471698113,7.729124090967204e-15
2625.3584905660377,8.116650385654937e-15
2625.509433962264,1.456390788769991e-14
2625.6603773584907,3.681952691799235e-15
2625.811320754717,1.2055703707394793e-14
2625.9622641509436,1.3693709560846893e-14
2626.1132075471696,-6.204954686175571e-16
2626.264150943396,2.1791938583232e-14
2626.4150943396226,3.616687257234864e-16
2626.566037735849,1.3473948005783385e-14
2626.7169811320755,9.98838513036496e-15
2626.867924528302,7.395391020690553e-15
2627.0188679245284,1.2632712997653583e-14
2627.169811320755,5.1574497241819144e-15
2627.3207547169814,1.5784136971294412e-14
2627.4716981132074,3.511647374149618e-15
2627.622641509434,1.2716578864480013e-14
2627.7735849056603,1.1458195384284077e-14
2627.9245283018868,3.722888322667509e-15
2628.0754716981132,1.6603617209531354e-14
2628.2264150943397,4.8813022058373185e-15
2628.377358490566,1.0994886680729578e-14
2628.5283018867926,9.978235295109685e-15
2628.6792452830186,1.117401567861922e-14
2628.830188679245,3.956225114215388e-15
2628.9811320754716,1.851104925364511e-14
2629.132075471698,1.6380479185152072e-15
2629.2830188679245,1.3110289574503588e-14
2629.433962264151,1.1633054130461041e-14
2629.5849056603774,4.793852568502392e-15
2629.735849056604,1.4114303149570807e-14
2629.8867924528304,7.548105556301095e-15
2630.0377358490564,1.0095169619933137e-14
2630.188679245283,9.376432731858722e-15
2630.3396226415093,1.1021161632875443e-14
2630.490566037736,7.73346456160009e-15
2630.6415094339623,1.1247347788690984e-14
2630.7924528301887,9.268830176269182e-15
2630.943396226415,9.603234654196216e-15
2631.0943396226417,9.232641210095023e-15
2631.245283018868,1.1455844435457967e-14
2631.396226415094,7.53022199648586e-15
2631.5471698113206,1.0938264726804801e-14
2631.698113207547,1.0035841595678101e-14
2631.8490566037735,9.532549821400692e-15
2632.0,7.285822038174509e-15
2632.1509433962265,1.6157639586500535e-14
2632.301886792453,1.284814889398753e-15
2632.4528301886794,1.5747124208246246e-14
2632.603773584906,1.0856721520852928e-14
2632.754716981132,5.892682186348057e-16
2632.9056603773583,2.2731818107407283e-14
2633.056603773585,6.390946426188957e-16
2633.2075471698113,9.460678855836123e-15
2633.3584905660377,1.9106788061233404e-14
2633.509433962264,-2.26741910215228e-15
2633.6603773584907,1.7246394723711317e-14
2633.811320754717,1.040015829873771e-14
2633.9622641509436,3.5154079642634793e-15
2634.1132075471696,1.5816539537172543e-14
2634.264150943396,9.223629476079923e-15
2634.4150943396226,4.6606196457325706e-15
2634.566037735849,1.6039214491876424e-14
2634.7169811320755,8.369519588394758e-15
2634.867924528302,4.511816537343628e-15
2635.0188679245284,1.8776162577152048e-14
2635.169811320755,2.547839654418107e-15
2635.3207547169814,1.24401910221683e-14
2635.4716981132074,1.1325376231627961e-14
2635.622641509434,6.772201308786099e-15
2635.7735849056603,1.2781664973601655e-14
2635.9245283018868,7.62105935023674e-15
2636.0754716981132,1.1101403467115446e-14
2636.2264150943397,1.0250332380838093e-14
2636.377358490566,8.35478964345397e-15
2636.5283018867926,9.827130753452162e-15
2636.6792452830186,1.4959697231264477e-14
2636.830188679245,-7.251388540003577e-16
2636.9811320754716,2.1886432381024952e-14
2637.132075471698,2.7186792119031833e-15
2637.2830188679245,8.96249506490421e-15
2637.433962264151,1.7230769178878255e-14
2637.5849056603774,4.527739381278538e-16
2637.735849056604,1.8890729570155025e-14
2637.8867924528304,1.1412607874280795e-15
2638.0377358490564,1.9541282584424485e-14
2638.188679245283,3.060356491016981e-16
2638.3396226415093,1.6825674055080845e-14
2638.490566037736,8.152864192647445e-15
2638.6415094339623,6.983881952203816e-15
2638.7924528301887,1.4201960106015367e-14
2638.943396226415,8.805888896297743e-15
2639.0943396226417,5.868945890290883e-15
2639.245283018868,1.7452413191730587e-14
2639.396226415094,3.4453613787152692e-15
2639.5471698113206,1.2019730146048634e-14
2639.698113207547,1.2642522575271838e-14
2639.8490566037735,5.044572395370978e-15
2640.0,1.4579185478422705e-14
2640.1509433962265,6.6510981258612774e-15
2640.301886792453,1.2497293216931287e-14
2640.4528301886794,8.080025644460428e-15
2640.603773584906,1.0890793999786158e-14
2640.754716981132,1.005144624113444e-14
2640.9056603773583,1.0782167952696825e-14
2641.056603773585,6.024715626668094e-15
2641.2075471698113,1.7611183444296293e-14
2641.3584905660377,2.0877244740137956e-15
2641.509433962264,1.3145861244793923e-14
2641.6603773584907,1.4769309860095387e-14
2641.811320754717,-6.931783270774414e-16
2641.9622641509436,2.111037698592187e-14
2642.1132075471696,4.142506928907499e-15
2642.264150943396,8.897683139850193e-15
2642.4150943396226,1.602387690136647e-14
2642.566037735849,3.583300482822771e-15
2642.7169811320755,1.3481207461758235e-14
2642.867924528302,1.0544623217168905e-14
2643.0188679245284,8.140519829160658e-15
2643.169811320755,9.3027692807941e-15
2643.3207547169814,1.6203447294603104e-14
2643.4716981132074,3.65374536192215e-16
2643.622641509434,1.78059428797443e-14
2643.7735849056603,9.735592580249021e-15
2643.9245283018868,2.389861643512326e-15
2644.0754716981132,2.1182925687940735e-14
2644.2264150943397,2.6001417355387097e-15
2644.377358490566,9.45088600017452e-15
2644.5283018867926,1.859216689484274e-14
2644.6792452830186,-1.5445346533331476e-15
2644.830188679245,1.9371238416103477e-14
2644.9811320754716,6.600420604951405e-15
2645.132075471698,8.32068693490103e-15
2645.2830188679245,1.4486012525643986e-14
2645.433962264151,6.304652315939733e-15
2645.5849056603774,1.1882061607417675e-14
2645.735849056604,1.0448550332320245e-14
2645.8867924528304,9.06640120671829e-15
2646.0377358490564,1.0530083673655026e-14
2646.188679245283,1.1467351974081368e-14
2646.3396226415093,7.83533159093652e-15
2646.490566037736,1.1195248962077236e-14
2646.6415094339623,1.29026008195591e-14
2646.7924528301887,4.122127700360498e-15
2646.943396226415,1.5722497383646525e-14
2647.0943396226417,9.320719814006948e-15
2647.245283018868,6.30578147423018e-15
2647.396226415094,1.4652689335933496e-14
2647.5471698113206,9.637096603059712e-15
2647.698113207547,6.511706109419155e-15
2647.8490566037735,1.462063985984299e-14
2648.0,9.016865828650333e-15
2648.1509433962265,7.379227193074847e-15
2648.301886792453,1.4944666684651543e-14
2648.4528301886794,6.474758487356069e-15
2648.603773584906,1.1910647921251848e-14
2648.754716981132,9.91813395076286e-15
2648.9056603773583,1.0624879435629747e-14
2649.056603773585,9.175890960488147e-15
2649.2075471698113,1.1743250107559008e-14
2649.3584905660377,9.054795445535388e-15
2649.509433962264,1.0913592664535369e-14
2649.6603773584907,9.977842232229068e-15
2649.811320754717,1.0647564081019258e-14
2649.9622641509436,9.677040654909549e-15
2650.1132075471696,1.0995303432654126e-14
2650.264150943396,9.735650562937537e-15
2650.4150943396226,1.0642865271233243e-14
2650.566037735849,1.0048616082030516e-14
2650.7169811320755,1.0636596421008347e-14
2650.867924528302,9.904094904027222e-15
2651.0188679245284,1.068774963223079e-14
2651.169811320755,1.0097484212864786e-14
2651.3207547169814,1.0455157975134904e-14
2651.4716981132074,1.0162896083608045e-14
2651.622641509434,1.0627231007774004e-14
2651.7735849056603,1.002050839086395e-14
2651.9245283018868,1.0530422882970348e-14
2652.0754716981132,1.037304191431545e-14
2652.2264150943397,1.0261035609703259e-14
2652.377358490566,1.0314815479150663e-14
2652.5283018867926,1.0627854578494193e-14
2652.6792452830186,1.006604521088473e-14
2652.830188679245,1.0443325585881064e-14
2652.9811320754716,1.0648442653630568e-14
2653.132075471698,9.997474465160181e-15
2653.2830188679245,1.0529676578010794e-14
2653.433962264151,1.0647738770267518e-14
2653.5849056603774,1.0024818055456513e-14
2653.735849056604,1.0400854120031514e-14
2653.8867924528304,1.1022768746534711e-14
2654.0377358490564,9.524684887020593e-15
2654.188679245283,1.0888868816874298e-14
2654.3396226415093,1.0742960212158843e-14
2654.490566037736,9.765637822237663e-15
2654.6415094339623,1.0389237171803267e-14
2654.7924528301887,1.1842940052234078e-14
2654.943396226415,8.292616375525552e-15
2655.0943396226417,1.1650531680710185e-14
2655.245283018868,1.1340033570166342e-14
2655.396226415094,8.5827709456721e-15
2655.5471698113206,1.020699519018339e-14
2655.698113207547,1.521541527202356e-14
2655.8490566037735,2.390240071366439e-15
2656.0,1.737800524082082e-14
2656.1509433962265,9.027387709737408e-15
2656.301886792453,6.172907037395285e-15
2656.4528301886794,1.661882012987264e-14
2656.603773584906,7.030989146803384e-15
2656.754716981132,1.0652295603451457e-14
2656.9056603773583,9.796761320712538e-15
2657.056603773585,1.595549886701958e-14
2657.2075471698113,8.97837221845149e-16
2657.3584905660377,1.8383689611628297e-14
2657.509433962264,1.0605004118165607e-14
2657.6603773584907,1.832764898752569e-15
2657.811320754717,2.2088910287836416e-14
2657.9622641509436,3.4359565383462763e-15
2658.1132075471696,1.0072756580843613e-14
2658.264150943396,1.585168148678817e-14
2658.4150943396226,5.660331942422152e-15
2658.566037735849,1.1969518893388001e-14
2658.7169811320755,1.1503632970099872e-14
2658.867924528302,1.0506826492411254e-14
2659.0188679245284,8.191587878861245e-15
2659.169811320755,1.342630543572621e-14
2659.3207547169814,1.084025177954285e-14
2659.4716981132074,5.679109403087362e-15
2659.622641509434,1.7539086892202492e-14
2659.7735849056603,6.997706275964206e-15
2659.9245283018868,6.4288494284730205e-15
2660.0754716981132,2.2483817790118933e-14
2660.2264150943397,-4.04144849694739e-15
2660.377358490566,2.1450117201414867e-14
2660.5283018867926,7.082539549174251e-15
2660.6792452830186,8.90815909493284e-15
2660.830188679245,1.2134541668829538e-14
2660.9811320754716,1.3197457513140438e-14
2661.132075471698,4.8328610268475336e-15
2661.2830188679245,1.5858917706120356e-14
2661.433962264151,8.510026737306433e-15
2661.5849056603774,1.07159351478504e-14
2661.735849056604,1.0058789068389691e-14
2661.8867924528304,1.2478059407642383e-14
2662.0377358490564,1.0167536486346396e-14
2662.188679245283,6.34309214765886e-15
2662.3396226415093,2.069344871461883e-14
2662.490566037736,-1.8794849217121013e-15
2662.6415094339623,2.0888765551089505e-14
2662.7924528301887,5.759020815407005e-15
2662.943396226415,1.0953628873115483e-14
2663.0943396226417,1.285763889760935e-14
2663.245283018868,7.362598525667057e-15
2663.396226415094,1.542102160096618e-14
2663.5471698113206,4.825541177706905e-15
2663.698113207547,1.5922437767642036e-14
2663.8490566037735,8.723005811884637e-15
2664.0,8.481685466321945e-15
2664.1509433962265,1.5925708157621765e-14
2664.301886792453,5.0585742299415325e-15
2664.4528301886794,1.5180983070483076e-14
2664.603773584906,7.730566423509729e-15
2664.754716981132,1.3082578256936855e-14
2664.9056603773583,8.536941051389215e-15
2665.056603773585,1.2930698325380502e-14
2665.2075471698113,8.663767134514876e-15
2665.3584905660377,1.3175314849379054e-14
2665.509433962264,7.628112762898608e-15
2665.6603773584907,1.4409304044412747e-14
2665.811320754717,7.871140359518213e-15
2665.9622641509436,1.2006878580213946e-14
2666.1132075471696,1.0394458272901625e-14
2666.264150943396,1.3228609581226384e-14
2666.4150943396226,3.9828448357263616e-15
2666.566037735849,2.103912186927477e-14
2666.7169811320755,1.6603190855246295e-15
2666.867924528302,1.445740260004378e-14
2667.0188679245284,1.2927291343901182e-14
2667.169811320755,7.564976897997169e-15
2667.3207547169814,9.934311960712155e-15
2667.4716981132074,1.7034473481024282e-14
2667.622641509434,3.523634289825036e-15
2667.7735849056603,1.372440710181385e-14
2667.9245283018868,1.4191926007275165e-14
2668.0754716981132,4.93139203772976e-15
2668.2264150943397,1.3748774176854462e-14
2668.377358490566,1.3697160901279188e-14
2668.5283018867926,4.8348991344779404e-15
2668.6792452830186,1.4450642368277327e-14
2668.830188679245,1.434378982701781e-14
2668.9811320754716,2.6349795094126816e-16
2669.132075471698,2.4311610993831382e-14
2669.2830188679245,5.090490749649534e-16
2669.433962264151,1.481465566787723e-14
2669.5849056603774,1.2792025707930631e-14
2669.735849056604,6.705966304963799e-15
2669.8867924528304,1.4136838866795981e-14
2670.0377358490564,9.76259236338752e-15
2670.188679245283,1.1076521639688835e-14
2670.3396226415093,1.0276680599533847e-14
2670.490566037736,1.2585070920272169e-14
2670.6415094339623,9.04832094664961e-15
2670.7924528301887,1.2077276161664942e-14
2670.943396226415,1.0759673760574965e-14
2671.0943396226417,1.1096176639812153e-14
2671.245283018868,9.776213000104889e-15
2671.396226415094,1.3334473452466518e-14
2671.5471698113206,8.594824064813645e-15
2671.698113207547,1.1965338830301952e-14
2671.8490566037735,1.1234957270908664e-14
2672.0,1.1661488510950224e-14
2672.1509433962265,6.9233159459489545e-15
2672.301886792453,1.8682445163749968e-14
2672.4528301886794,2.5303596115131516e-15
2672.603773584906,1.61405471996568e-14
2672.754716981132,1.1703306686832153e-14
2672.9056603773583,5.4831346373612685e-15
2673.056603773585,1.7277720851798008e-14
2673.2075471698113,8.75214536085428e-15
2673.3584905660377,7.287613202956836e-15
2673.509433962264,1.8467320571380813e-14
2673.6603773584907,5.041447223201878e-15
2673.811320754717,1.1550906502046766e-14
2673.9622641509436,1.5964592332763443e-14
2674.1132075471696,4.5235805786961825e-15
2674.264150943396,1.5213184359871353e-14
2674.4150943396226,9.846073317296828e-15
2674.566037735849,1.247136798212141e-14
2674.7169811320755,6.109430137341069e-15
2674.867924528302,1.9473189774551916e-14
2675.0188679245284,3.2459513442837517e-15
2675.169811320755,1.3938554399557638e-14
2675.3207547169814,1.4262651464129683e-14
2675.4716981132074,4.9235284504779164e-15
2675.622641509434,1.6211557800481185e-14
2675.7735849056603,8.482919806726937e-15
2675.9245283018868,1.3291517494561311e-14
2676.0754716981132,6.532959510947919e-15
2676.2264150943397,1.8691645430745694e-14
2676.377358490566,2.646014776202907e-15
2676.5283018867926,1.7822544227629143e-14
2676.6792452830186,7.665258994634e-15
2676.830188679245,1.168563182954088e-14
2676.9811320754716,1.1869779311804473e-14
2677.132075471698,1.1393598537758426e-14
2677.2830188679245,8.67740474954502e-15
2677.433962264151,1.4584971544246562e-14
2677.5849056603774,1.0342769749772314e-14
2677.735849056604,6.592868641373509e-15
2677.8867924528304,1.9838553827271324e-14
2678.0377358490564,3.685352116622712e-15
2678.188679245283,1.2895760461812293e-14
2678.3396226415093,1.4291091796216715e-14
2678.490566037736,9.728244371548744e-15
2678.6415094339623,4.8776655514900765e-15
2678.7924528301887,2.5214701029334925e-14
2678.943396226415,-4.002947664151876e-15
2679.0943396226417,2.0663572674657207e-14
2679.245283018868,8.786905326135777e-15
2679.396226415094,1.1482193574419025e-14
2679.5471698113206,7.626938661241104e-15
2679.698113207547,1.8916868269549693e-14
2679.8490566037735,3.4745943765800548e-15
2680.0,1.5239573619914252e-14
2680.1509433962265,1.0751664331546915e-14
2680.301886792453,1.1504156742186256e-14
2680.4528301886794,9.093840690272454e-15
2680.603773584906,1.442147032571658e-14
2680.754716981132,9.225844290857149e-15
2680.9056603773583,1.1625502301509268e-14
2681.056603773585,1.1324697542420777e-14
2681.2075471698113,1.1763848564533159e-14
2681.3584905660377,1.169510834887451e-14
2681.509433962264,6.880144456073523e-15
2681.6603773584907,2.1479874733890207e-14
2681.811320754717,-2.6187872088942247e-15
2681.9622641509436,2.3804198952983636e-14
2682.1132075471696,4.899082451275751e-15
2682.264150943396,1.0908356002282924e-14
2682.4150943396226,1.4988773481188877e-14
2682.566037735849,9.187103489209856e-15
2682.7169811320755,9.767677289126596e-15
2682.867924528302,1.464147852034742e-14
2683.0188679245284,1.0074398946041834e-14
2683.169811320755,9.257618492477146e-15
2683.3207547169814,1.3311685239278935e-14
2683.4716981132074,1.5076501922806526e-14
2683.622641509434,6.442148234918763e-17
2683.7735849056603,2.53114958711142e-14
2683.9245283018868,3.4489065924713427e-15
2684.0754716981132,7.307977778319902e-15
2684.2264150943397,2.6167066291761915e-14
2684.377358490566,-6.4182203918235336e-15
2684.5283018867926,2.3065375566881132e-14
2684.6792452830186,1.0663933462650185e-14
2684.830188679245,3.1820535330747836e-15
2684.9811320754716,2.191129688147455e-14
2685.132075471698,4.8140067320202035e-15
2685.2830188679245,1.216882102712964e-14
2685.433962264151,1.410903359321783e-14
2685.5849056603774,8.848341890075152e-15
2685.735849056604,1.2125586062728872e-14
2685.8867924528304,1.1929933086756222e-14
2686.0377358490564,1.1194077832318085e-14
2686.188679245283,1.0942444165384724e-14
2686.3396226415093,1.186124952137622e-14
2686.490566037736,1.2056376960878741e-14
2686.6415094339623,9.96956816839445e-15
2686.7924528301887,1.2562141725126086e-14
2686.943396226415,1.1709426100611582e-14
2687.0943396226417,1.0649643697846227e-14
2687.245283018868,1.055865281114103e-14
2687.396226415094,1.5790498454634458e-14
2687.5471698113206,4.6973935419443754e-15
2687.698113207547,1.7595012635655927e-14
2687.8490566037735,8.910169090113551e-15
2688.0,1.0048306388861681e-14
2688.1509433962265,1.5372608984586184e-14
2688.301886792453,7.064750237762585e-15
2688.4528301886794,1.557365808832537e-14
2688.603773584906,8.334287828661434e-15
2688.754716981132,1.2895364511313015e-14
2688.9056603773583,1.2638872643936742e-14
2689.056603773585,9.284758284195717e-15
2689.2075471698113,1.1220085434970905e-14
2689.3584905660377,1.7354421796170884e-14
2689.509433962264,2.0550797505580807e-15
2689.6603773584907,1.7923583702901827e-14
2689.811320754717,1.4600831323103727e-14
2689.9622641509436,-3.3122943829359946e-16
2690.1132075471696,2.414712514858565e-14
2690.264150943396,7.266670085528328e-15
2690.4150943396226,5.791007628805669e-15
2690.566037735849,2.0400245356515775e-14
2690.7169811320755,9.359203083696323e-15
2690.867924528302,2.9824294202452075e-15
2691.0188679245284,2.7138482743374457e-14
2691.169811320755,-3.204307894685969e-15
2691.3207547169814,2.0663354952993296e-14
2691.4716981132074,7.711805588390557e-15
2691.622641509434,1.374323380880163e-14
2691.7735849056603,9.755889525534722e-15
2691.9245283018868,1.076279848125789e-14
2692.0754716981132,1.9103642773451892e-14
2692.2264150943397,-3.708577533771676e-15
2692.377358490566,3.14390332270023e-14
2692.5283018867926,-6.5065057845559605e-15
2692.6792452830186,2.2871419833610834e-14
2692.830188679245,9.306437196872078e-15
2692.9811320754716,6.484046482332488e-15
2693.132075471698,2.081215187509527e-14
2693.2830188679245,2.614748820400425e-15
2693.433962264151,1.747904103585479e-14
2693.5849056603774,1.0032504170951664e-14
2693.735849056604,1.0214214203858254e-14
2693.8867924528304,1.4758131107613363e-14
2694.0377358490564,7.373156146417277e-15
2694.188679245283,1.766720173372396e-14
2694.3396226415093,4.274247818445266e-15
2694.490566037736,1.8822279790600762e-14
2694.6415094339623,7.404496775870178e-15
2694.7924528301887,1.120954181094691e-14
2694.943396226415,1.7282606660838434e-14
2695.0943396226417,2.9160461745514675e-15
2695.245283018868,2.0471260690480456e-14
2695.396226415094,5.79874341034678e-15
2695.5471698113206,1.4363525554388237e-14
2695.698113207547,1.0643736531680323e-14
2695.8490566037735,1.3248331886038856e-14
2696.0,9.691536174681391e-15
2696.1509433962265,1.2300550315664421e-14
2696.301886792453,1.5302039860522053e-14
2696.4528301886794,3.0930699607164995e-15
2696.603773584906,2.3919974887708148e-14
2696.754716981132,-1.8208563758073897e-16
2696.9056603773583,1.9229751088500252e-14
2697.056603773585,1.1796260798900256e-14
2697.2075471698113,4.417180641085123e-15
2697.3584905660377,2.2408091672614017e-14
2697.509433962264,4.313475346051872e-15
2697.6603773584907,1.121298124534559e-14
2697.811320754717,2.051861126437794e-14
2697.9622641509436,-1.7238938351131812e-16
2698.1132075471696,2.0310091144201918e-14
2698.264150943396,1.1249133237142057e-14
2698.4150943396226,4.691781254538488e-15
2698.566037735849,2.2214109018575146e-14
2698.7169811320755,3.780155685218823e-15
2698.867924528302,1.4089202043304625e-14
2699.0188679245284,1.5087283820423475e-14
2699.169811320755,6.042292024699112e-15
2699.3207547169814,1.6980242872317805e-14
2699.4716981132074,8.892865200092106e-15
2699.622641509434,1.3108969026325812e-14
2699.7735849056603,1.0853707254193164e-14
2699.9245283018868,1.3724612277853921e-14
2700.0754716981132,9.104705716966452e-15
2700.2264150943397,1.465104247980706e-14
2700.377358490566,1.011715996946341e-14
2700.5283018867926,1.2326584340108043e-14
2700.6792452830186,1.1901744639005991e-14
2700.830188679245,1.2885921950320602e-14
2700.9811320754716,9.06356671415748e-15
2701.132075471698,1.5658682315823802e-14
2701.2830188679245,9.521370281436482e-15
2701.433962264151,1.1279232562471397e-14
2701.5849056603774,1.4186623686080585e-14
2701.735849056604,1.220640203077734e-14
2701.8867924528304,5.63427214648077e-15
2702.0377358490564,2.2636027555504393e-14
2702.188679245283,3.5355669716072135e-15
2702.3396226415093,1.135720177275858e-14
2702.490566037736,2.1800594318416295e-14
2702.6415094339623,5.72734213322791e-18
2702.7924528301887,1.6592074925428884e-14
2702.943396226415,1.8850577827711513e-14
2703.0943396226417,-2.4735082855483772e-15
2703.245283018868,2.4886550605233248e-14
2703.396226415094,8.034973544128695e-15
2703.5471698113206,5.513204750489445e-15
2703.698113207547,2.4808741702507757e-14
2703.8490566037735,-2.304881733636027e-15
2704.0,2.5436496369248135e-14
2704.1509433962265,-2.572877126171341e-16
2704.301886792453,2.1138813521361405e-14
2704.4528301886794,1.04194739867077e-14
2704.603773584906,2.7766919002792167e-15
2704.754716981132,2.896591760027569e-14
2704.9056603773583,-3.3858898181633613e-15
2705.056603773585,1.713690978623532e-14
2705.2075471698113,1.76181123712782e-14
2705.3584905660377,4.193531800975675e-15
2705.509433962264,1.2183386682614937e-14
2705.6603773584907,2.2186861951179457e-14
2705.811320754717,-2.0670280992110085e-15
2705.9622641509436,2.114234114925449e-14
2706.1132075471696,1.1376644780183048e-14
2706.264150943396,8.598089945770387e-15
2706.4150943396226,1.2597995570714515e-14
2706.566037735849,1.736633967363926e-14
2706.7169811320755,4.200487457043331e-15
2706.867924528302,1.6632948668058413e-14
2707.0188679245284,1.3888403810570488e-14
2707.169811320755,5.637023714764675e-15
2707.3207547169814,1.8728176436897088e-14
2707.4716981132074,8.51242155937439e-15
2707.622641509434,1.2468642034532605e-14
2707.7735849056603,1.2619040944546046e-14
2707.9245283018868,1.3026202724402815e-14
2708.0754716981132,9.139188947395251e-15
2708.2264150943397,1.5664010632698417e-14
2708.377358490566,1.0075205742768299e-14
2708.5283018867926,1.1751431050466832e-14
2708.6792452830186,1.3344599161078823e-14
2708.830188679245,1.3085464495911195e-14
2708.9811320754716,7.013343971984716e-15
2709.132075471698,2.0171000649431596e-14
2709.2830188679245,4.9924503650679975e-15
2709.433962264151,1.4892817170173984e-14
2709.5849056603774,1.4350100260725737e-14
2709.735849056604,7.331469806333214e-15
2709.8867924528304,1.6549475038462222e-14
2710.0377358490564,9.68516825547809e-15
2710.188679245283,1.3114940715395924e-14
2710.3396226415093,1.1601309782654047e-14
2710.490566037736,1.2916180394190248e-14
2710.6415094339623,1.1411177159611677e-14
2710.7924528301887,1.2726287067452859e-14
2710.943396226415,1.1643217282609383e-14
2711.0943396226417,1.2927306972006212e-14
2711.245283018868,1.1821275158123228e-14
2711.396226415094,1.1015592400928739e-14
2711.5471698113206,1.5351741055832805e-14
2711.698113207547,8.175154348943038e-15
2711.8490566037735,1.5601098132032207e-14
2712.0,9.75189993992661e-15
2712.1509433962265,1.4321210200379602e-14
2712.301886792453,1.1004681401679329e-14
2712.4528301886794,1.0289392334145499e-14
2712.603773584906,1.9011712758271382e-14
2712.754716981132,1.8379715204149186e-15
2712.9056603773583,2.2938860126805978e-14
2713.056603773585,3.3850982248079026e-15
2713.2075471698113,1.9620007731625836e-14
2713.3584905660377,5.598833416637107e-15
2713.509433962264,1.6753116560063284e-14
2713.6603773584907,1.2860675578210717e-14
2713.811320754717,5.36946934834955e-15
2713.9622641509436,2.252794035970999e-14
2714.1132075471696,4.509183928102638e-15
2714.264150943396,1.249171327226352e-14
2714.4150943396226,2.0307267335649145e-14
2714.566037735849,1.672709655057912e-16
2714.7169811320755,2.221670206713561e-14
2714.867924528302,8.855709094635117e-15
2715.0188679245284,9.284777644581864e-15
2715.169811320755,1.8020551426493834e-14
2715.3207547169814,8.243364267728223e-15
2715.4716981132074,1.2790235650678564e-14
2715.622641509434,1.3637783139810458e-14
2715.7735849056603,1.2918270285523993e-14
2715.9245283018868,7.441974043463595e-15
2716.0754716981132,2.0065009601099678e-14
2716.2264150943397,5.950026625960334e-15
2716.377358490566,1.37031672782819e-14
2716.5283018867926,1.6105725682118647e-14
2716.6792452830186,6.522744064828831e-15
2716.830188679245,1.6854505935386074e-14
2716.9811320754716,9.758053158971763e-15
2717.132075471698,1.5156893354207785e-14
2717.2830188679245,7.127297449766533e-15
2717.433962264151,1.971423966603063e-14
2717.5849056603774,5.375122061036224e-15
2717.735849056604,1.6638163907083054e-14
2717.8867924528304,1.1451853112907276e-14
2718.0377358490564,1.0217477105957493e-14
2718.188679245283,1.745327414845281e-14
2718.3396226415093,5.157404179261574e-15
2718.490566037736,1.9014546982002976e-14
2718.6415094339623,1.0164246843392208e-14
2718.7924528301887,8.40649326401739e-15
2718.943396226415,2.034309842645085e-14
2719.0943396226417,5.279732216020145e-15
2719.245283018868,1.5055337513292566e-14
2719.396226415094,1.4294478594636143e-14
2719.5471698113206,8.75174468278717e-15
2719.698113207547,1.4899460853070423e-14
2719.8490566037735,1.2142687435616618e-14
2720.0,1.1476788479457345e-14
2720.1509433962265,1.2967461935876558e-14
2720.301886792453,1.3086165588230418e-14
2720.4528301886794,1.1089907548576456e-14
2720.603773584906,1.3301603744411533e-14
2720.754716981132,1.276159898067916e-14
2720.9056603773583,1.1380932253600953e-14
2721.056603773585,1.2981006520114684e-14
2721.2075471698113,1.3401388804018976e-14
2721.3584905660377,1.0496352486128013e-14
2721.509433962264,1.3628421025409443e-14
2721.6603773584907,1.3561745804192934e-14
2721.811320754717,9.983602654779963e-15
2721.9622641509436,1.3048816292523467e-14
2722.1132075471696,1.6660304915927695e-14
2722.264150943396,4.5492624166557485e-15
2722.4150943396226,1.9025975669373984e-14
2722.566037735849,1.2686480264351598e-14
2722.7169811320755,4.4631640744479005e-15
2722.867924528302,2.4134439932714364e-14
2723.0188679245284,3.719006701631763e-15
2723.169811320755,1.3839222644483851e-14
2723.3207547169814,1.908462498397213e-14
2723.4716981132074,1.166704968392712e-15
2723.622641509434,2.3810670897120456e-14
2723.7735849056603,5.396418195444672e-15
2723.9245283018868,1.3716079385435276e-14
2724.0754716981132,1.6245236221167135e-14
2724.2264150943397,6.192893772657247e-15
2724.377358490566,2.00301044679549e-14
2724.5283018867926,3.726397325940143e-15
2724.6792452830186,2.2883228634646795e-14
2724.830188679245,1.9728744306247503e-15
2724.9811320754716,2.1071482340259832e-14
2725.132075471698,7.0334960505669815e-15
2725.2830188679245,1.6372659904468106e-14
2725.433962264151,8.398617034395325e-15
2725.5849056603774,1.726991178936748e-14
2725.735849056604,9.653075400170965e-15
2725.8867924528304,1.0698753013942929e-14
2726.0377358490564,1.982401559244081e-14
2726.188679245283,2.812780348339284e-15
2726.3396226415093,2.0344200655540802e-14
2726.490566037736,9.750642630909833e-15
2726.6415094339623,1.0513622617057577e-14
2726.7924528301887,1.7820561993311785e-14
2726.943396226415,5.669124604061732e-15
2727.0943396226417,2.0356271496939207e-14
2727.245283018868,4.96275041684985e-15
2727.396226415094,1.902889576230764e-14
2727.5471698113206,7.660108391250073e-15
2727.698113207547,1.675269859849673e-14
2727.8490566037735,8.779037241394083e-15
2728.0,1.5384494094922085e-14
2728.1509433962265,1.23370658945729e-14
2728.301886792453,9.869411454664787e-15
2728.4528301886794,1.7274142745972665e-14
2728.603773584906,8.089267569098297e-15
2728.754716981132,1.567151514095063e-14
2728.9056603773583,1.1103646268089872e-14
2729.056603773585,1.3541703105226321e-14
2729.2075471698113,1.1646605005741065e-14
2729.3584905660377,1.3668063393895452e-14
2729.509433962264,1.2177498954954815e-14
2729.6603773584907,1.2259482246833111e-14
2729.811320754717,1.3423224368396069e-14
2729.9622641509436,1.2465900107953153e-14
2730.1132075471696,1.1938933020521564e-14
2730.264150943396,1.3176550719134157e-14
2730.4150943396226,1.429599564892663e-14
2730.566037735849,8.115708454784248e-15
2730.7169811320755,1.8681663986955812e-14
2730.867924528302,7.672109162561718e-15
2731.0188679245284,1.5568349484138832e-14
2731.169811320755,1.1096103497969605e-14
2731.3207547169814,1.4070048280368238e-14
2731.4716981132074,1.1857572902185365e-14
2731.622641509434,1.1492985242070314e-14
2731.7735849056603,1.681217394829332e-14
2731.9245283018868,6.481825562142452e-15
2732.0754716981132,1.9174837663069933e-14
2732.2264150943397,7.413770501015245e-15
2732.377358490566,1.6564465805986235e-14
2732.5283018867926,9.812980835916563e-15
2732.6792452830186,1.509688467844959e-14
2732.830188679245,1.0698511519881407e-14
2732.9811320754716,1.466837787341311e-14
2733.132075471698,1.0234973303119508e-14
2733.2830188679245,1.6104485793108816e-14
2733.433962264151,9.362653820787708e-15
2733.5849056603774,1.4207936948779426e-14
2733.735849056604,1.426474837693574e-14
2733.8867924528304,9.493242041024674e-15
2734.0377358490564,1.4724330030534886e-14
2734.188679245283,1.4220823180929318e-14
2734.3396226415093,8.039802220936978e-15
2734.490566037736,1.9301863877032857e-14
2734.6415094339623,4.644895397810873e-15
2734.7924528301887,2.352526299041573e-14
2734.943396226415,-9.7375322718935e-16
2735.0943396226417,2.750089043534383e-14
2735.245283018868,2.873377174510152e-16
2735.396226415094,2.070182108957752e-14
2735.5471698113206,9.738246933253854e-15
2735.698113207547,1.1872731963957656e-14
2735.8490566037735,1.6379488176570972e-14
2736.0,7.74014879003106e-15
2736.1509433962265,1.7989856270685163e-14
2736.301886792453,8.506000891919387e-15
2736.4528301886794,1.5781482741951028e-14
2736.603773584906,1.0701115847514928e-14
2736.754716981132,1.4613922975360716e-14
2736.9056603773583,1.1187437465782152e-14
2737.056603773585,1.3648996332316472e-14
2737.2075471698113,1.3240832236813851e-14
2737.3584905660377,1.1563895706893437e-14
2737.509433962264,1.3451174098142579e-14
2737.6603773584907,1.3840577432673575e-14
2737.811320754717,1.1108357362241268e-14
2737.9622641509436,1.2345390316985459e-14
2738.1132075471696,1.7759012583508673e-14
2738.264150943396,4.544125320497506e-15
2738.4150943396226,2.0065162189498504e-14
2738.566037735849,1.0866017130341523e-14
2738.7169811320755,9.402853592070915e-15
2738.867924528302,1.742859893507929e-14
2739.0188679245284,1.1905356253380217e-14
2739.169811320755,9.098022885455631e-15
2739.3207547169814,1.785904160903186e-14
2739.4716981132074,1.1148304420739351e-14
2739.622641509434,9.41426713000396e-15
2739.7735849056603,1.9565393007704292e-14
2739.9245283018868,6.306374293026529e-15
2740.0754716981132,1.7107215349699656e-14
2740.2264150943397,1.0784514117416118e-14
2740.377358490566,1.4218366088404144e-14
2740.5283018867926,1.113936852152018e-14
2740.6792452830186,1.5071178072685873e-14
2740.830188679245,1.0747311869797406e-14
2740.9811320754716,1.4552429257224143e-14
2741.132075471698,1.1632356025681705e-14
2741.2830188679245,1.3886222401803631e-14
2741.433962264151,1.2146562545803575e-14
2741.5849056603774,1.328787920265747e-14
2741.735849056604,1.25996652571712e-14
2741.8867924528304,1.3705796344183519e-14
2742.0377358490564,1.1275661788159042e-14
2742.188679245283,1.4425517643405822e-14
2742.3396226415093,1.330975715413752e-14
2742.490566037736,9.5514316178227e-15
2742.6415094339623,1.7977994407498058e-14
2742.7924528301887,8.930147272605843e-15
2742.943396226415,1.3791249058476474e-14
2743.0943396226417,1.4995867295840622e-14
2743.245283018868,9.100438517301569e-15
2743.396226415094,1.812592750154498e-14
2743.5471698113206,5.705463595399151e-15
2743.698113207547,2.196043981404388e-14
2743.8490566037735,4.570398105151717e-15
2744.0,1.680009263551255e-14
2744.1509433962265,1.5772135699651294e-14
2744.301886792453,5.042634321006448e-15
2744.4528301886794,2.1412432545192347e-14
2744.603773584906,7.365303103509317e-15
2744.754716981132,1.5986481278582782e-14
2744.9056603773583,9.774282621418237e-15
2745.056603773585,1.687060962531161e-14
2745.2075471698113,1.1644453521280878e-14
2745.3584905660377,7.71272595855452e-15
2745.509433962264,2.408936863605887e-14
2745.6603773584907,1.9628868394299427e-15
2745.811320754717,1.748790492470794e-14
2745.9622641509436,1.6094460631014116e-14
2746.1132075471696,6.3205436017647656e-15
2746.264150943396,1.8243058526288034e-14
2746.4150943396226,1.0847370839121259e-14
2746.566037735849,1.2997175268593414e-14
2746.7169811320755,1.3993569160691157e-14
2746.867924528302,1.0458603353274555e-14
2747.0188679245284,1.8023897131139067e-14
2747.169811320755,5.595749901199672e-15
2747.3207547169814,2.102370079480396e-14
2747.4716981132074,6.21596369921971e-15
2747.622641509434,1.78976157421375e-14
2747.7735849056603,8.98318309430269e-15
2747.9245283018868,1.75051706736035e-14
2748.0754716981132,7.652273763553298e-15
2748.2264150943397,1.8104416120321893e-14
2748.377358490566,9.382369190252381e-15
2748.5283018867926,1.556657655723195e-14
2748.6792452830186,9.170809488684303e-15
2748.830188679245,2.0319522695743022e-14
2748.9811320754716,2.6666573505058487e-15
2749.132075471698,2.309286533443747e-14
2749.2830188679245,6.889324432766573e-15
2749.433962264151,1.4033124904046715e-14
2749.5849056603774,1.5103748948003846e-14
2749.735849056604,1.1147550820063463e-14
2749.8867924528304,1.2641942996382496e-14
2750.0377358490564,1.543954662578125e-14
2750.188679245283,1.0194931211092889e-14
2750.3396226415093,1.505987904335668e-14
2750.490566037736,1.1655515509223776e-14
2750.6415094339623,1.495629960437124e-14
2750.7924528301887,9.662171411816944e-15
2750.943396226415,1.7479084972320157e-14
2751.0943396226417,9.065860056416229e-15
2751.245283018868,1.5438875863787405e-14
2751.396226415094,1.1362078361823213e-14
2751.5471698113206,1.6716050163613117e-14
2751.698113207547,5.297157497488179e-15
2751.8490566037735,2.3984388242765968e-14
2752.0,2.7250532107523976e-15
2752.1509433962265,1.9190326719714167e-14
2752.301886792453,1.1458577238329956e-14
2752.4528301886794,1.3134034760191184e-14
2752.603773584906,1.1017184056056594e-14
2752.754716981132,1.8603103260230995e-14
2752.9056603773583,4.618463450588868e-15
2753.056603773585,2.299814375646637e-14
2753.2075471698113,3.2740163477334466e-15
2753.3584905660377,2.115659134263935e-14
2753.509433962264,7.872015156134284e-15
2753.6603773584907,1.5185297512809628e-14
2753.811320754717,1.3507887541058442e-14
2753.9622641509436,1.0713139899534992e-14
2754.1132075471696,1.7337311788160356e-14
2754.264150943396,6.748212977125324e-15
2754.4150943396226,2.109109556339556e-14
2754.566037735849,5.222689368045718e-15
2754.7169811320755,1.8132740456106043e-14
2754.867924528302,1.2715793551079484e-14
2755.0188679245284,9.522795002142543e-15
2755.169811320755,1.7434586919283666e-14
2755.3207547169814,1.1782004560454911e-14
2755.4716981132074,9.325071130218532e-15
2755.622641509434,2.1161213946632393e-14
2755.7735849056603,4.181108686207764e-15
2755.9245283018868,1.866515384076752e-14
2756.0754716981132,1.3394301006219465e-14
2756.2264150943397,8.302763735519815e-15
2756.377358490566,1.7588421951071976e-14
2756.5283018867926,1.4367399575245675e-14
2756.6792452830186,4.087407949739221e-15
2756.830188679245,2.7096692247816108e-14
2756.9811320754716,-1.8157038261107984e-16
2757.132075471698,2.121724757184751e-14
2757.2830188679245,1.127358145128274e-14
2757.433962264151,1.0866169048321319e-14
2757.5849056603774,1.6072949914230328e-14
2757.735849056604,1.2488502603025006e-14
2757.8867924528304,9.946374641514437e-15
2758.0377358490564,1.9792637599587128e-14
2758.188679245283,5.3129149282947664e-15
2758.3396226415093,1.8285251799473375e-14
2758.490566037736,1.4519481207584825e-14
2758.6415094339623,4.035312161494461e-15
2758.7924528301887,2.6380611469503705e-14
2758.943396226415,3.095475777624278e-15
2759.0943396226417,1.3730468316021282e-14
2759.245283018868,2.2157640135873534e-14
2759.396226415094,1.3577571152483347e-15
2759.5471698113206,1.858685430797647e-14
2759.698113207547,1.9023655794286046e-14
2759.8490566037735,-1.2898903101195078e-15
2760.0,2.758941725032741e-14
2760.1509433962265,7.531103633604888e-15
2760.301886792453,6.406849473733093e-15
2760.4528301886794,2.8954597485805024e-14
2760.603773584906,-4.3702224899658855e-15
2760.754716981132,2.6304706185964464e-14
2760.9056603773583,5.830897794592122e-15
2761.056603773585,1.7431126540067464e-14
2761.2075471698113,8.998040861328093e-15
2761.3584905660377,1.6717481278810066e-14
2761.509433962264,1.4390111547761572e-14
2761.6603773584907,3.1055755906598552e-15
2761.811320754717,3.1869814147489495e-14
2761.9622641509436,-8.705266018479987e-15
2762.1132075471696,3.10708941730421e-14
2762.264150943396,3.13511506929811e-15
2762.4150943396226,1.685876450858632e-14
2762.566037735849,1.160521645184357e-14
2762.7169811320755,1.5557753888987548e-14
2762.867924528302,9.955458175248197e-15
2763.0188679245284,1.6135237279386087e-14
2763.169811320755,1.0942093916465108e-14
2763.3207547169814,1.4957602905022655e-14
2763.4716981132074,1.2137865278852044e-14
2763.622641509434,1.2572844013743305e-14
2763.7735849056603,1.614759551050698e-14
2763.9245283018868,8.411741911497006e-15
2764.0754716981132,1.8350118126433545e-14
2764.2264150943397,9.037764174195014e-15
2764.377358490566,1.582832303306328e-14
2764.5283018867926,1.1811462286212569e-14
2764.6792452830186,1.3933046982703609e-14
2764.830188679245,1.2638114587460992e-14
2764.9811320754716,1.3868024527197882e-14
2765.132075471698,1.2345894141398537e-14
2765.2830188679245,1.411093209258412e-14
2765.433962264151,1.2673738022650054e-14
2765.5849056603774,1.2866330533160373e-14
2765.735849056604,1.4502474906023812e-14
2765.8867924528304,1.1674015065872059e-14
2766.0377358490564,1.383300019531681e-14
2766.188679245283,1.3916362929214414e-14
2766.3396226415093,1.2563658687172789e-14
2766.490566037736,1.1283163781374486e-14
2766.6415094339623,1.8994740837092803e-14
2766.7924528301887,5.37397453365085e-15
2766.943396226415,1.9453413344089495e-14
2767.0943396226417,1.0797636660963396e-14
2767.245283018868,1.3266115734566984e-14
2767.396226415094,1.1864538826268137e-14
2767.5471698113206,1.801808920415979e-14
2767.698113207547,6.977457186417223e-15
2767.8490566037735,1.5961068405986198e-14
2768.0,1.8217184322047223e-14
2768.1509433962265,6.4180905738010035e-18
2768.301886792453,3.1282225361231037e-14
2768.4528301886794,-4.226587422638759e-15
2768.603773584906,2.4796625282954616e-14
2768.754716981132,1.0951536989442437e-14
2768.9056603773583,5.970668643811917e-15
2769.056603773585,2.6932458286496324e-14
2769.2075471698113,-2.0007635897458877e-15
2769.3584905660377,2.6102650571240807e-14
2769.509433962264,3.671576876169451e-15
2769.6603773584907,2.080632653697131e-14
2769.811320754717,7.01720195892263e-15
2769.9622641509436,1.6149548161420908e-14
2770.1132075471696,1.658961668176418e-14
2770.264150943396,3.4676148116860406e-15
2770.4150943396226,2.530036844726342e-14
2770.566037735849,4.3614978905114185e-15
2770.7169811320755,1.6618925014708735e-14
2770.867924528302,1.3286481475232576e-14
2771.0188679245284,1.3518530574713045e-14
2771.169811320755,1.0440045183768963e-14
2771.3207547169814,1.9006652434225992e-14
2771.4716981132074,4.415545490413582e-15
2771.622641509434,2.5046278950090593e-14
2771.7735849056603,5.613724543192718e-16
2771.9245283018868,2.238491292535545e-14
2772.0754716981132,1.1539052285827648e-14
2772.2264150943397,8.02860383074961e-15
2772.377358490566,2.0207006229685207e-14
2772.5283018867926,1.0524255260762285e-14
2772.6792452830186,9.674774822490475e-15
2772.830188679245,2.036045786438471e-14
2772.9811320754716,6.951303082714742e-15
2773.132075471698,1.716960097197466e-14
2773.2830188679245,9.530639351352567e-15
2773.433962264151,1.9842168019330016e-14
2773.5849056603774,3.6171195876575035e-15
2773.735849056604,2.271984592751398e-14
2773.8867924528304,7.756159928688338e-15
2774.0377358490564,1.3742463564915004e-14
2774.188679245283,1.5681662536375307e-14
2774.3396226415093,1.094337692866501e-14
2774.490566037736,1.4059931534988351e-14
2774.6415094339623,1.3475557806632283e-14
2774.7924528301887,1.2915217447075088e-14
2774.943396226415,1.3911509601694168e-14
2775.0943396226417,1.1578219369045213e-14
2775.245283018868,1.560622605284913e-14
2775.396226415094,1.2335215449008723e-14
2775.5471698113206,1.0887131231204249e-14
2775.698113207547,1.8249012110405624e-14
2775.8490566037735,9.176279539620855e-15
2776.0,1.292251806770701e-14
2776.1509433962265,1.8619365129924414e-14
2776.301886792453,5.650891804898021e-15
2776.4528301886794,1.9885855318757354e-14
2776.603773584906,8.340617963612216e-15
2776.754716981132,1.864857483393521e-14
2776.9056603773583,5.353084651213073e-15
2777.056603773585,2.3148593925757254e-14
2777.2075471698113,4.099357396215019e-15
2777.3584905660377,1.9876198885174498e-14
2777.509433962264,8.673332311329337e-15
2777.6603773584907,1.760552393818919e-14
2777.811320754717,8.700044499501195e-15
2777.9622641509436,1.65877076558591e-14
2778.1132075471696,1.3263028921409443e-14
2778.264150943396,9.664642437963827e-15
2778.4150943396226,1.806941909363171e-14
2778.566037735849,1.1197003185830997e-14
2778.7169811320755,1.0183319197493597e-14
2778.867924528302,2.0435083840518267e-14
2779.0188679245284,6.1052450339865524e-15
2779.169811320755,1.6444659941396846e-14
2779.3207547169814,1.5308909866785754e-14
2779.4716981132074,8.098977198453038e-15
2779.622641509434,1.821421348548183e-14
2779.7735849056603,1.0934646143555046e-14
2779.9245283018868,1.2903593033818024e-14
2780.0754716981132,1.470514210097287e-14
2780.2264150943397,1.2853148307327397e-14
2780.377358490566,1.1877954441344843e-14
2780.5283018867926,1.519453318848645e-14
2780.6792452830186,1.3576552484492338e-14
2780.830188679245,8.922988594431913e-15
2780.9811320754716,2.0686429081378374e-14
2781.132075471698,6.386876447885982e-15
2781.2830188679245,1.6133386769691427e-14
2781.433962264151,1.5407117852068536e-14
2781.5849056603774,8.221736348367912e-15
2781.735849056604,1.8064445454157913e-14
2781.8867924528304,1.0895008165610553e-14
2782.0377358490564,1.3280962091510282e-14
2782.188679245283,1.4061490229373552e-14
2782.3396226415093,1.3515744878429886e-14
2782.490566037736,1.1505493109809274e-14
2782.6415094339623,1.5190617771672152e-14
2782.7924528301887,1.3708588599434242e-14
2782.943396226415,9.142539640997125e-15
2783.0943396226417,1.9843484084190168e-14
2783.245283018868,7.571648276175534e-15
2783.396226415094,1.539346825423582e-14
2783.5471698113206,1.509357673007841e-14
2783.698113207547,9.248205404553016e-15
2783.8490566037735,1.7701799830340834e-14
2784.0,9.368818273680104e-15
2784.1509433962265,1.609553934358344e-14
2784.301886792453,1.267783588162002e-14
2784.4528301886794,1.0750279793236845e-14
2784.603773584906,1.815589723560205e-14
2784.754716981132,8.839742764026443e-15
2784.9056603773583,1.434414610660841e-14
2785.056603773585,1.652952428636534e-14
2785.2075471698113,7.296774801750862e-15
2785.3584905660377,1.9427445370591453e-14
2785.509433962264,8.667514763976566e-15
2785.6603773584907,1.6258100172483326e-14
2785.811320754717,1.110885411949761e-14
2785.9622641509436,1.5416207137181047e-14
2786.1132075471696,1.093573633419877e-14
2786.264150943396,1.5747528971196617e-14
2786.4150943396226,1.0811534383983757e-14
2786.566037735849,1.5655808426513924e-14
2786.7169811320755,1.1168512319222339e-14
2786.867924528302,1.496486226270877e-14
2787.0188679245284,1.1887301151408661e-14
2787.169811320755,1.4940326200636467e-14
2787.3207547169814,1.0770795256573191e-14
2787.4716981132074,1.6501454825336523e-14
2787.622641509434,1.0432083966661373e-14
2787.7735849056603,1.462575616156773e-14
2787.9245283018868,1.3031964219767615e-14
2788.0754716981132,1.4723990060430977e-14
2788.2264150943397,8.2089216899467e-15
2788.377358490566,2.1963932717976077e-14
2788.5283018867926,4.176199878192207e-15
2788.6792452830186,1.8397806825069794e-14
2788.830188679245,1.4476570028065514e-14
2788.9811320754716,7.439813776616615e-15
2789.132075471698,1.882022330890537e-14
2789.2830188679245,1.2749844933969479e-14
2789.433962264151,8.136131834774134e-15
2789.5849056603774,1.977452077538547e-14
2789.735849056604,1.1144337342890982e-14
2789.8867924528304,8.806695607733618e-15
2790.0377358490564,2.140216063947171e-14
2790.188679245283,6.555006586167341e-15
2790.3396226415093,1.5587307752944916e-14
2790.490566037736,1.5005378037034473e-14
2790.6415094339623,9.257805847049807e-15
2790.7924528301887,1.8497869587244304e-14
2790.943396226415,7.085078880665787e-15
2791.0943396226417,1.960784590961467e-14
2791.245283018868,8.992446905540487e-15
2791.396226415094,1.2770961001444666e-14
2791.5471698113206,1.965583690825906e-14
2791.698113207547,2.9149898613119152e-15
2791.8490566037735,2.3134594901537693e-14
2792.0,8.642892221567861e-15
2792.1509433962265,1.0205315963810453e-14
2792.301886792453,2.2644735978982724e-14
2792.4528301886794,1.990218750016659e-15
2792.603773584906,2.1672337115533157e-14
2792.754716981132,9.969787366912982e-15
2792.9056603773583,1.2468959334678553e-14
2793.056603773585,1.5614097071119853e-14
2793.2075471698113,1.0983847716284491e-14
2793.3584905660377,1.5331527857038675e-14
2793.509433962264,1.1515605729492119e-14
2793.6603773584907,1.3328649610277544e-14
2793.811320754717,1.6488019002299023e-14
2793.9622641509436,7.031686888920962e-15
2794.1132075471696,1.9537739060389995e-14
2794.264150943396,1.0564693205814855e-14
2794.4150943396226,1.0863116701568383e-14
2794.566037735849,1.898908262955995e-14
2794.7169811320755,7.64612708222912e-15
2794.867924528302,1.621040000926841e-14
2795.0188679245284,1.2887614298542257e-14
2795.169811320755,1.3174026125839623e-14
2795.3207547169814,1.1689939243571648e-14
2795.4716981132074,1.633465394100474e-14
2795.622641509434,1.1121349143035129e-14
2795.7735849056603,1.1733776221696409e-14
2795.9245283018868,1.866199119686446e-14
2796.0754716981132,6.91011405228964e-15
2796.2264150943397,1.59858468240653e-14
2796.377358490566,1.7186618795482743e-14
2796.5283018867926,3.14341050478313e-15
2796.6792452830186,2.5579387942386985e-14
2796.830188679245,3.504134874513166e-15
2796.9811320754716,1.758369435656832e-14
2797.132075471698,1.386852575593774e-14
2797.2830188679245,1.0101177083299746e-14
2797.433962264151,1.652993844570005e-14
2797.5849056603774,1.0885251437323373e-14
2797.735849056604,1.4483493298078945e-14
2797.8867924528304,1.3069415486672067e-14
2798.0377358490564,1.2617499070730286e-14
2798.188679245283,1.3421220064027409e-14
2798.3396226415093,1.524309550048281e-14
2798.490566037736,8.420112489384388e-15
2798.6415094339623,1.912627862346437e-14
2798.7924528301887,8.963540116266615e-15
2798.943396226415,1.476844635247377e-14
2799.0943396226417,1.299371653733487e-14
2799.245283018868,1.4123617063361583e-14
2799.396226415094,1.183978676929248e-14
2799.5471698113206,1.2259769119411116e-14
2799.698113207547,1.952011785285972e-14
2799.8490566037735,1.6652592809225489e-15
2800.0,2.6338997445830334e-14
2800.1509433962265,2.8591933411475335e-15
2800.301886792453,1.940609136671412e-14
2800.4528301886794,9.271136614780993e-15
2800.603773584906,1.7306743161189464e-14
2800.754716981132,8.986881040545453e-15
2800.9056603773583,1.527701459545344e-14
2801.056603773585,1.5243940950879897e-14
2801.2075471698113,7.807329464759168e-15
2801.3584905660377,1.8867863139358835e-14
2801.509433962264,1.0222327964548676e-14
2801.6603773584907,1.337033008996731e-14
2801.811320754717,1.3051470304331677e-14
2801.9622641509436,1.656035136589188e-14
2802.1132075471696,6.063604362320199e-15
2802.264150943396,2.1169102817124605e-14
2802.4150943396226,8.995371100087148e-15
2802.566037735849,1.061344649313882e-14
2802.7169811320755,2.1850593876796862e-14
2802.867924528302,2.4813370505749143e-15
2803.0188679245284,2.1410903695134974e-14
2803.169811320755,9.775119690784166e-15
2803.3207547169814,1.2320278730422942e-14
2803.4716981132074,1.679032772799839e-14
2803.622641509434,7.813092657167362e-15
2803.7735849056603,1.9730976290962667e-14
2803.9245283018868,6.7796990642646265e-15
2804.0754716981132,1.7816845488075402e-14
2804.2264150943397,1.0718933118444201e-14
2804.377358490566,1.4783326161122052e-14
2804.5283018867926,1.1097775144154392e-14
2804.6792452830186,1.504099140438574e-14
2804.830188679245,1.4304219571310414e-14
2804.9811320754716,6.7270355926194716e-15
2805.132075471698,2.4115408082208797e-14
2805.2830188679245,1.590879762125754e-15
2805.433962264151,2.1843018541763092e-14
2805.5849056603774,7.585517377200181e-15
2805.735849056604,1.8061130517493226e-14
2805.8867924528304,7.86297817084526e-15
2806.0377358490564,1.644019434833303e-14
2806.188679245283,1.554641781784044e-14
2806.3396226415093,4.654825935141025e-15
2806.490566037736,2.3653028681317347e-14
2806.6415094339623,6.290220765139447e-15
2806.7924528301887,1.371130652695392e-14
2806.943396226415,1.7180020091414138e-14
2807.0943396226417,8.426862180959268e-15
2807.245283018868,1.5922214549382168e-14
2807.396226415094,1.2306802523889717e-14
2807.5471698113206,1.3663243621514081e-14
2807.698113207547,1.1796139955511844e-14
2807.8490566037735,1.5105649770591293e-14
2808.0,1.1510085283714715e-14
2808.1509433962265,1.4054760592730207e-14
2808.301886792453,1.2302157205021781e-14
2808.4528301886794,1.4803840543079814e-14
2808.603773584906,1.0653127006815117e-14
2808.754716981132,1.5240643536163988e-14
2808.9056603773583,1.2528751080352626e-14
2809.056603773585,1.2863986669498255e-14
2809.2075471698113,1.1796935686724547e-14
2809.3584905660377,1.8153926238998472e-14
2809.509433962264,5.1266725108468356e-15
2809.6603773584907,2.0538907189643037e-14
2809.811320754717,9.914365904534015e-15
2809.9622641509436,1.1314662335694313e-14
2810.1132075471696,1.757706472294104e-14
2810.264150943396,9.19284007703544e-15
2810.4150943396226,1.5047323038277237e-14
2810.566037735849,1.2355667952601832e-14
2810.7169811320755,1.4113200837232034e-14
2810.867924528302,1.1670812413163529e-14
2811.0188679245284,1.3864001221867088e-14
2811.169811320755,1.3652430126879452e-14
2811.3207547169814,1.2528026622796345e-14
2811.4716981132074,1.1286349944587752e-14
2811.622641509434,1.8414207222504836e-14
2811.7735849056603,6.2292028074476806e-15
2811.9245283018868,1.706471273668545e-14
2812.0754716981132,1.6105028346259844e-14
2812.2264150943397,2.5676923564060717e-15
2812.377358490566,2.7018295202591215e-14
2812.5283018867926,2.112011110198933e-15
2812.6792452830186,1.6887450635388694e-14
2812.830188679245,1.5376496920565755e-14
2812.9811320754716,9.978600988826129e-15
2813.132075471698,1.2031987913261162e-14
2813.2830188679245,1.878899444381584e-14
2813.433962264151,6.587662115066857e-15
2813.5849056603774,1.5744632835619714e-14
2813.735849056604,1.5699762350223947e-14
2813.8867924528304,7.311286026293144e-15
2814.0377358490564,1.8495205862740303e-14
2814.188679245283,9.924246542306099e-15
2814.3396226415093,1.4206801134377602e-14
2814.490566037736,1.2468214271545857e-14
2814.6415094339623,1.4112764318061963e-14
2814.7924528301887,1.1483538127072816e-14
2814.943396226415,1.4614376612514333e-14
2815.0943396226417,1.1913111430771604e-14
2815.245283018868,1.366779845599509e-14
2815.396226415094,1.2794275278255284e-14
2815.5471698113206,1.316553461759705e-14
2815.698113207547,1.2684879372903696e-14
2815.8490566037735,1.394979121288393e-14
2816.0,1.1653048916658803e-14
2816.1509433962265,1.4110774555958529e-14
2816.301886792453,1.3176156250020439e-14
2816.4528301886794,1.1794523773536502e-14
2816.603773584906,1.358981402196551e-14
2816.754716981132,1.5342648476090365e-14
2816.9056603773583,7.258269723935534e-15
2817.056603773585,1.9882249449402684e-14
2817.2075471698113,9.417571086145897e-15
2817.3584905660377,9.656646649060916e-15
2817.509433962264,2.3481140424707582e-14
2817.6603773584907,-4.591737995837759e-16
2817.811320754717,2.3472620256756237e-14
2817.9622641509436,9.23710543409323e-15
2818.1132075471696,1.1353711758175861e-14
2818.264150943396,1.5170721717458002e-14
2818.4150943396226,1.4362960857316562e-14
2818.566037735849,8.103415076379847e-15
2818.7169811320755,1.8270876395412307e-14
2818.867924528302,9.966843175181694e-15
2819.0188679245284,1.3729775979065192e-14
2819.169811320755,1.299194412464314e-14
2819.3207547169814,1.2952230519980948e-14
2819.4716981132074,1.3915330954715905e-14
2819.622641509434,9.734126378855868e-15
2819.7735849056603,1.8936474317077245e-14
2819.9245283018868,5.347163355587743e-15
2820.0754716981132,2.0237851348843155e-14
2820.2264150943397,7.998647019365446e-15
2820.377358490566,1.4912723715574397e-14
2820.5283018867926,1.2604163975507025e-14
2820.6792452830186,1.4827703940391352e-14
2820.830188679245,6.9506631711011136e-15
2820.9811320754716,2.275611294511897e-14
2821.132075471698,3.1466559445205146e-15
2821.2830188679245,1.773159796007795e-14
2821.433962264151,1.5743187817558164e-14
2821.5849056603774,4.6672754830941e-15
2821.735849056604,2.1330903743964724e-14
2821.8867924528304,8.647101476016515e-15
2822.0377358490564,1.3375489600322718e-14
2822.188679245283,1.2790266910259364e-14
2822.3396226415093,1.486163511609752e-14
2822.490566037736,1.1734491960043518e-14
2822.6415094339623,8.11837601236302e-15
2822.7924528301887,2.6308776549208465e-14
2822.943396226415,-5.5835542987762675e-15
2823.0943396226417,2.913729332747062e-14
2823.245283018868,4.3395457255066886e-15
2823.396226415094,1.4404826285793116e-14
2823.5471698113206,1.3573876261680913e-14
2823.698113207547,1.4147654623793101e-14
2823.8490566037735,9.869523453914803e-15
2824.0,1.4539037085255657e-14
2824.1509433962265,1.508649494382704e-14
2824.301886792453,7.451773109220437e-15
2824.4528301886794,1.87945945270457e-14
2824.603773584906,8.918577639973392e-15
2824.754716981132,1.4474785694016285e-14
2824.9056603773583,1.2472184436246875e-14
2825.056603773585,1.341723748093293e-14
2825.2075471698113,1.1759029318120035e-14
2825.3584905660377,1.4157496455912676e-14
2825.509433962264,1.1921954086263745e-14
2825.6603773584907,1.3310870600194726e-14
2825.811320754717,1.274142445011463e-14
2825.9622641509436,1.2810656401120919e-14
2826.1132075471696,1.3017958936064738e-14
2826.264150943396,1.264270529959566e-14
2826.4150943396226,1.2885785941160164e-14
2826.566037735849,1.3114722877188933e-14
2826.7169811320755,1.2538126674193265e-14
2826.867924528302,1.2500385614223787e-14
2827.0188679245284,1.425637667154608e-14
2827.169811320755,1.0854157797130066e-14
2827.3207547169814,1.3944867580104544e-14
2827.4716981132074,1.3533290219749658e-14
2827.622641509434,1.1389710852609655e-14
2827.7735849056603,1.1993034049989309e-14
2827.9245283018868,1.8164558601555326e-14
2828.0754716981132,4.194204296346341e-15
2828.2264150943397,2.0083261821462366e-14
2828.377358490566,1.1160210125494309e-14
2828.5283018867926,8.903347154593228e-15
2828.6792452830186,1.7594244987497747e-14
2828.830188679245,1.2112981161167235e-14
2828.9811320754716,8.661105280482058e-15
2829.132075471698,1.7574803856944093e-14
2829.2830188679245,1.2387541034656132e-14
2829.433962264151,7.461443128016811e-15
2829.5849056603774,2.0586965814047714e-14
2829.735849056604,6.8392070067779015e-15
2829.8867924528304,1.5697001427487848e-14
2830.0377358490564,9.91731980666101e-15
2830.188679245283,1.9140635048252722e-14
2830.3396226415093,2.843573410807207e-15
2830.490566037736,2.2068808405948687e-14
2830.6415094339623,8.635940942122587e-15
2830.7924528301887,1.1128742396348819e-14
2830.943396226415,1.6104275699363313e-14
2831.0943396226417,1.2361500656366939e-14
2831.245283018868,9.064523196830066e-15
2831.396226415094,1.7494866167763396e-14
2831.5471698113206,1.0683010278735384e-14
2831.698113207547,1.0682596336597494e-14
2831.8490566037735,1.789127927213077e-14
2832.0,5.811907203962808e-15
2832.1509433962265,2.072937986841308e-14
2832.301886792453,4.356296800034005e-15
2832.4528301886794,1.9766628863081097e-14
2832.603773584906,8.894773552830271e-15
2832.754716981132,1.2641753835454806e-14
2832.9056603773583,1.5431571368602343e-14
2833.056603773585,9.442555956694377e-15
2833.2075471698113,1.4946838871095445e-14
2833.3584905660377,1.1745535633096335e-14
2833.509433962264,1.2851686287291007e-14
2833.6603773584907,1.2794265290956434e-14
2833.811320754717,1.2491083884610819e-14
2833.9622641509436,1.2907034463819162e-14
2834.1132075471696,1.2575913092768036e-14
2834.264150943396,1.2501625121455325e-14
2834.4150943396226,1.2884602987937022e-14
2834.566037735849,1.3037823589951062e-14
2834.7169811320755,1.1233846580042256e-14
2834.867924528302,1.4699219135589783e-14
2835.0188679245284,1.1337403479882309e-14
2835.169811320755,1.2253375467367788e-14
2835.3207547169814,1.3813252058938321e-14
2835.4716981132074,1.3522107839564458e-14
2835.622641509434,7.443690541040672e-15
2835.7735849056603,2.1148110054042623e-14
2835.9245283018868,5.096795746165347e-15
2836.0754716981132,1.4954315184575903e-14
2836.2264150943397,1.5807492257836922e-14
2836.377358490566,8.022746130522358e-15
2836.5283018867926,1.3776711472402431e-14
2836.6792452830186,1.6201848183223814e-14
2836.830188679245,7.434973806289336e-15
2836.9811320754716,1.4711746073634763e-14
2837.132075471698,1.5887903715196324e-14
2837.2830188679245,5.313590295195618e-15
2837.433962264151,2.0310085776961047e-14
2837.5849056603774,7.51931731825067e-15
2837.735849056604,1.4252425417670476e-14
2837.8867924528304,1.249665737158809e-14
2838.0377358490564,1.4149708755850188e-14
2838.188679245283,7.40846067988433e-15
2838.3396226415093,2.0830688628538836e-14
2838.490566037736,4.25284671824305e-15
2838.6415094339623,1.7016085551803108e-14
2838.7924528301887,1.4483848444217588e-14
2838.943396226415,4.679558709627234e-15
2839.0943396226417,2.309041978466309e-14
2839.245283018868,3.7278812713582945e-15
2839.396226415094,1.644633310818982e-14
2839.5471698113206,1.4150423238126322e-14
2839.698113207547,7.34181769186275e-15
2839.8490566037735,1.7892135396303026e-14
2840.0,1.0221770640461431e-14
2840.1509433962265,1.0482484159384879e-14
2840.301886792453,1.7397033729754885e-14
2840.4528301886794,8.161903079972085e-15
2840.603773584906,1.3328334912716821e-14
2840.754716981132,1.6094449426360366e-14
2840.9056603773583,5.827816591085069e-15
2841.056603773585,1.9972821967698382e-14
2841.2075471698113,6.231002491748148e-15
2841.3584905660377,1.6396340931952136e-14
2841.509433962264,1.0816295367381997e-14
2841.6603773584907,1.365302748815834e-14
2841.811320754717,9.024230506695234e-15
2841.9622641509436,1.9968754511556304e-14
2842.1132075471696,2.22176836988876e-15
2842.264150943396,2.1400573827420218e-14
2842.4150943396226,8.59386988744574e-15
2842.566037735849,1.1109655542438465e-14
2842.7169811320755,1.5298837982671518e-14
2842.867924528302,1.2412557016912445e-14
2843.0188679245284,8.347184612310903e-15
2843.169811320755,1.830720021347537e-14
2843.3207547169814,8.576125691663386e-15
2843.4716981132074,1.1625927279926126e-14
2843.622641509434,1.830414444313763e-14
2843.7735849056603,3.1756474574043923e-15
2843.9245283018868,2.1904546570528386e-14
2844.0754716981132,5.978331428796194e-15
2844.2264150943397,1.3988503469932524e-14
2844.377358490566,1.4969784577590594e-14
2844.5283018867926,8.206264758358703e-15
2844.6792452830186,1.6023307446596356e-14
2844.830188679245,9.421060279944167e-15
2844.9811320754716,1.6272057715784944e-14
2845.132075471698,6.576122847330812e-15
2845.2830188679245,1.911475559445885e-14
2845.433962264151,6.530505064061581e-15
2845.5849056603774,1.6767404577354446e-14
2845.735849056604,8.509338688538609e-15
2845.8867924528304,1.6021847676157158e-14
2846.0377358490564,1.0436813298835419e-14
2846.188679245283,1.05534623232864e-14
2846.3396226415093,1.7403481546963564e-14
2846.490566037736,7.429477862651353e-15
2846.6415094339623,1.3745452493537332e-14
2846.7924528301887,1.4300347272434237e-14
2846.943396226415,1.0586723564874616e-14
2847.0943396226417,1.0351265592312258e-14
2847.245283018868,1.8083532397156174e-14
2847.396226415094,5.521365279081587e-15
2847.5471698113206,1.817439785474575e-14
2847.698113207547,6.171294276542049e-15
2847.8490566037735,2.1241711312977908e-14
2848.0,5.522976343569077e-16
2848.1509433962265,2.2987679274450086e-14
2848.301886792453,7.074540083832237e-15
2848.4528301886794,1.1663565043446953e-14
2848.603773584906,1.4033415220415957e-14
2848.754716981132,1.4862908691377377e-14
2848.9056603773583,4.413537097932901e-15
2849.056603773585,2.07133602879803e-14
2849.2075471698113,8.927926220367304e-15
2849.3584905660377,9.418193054764448e-15
2849.509433962264,1.649782560557517e-14
2849.6603773584907,1.2480101346093707e-14
2849.811320754717,6.271740962610883e-15
2849.9622641509436,1.9335061900380422e-14
2850.1132075471696,9.901255555865713e-15
2850.264150943396,8.347208880243814e-15
2850.4150943396226,1.799388168087432e-14
2850.566037735849,1.0278595464816883e-14
2850.7169811320755,8.617029631754567e-15
2850.867924528302,1.7675244684225295e-14
2851.0188679245284,1.0187955952906799e-14
2851.169811320755,8.460607375838108e-15
2851.3207547169814,1.949983704216668e-14
2851.4716981132074,5.42100043293246e-15
2851.622641509434,1.5938173957420207e-14
2851.7735849056603,1.0822373392932075e-14
2851.9245283018868,1.3340853251810875e-14
2852.0754716981132,9.844974777294801e-15
2852.2264150943397,1.4973950123657734e-14
2852.377358490566,1.0457549085527749e-14
2852.5283018867926,1.2194108982463013e-14
2852.6792452830186,1.2426170954739906e-14
2852.830188679245,1.3370516176726195e-14
2852.9811320754716,9.485241890608078e-15
2853.132075471698,1.355491710937575e-14
2853.2830188679245,1.481053457501463e-14
2853.433962264151,5.538570520826143e-15
2853.5849056603774,1.8574111457545385e-14
2853.735849056604,1.055057556936056e-14
2853.8867924528304,7.548699106618323e-15
2854.0377358490564,1.9172551647081705e-14
2854.188679245283,7.90029213863497e-15
2854.3396226415093,1.0841291904252346e-14
2854.490566037736,1.642149084123011e-14
2854.6415094339623,1.01799880335693e-14
2854.7924528301887,6.972527356804315e-15
2854.943396226415,2.4479028850291837e-14
2855.0943396226417,-3.3921896912944214e-15
2855.245283018868,2.4671916252087497e-14
2855.396226415094,5.9706226710603485e-15
2855.5471698113206,1.2158348253306155e-14
2855.698113207547,1.428388104448263e-14
2855.8490566037735,1.1171347370030788e-14
2856.0,1.0195576193859036e-14
2856.1509433962265,1.5279269451524306e-14
2856.301886792453,9.60883782354276e-15
2856.4528301886794,1.2666429628093327e-14
2856.603773584906,1.170023828030181e-14
2856.754716981132,1.4660107275404135e-14
2856.9056603773583,5.675678775610121e-15
2857.056603773585,2.0566833452498838e-14
2857.2075471698113,4.153543391340705e-15
2857.3584905660377,1.7155938171811746e-14
2857.509433962264,9.29082429645531e-15
2857.6603773584907,1.359710592669641e-14
2857.811320754717,1.021407674070819e-14
2857.9622641509436,1.4216340035272042e-14
2858.1132075471696,9.850018654349099e-15
2858.264150943396,1.2683871369460695e-14
2858.4150943396226,1.3375234493558544e-14
2858.566037735849,9.162896377794446e-15
2858.7169811320755,1.4125208049394059e-14
2858.867924528302,1.152430847340129e-14
2859.0188679245284,1.186364566072648e-14
2859.169811320755,9.151570879243612e-15
2859.3207547169814,2.020518255759622e-14
2859.4716981132074,-1.2880339733439189e-15
2859.622641509434,2.6221253923793593e-14
2859.7735849056603,4.1723088624407394e-16
2859.9245283018868,1.9538280673663965e-14
2860.0754716981132,6.238741477825956e-15
2860.2264150943397,1.746549272353441e-14
2860.377358490566,6.651988718572883e-15
2860.5283018867926,1.490898180714315e-14
2860.6792452830186,1.2060966536886868e-14
2860.830188679245,9.492890886211407e-15
2860.9811320754716,1.4340196845638394e-14
2861.132075471698,1.0462524085764188e-14
2861.2830188679245,1.2294400588989288e-14
2861.433962264151,1.21056723174086e-14
2861.5849056603774,1.0101389385316351e-14
2861.735849056604,1.6078852549694912e-14
2861.8867924528304,5.3630884170276885e-15
2862.0377358490564,1.839179123495849e-14
2862.188679245283,7.667739803037232e-15
2862.3396226415093,1.2252938279757059e-14
2862.490566037736,1.4568401307178548e-14
2862.6415094339623,7.504091792472779e-15
2862.7924528301887,1.5320638046494058e-14
2862.943396226415,1.1316774576579891e-14
2863.0943396226417,7.96216090434439e-15
2863.245283018868,1.887605346832414e-14
2863.396226415094,4.54578577902477e-15
2863.5471698113206,1.5479510346827977e-14
2863.698113207547,1.337113273161634e-14
2863.8490566037735,6.042783938770432e-15
2864.0,1.770500755220089e-14
2864.1509433962265,9.76480161824039e-15
2864.301886792453,7.932191876864324e-15
2864.4528301886794,1.913165358127087e-14
2864.603773584906,5.5079956284050396e-15
2864.754716981132,1.281971332179179e-14
2864.9056603773583,1.577390832595672e-14
2865.056603773585,6.246035809868532e-15
2865.2075471698113,1.418231687405041e-14
2865.3584905660377,1.3426441247921646e-14
2865.509433962264,8.210267357874808e-15
2865.6603773584907,1.3890527096736144e-14
2865.811320754717,1.0906256298727163e-14
2865.9622641509436,1.3116389794203864e-14
2866.1132075471696,8.987931246081332e-15
2866.264150943396,1.2333691330023286e-14
2866.4150943396226,1.7140391569783786e-14
2866.566037735849,-3.4274600931285284e-17
2866.7169811320755,2.3937987433273572e-14
2866.867924528302,5.712527295397693e-15
2867.0188679245284,8.365569426021643e-15
2867.169811320755,2.109759608208698e-14
2867.3207547169814,1.4015893917967546e-15
2867.4716981132074,1.8622159107091844e-14
2867.622641509434,9.15303927604487e-15
2867.7735849056603,8.98775855377906e-15
2867.9245283018868,2.0351706998065595e-14
2868.0754716981132,-4.098755808568514e-15
2868.2264150943397,3.220055085856758e-14
2868.377358490566,-8.148847570378583e-15
2868.5283018867926,2.3101642275713508e-14
2868.6792452830186,1.2159799774926009e-14
2868.830188679245,1.4768303467771148e-15
2868.9811320754716,2.3238885969525886e-14
2869.132075471698,6.030662544354751e-15
2869.2830188679245,8.307545142288727e-15
2869.433962264151,1.9618129919610042e-14
2869.5849056603774,5.360927824390448e-15
2869.735849056604,1.1510900421386811e-14
2869.8867924528304,1.636513815049342e-14
2870.0377358490564,7.0810199352669774e-15
2870.188679245283,1.0810647483121007e-14
2870.3396226415093,1.7945797909757093e-14
2870.490566037736,2.386857990187073e-15
2870.6415094339623,1.9432190214320106e-14
2870.7924528301887,6.2581766596843e-15
2870.943396226415,1.504182889615662e-14
2871.0943396226417,7.486103076338814e-15
2871.245283018868,1.677645467166175e-14
2871.396226415094,5.631994023200241e-15
2871.5471698113206,1.61212884664461e-14
2871.698113207547,8.560529983147357e-15
2871.8490566037735,1.383736358824599e-14
2872.0,7.054473962890599e-15
2872.1509433962265,1.9021862086513075e-14
2872.301886792453,1.879980390081472e-15
2872.4528301886794,2.0001139144946395e-14
2872.603773584906,5.760427800364472e-15
2872.754716981132,1.3949821127421249e-14
2872.9056603773583,1.1366986973509272e-14
2873.056603773585,8.846957674861829e-15
2873.2075471698113,1.6076025848618872e-14
2873.3584905660377,6.954194871554206e-15
2873.509433962264,1.1569481612150678e-14
2873.6603773584907,1.7578510976699894e-14
2873.811320754717,5.589149317568408e-16
2873.9622641509436,2.1782389882674423e-14
2874.1132075471696,5.530304127778121e-15
2874.264150943396,1.1913221740778866e-14
2874.4150943396226,1.266487795992538e-14
2874.566037735849,1.246885398469561e-14
2874.7169811320755,5.5131458513208845e-15
2874.867924528302,2.0317585717650038e-14
2875.0188679245284,2.2967916795372835e-15
2875.169811320755,1.7921538587958217e-14
2875.3207547169814,7.435704691726412e-15
2875.4716981132074,1.311621847156016e-14
2875.622641509434,1.020683957326909e-14
2875.7735849056603,1.2987960826905625e-14
2875.9245283018868,7.943811271918162e-15
2876.0754716981132,1.5254298129542573e-14
2876.2264150943397,9.393238847944649e-15
2876.377358490566,8.425383235236446e-15
2876.5283018867926,1.7821149933990756e-14
2876.6792452830186,5.3217261928826245e-15
2876.830188679245,1.2178675778628038e-14
2876.9811320754716,1.4732637281742142e-14
2877.132075471698,8.58285512282313e-15
2877.2830188679245,7.362967660573515e-15
2877.433962264151,2.2057753367508915e-14
2877.5849056603774,-1.9060898888304887e-15
2877.735849056604,2.0614177700180415e-14
2877.8867924528304,7.797602921451024e-15
2878.0377358490564,1.0174377216043779e-14
2878.188679245283,1.339217226498232e-14
2878.3396226415093,9.64310173954435e-15
2878.490566037736,1.1127023699070662e-14
2878.6415094339623,1.337683394552838e-14
2878.7924528301887,6.102581495131574e-15
2878.943396226415,1.8080477798423982e-14
2879.0943396226417,4.878243595790817e-15
2879.245283018868,1.3789011444204858e-14
2879.396226415094,1.2740434463325275e-14
2879.5471698113206,7.014840826990261e-15
2879.698113207547,1.477443324394586e-14
2879.8490566037735,9.238012850059715e-15
2880.0,1.1801342846477453e-14
2880.1509433962265,9.950748896609011e-15
2880.301886792453,1.265810977162269e-14
2880.4528301886794,1.0792403505140027e-14
2880.603773584906,8.130957349875693e-15
2880.754716981132,1.6669818792348208e-14
2880.9056603773583,5.574388265355538e-15
2881.056603773585,1.3261730079119968e-14
2881.2075471698113,1.2895558270465736e-14
2881.3584905660377,6.431318521566619e-15
2881.509433962264,1.6233548390278333e-14
2881.6603773584907,6.463078542971365e-15
2881.811320754717,1.3984189658156696e-14
2881.9622641509436,1.0445734614579567e-14
2882.1132075471696,8.568172646581878e-15
2882.264150943396,1.5277134929970928e-14
2882.4150943396226,7.273514739090379e-15
2882.566037735849,1.1668083557178526e-14
2882.7169811320755,1.3768770372679255e-14
2882.867924528302,5.7722927040747924e-15
2883.0188679245284,1.6864968263775818e-14
2883.169811320755,5.305752674775756e-15
2883.3207547169814,1.5254105584086268e-14
2883.4716981132074,9.140958928649257e-15
2883.622641509434,9.381900852305651e-15
2883.7735849056603,1.454987606008395e-14
2883.9245283018868,8.023726082919847e-15
2884.0754716981132,1.0300068709138847e-14
2884.2264150943397,1.5329629818479767e-14
2884.377358490566,4.313933068961615e-15
2884.5283018867926,1.7417684659011173e-14
2884.6792452830186,5.103777706472553e-15
2884.830188679245,1.6004911216550873e-14
2884.9811320754716,6.5159942500030604e-15
2885.132075471698,1.317068331421817e-14
2885.2830188679245,1.109222465664145e-14
2885.433962264151,9.243887925222012e-15
2885.5849056603774,1.1277694335725637e-14
2885.735849056604,1.2710590733112799e-14
2885.8867924528304,7.347242899888801e-15
2886.0377358490564,1.4270778731686902e-14
2886.188679245283,7.297715327686096e-15
2886.3396226415093,1.622527024780288e-14
2886.490566037736,9.884541765831266e-16
2886.6415094339623,2.5477817164395398e-14
2886.7924528301887,-7.0766406955441235e-15
2886.943396226415,2.8713052465987e-14
2887.0943396226417,-5.3109943371352666e-15
2887.245283018868,2.4567481050628164e-14
2887.396226415094,-1.2938541137886435e-15
2887.5471698113206,2.024548439066969e-14
2887.698113207547,5.3611069509431785e-15
2887.8490566037735,1.13010761270486e-14
2888.0,1.2566979988058312e-14
2888.1509433962265,9.906306614950309e-15
2888.301886792453,9.143152825637585e-15
2888.4528301886794,1.1803367474710683e-14
2888.603773584906,1.3868019135845524e-14
2888.754716981132,2.1243788962615777e-15
2888.9056603773583,2.1261975765316348e-14
2889.056603773585,2.8463403630338304e-15
2889.2075471698113,1.2376208556052065e-14
2889.3584905660377,1.5108344665104308e-14
2889.509433962264,2.0474505021257952e-15
2889.6603773584907,2.021677046135025e-14
2889.811320754717,2.755285677315765e-15
2889.9622641509436,1.4840508523974634e-14
2890.1132075471696,1.047271062670676e-14
2890.264150943396,7.46236296917251e-15
2890.4150943396226,1.4597242276126374e-14
2890.566037735849,8.692355059708428e-15
2890.7169811320755,8.032689918669124e-15
2890.867924528302,1.721926064918844e-14
2891.0188679245284,2.8335896694038563e-15
2891.169811320755,1.476610265310321e-14
2891.3207547169814,1.2952587495825246e-14
2891.4716981132074,1.8344414311130406e-15
2891.622641509434,2.137739790951896e-14
2891.7735849056603,2.649827725004611e-15
2891.9245283018868,1.2375307211433849e-14
2892.0754716981132,1.3724914380059121e-14
2892.2264150943397,5.333965138769808e-15
2892.377358490566,1.4873654924145775e-14
2892.5283018867926,7.134783500390667e-15
2892.6792452830186,1.3904383468279806e-14
2892.830188679245,6.2675914883421294e-15
2892.9811320754716,1.4312522769909905e-14
2893.132075471698,8.262209302494522e-15
2893.2830188679245,1.144275434252716e-14
2893.433962264151,7.603481751532118e-15
2893.5849056603774,1.772269631895767e-14
2893.735849056604,-6.005180647138072e-16
2893.8867924528304,2.046985320954202e-14
2894.0377358490564,5.881922089748797e-15
2894.188679245283,9.070627706958058e-15
2894.3396226415093,1.2727947463660919e-14
2894.490566037736,1.2381810781724256e-14
2894.6415094339623,2.9702778482267434e-15
2894.7924528301887,1.8680921477199617e-14
2894.943396226415,6.583113217960108e-15
2895.0943396226417,8.163671516766245e-15
2895.245283018868,1.436232003492426e-14
2895.396226415094,9.814584916611668e-15
2895.5471698113206,5.5209803095986615e-15
2895.698113207547,1.7122408089142332e-14
2895.8490566037735,6.3887707139706175e-15
2896.0,8.819185668829085e-15
2896.1509433962265,1.553003695788273e-14
2896.301886792453,4.848893586872885e-15
2896.4528301886794,1.307608524362596e-14
2896.603773584906,1.0403631357095666e-14
2896.754716981132,8.570225931709394e-15
2896.9056603773583,1.1577624725977828e-14
2897.056603773585,1.022261177623179e-14
2897.2075471698113,9.230739713240273e-15
2897.3584905660377,1.0525184027755279e-14
2897.509433962264,1.2484816863887915e-14
2897.6603773584907,4.693822249787023e-15
2897.811320754717,1.7435638651027675e-14
2897.9622641509436,3.5462294925281147e-15
2898.1132075471696,1.4692129862520253e-14
2898.264150943396,7.757126174899433e-15
2898.4150943396226,1.1119879924066482e-14
2898.566037735849,9.744374418135198e-15
2898.7169811320755,1.0938524479863113e-14
2898.867924528302,8.42738635347969e-15
2899.0188679245284,1.1546367530146199e-14
2899.169811320755,1.1539252987557184e-14
2899.3207547169814,4.088563911593416e-15
2899.4716981132074,1.9575965306775833e-14
2899.622641509434,1.09751346706904e-16
2899.7735849056603,1.84160573491602e-14
2899.9245283018868,3.546953600187376e-15
2900.0754716981132,1.4915191309666808e-14
2900.2264150943397,7.987916199936464e-15
2900.377358490566,7.822128808267878e-15
2900.5283018867926,1.5919737063676682e-14
2900.6792452830186,3.710972979713314e-15
2900.830188679245,1.39132055419702e-14
2900.9811320754716,7.30965188042875e-15
2901.132075471698,1.6569643531303926e-14
2901.2830188679245,-4.33361603242477e-15
2901.433962264151,2.9639538930798295e-14
2901.5849056603774,-6.852004512970602e-15
2901.735849056604,1.6615481567014534e-14
2901.8867924528304,1.382208548818479e-14
2902.0377358490564,1.876798076990127e-15
2902.188679245283,1.5653443398784264e-14
2902.3396226415093,7.598185501063667e-15
2902.490566037736,1.3416847490930118e-14
2902.6415094339623,2.1300871846421506e-16
2902.7924528301887,2.6310854512109773e-14
2902.943396226415,-8.073495742178508e-15
2903.0943396226417,2.1824853031057453e-14
2903.245283018868,9.532173991346489e-15
2903.396226415094,-1.7483445497756222e-15
2903.5471698113206,2.816735285679674e-14
2903.698113207547,-6.204406726661118e-15
2903.8490566037735,1.5340187864740582e-14
2904.0,1.7692609599642417e-14
2904.1509433962265,-6.10573740338887e-15
2904.301886792453,2.3453333642757362e-14
2904.4528301886794,6.665884477800622e-15
2904.603773584906,2.6963064292489682e-15
2904.754716981132,1.9010922349235287e-14
2904.9056603773583,7.611699600358785e-15
2905.056603773585,2.0057696670286547e-15
2905.2075471698113,2.2539277706534717e-14
2905.3584905660377,3.993397667252019e-16
2905.509433962264,1.0085418410220072e-14
2905.6603773584907,1.789154754755894e-14
2905.811320754717,-1.3798599434798722e-15
2905.9622641509436,1.756208112503817e-14
2906.1132075471696,8.197303497474852e-15
2906.264150943396,6.153172569981552e-15
2906.4150943396226,1.484847898315951e-14
2906.566037735849,5.677244376889403e-15
2906.7169811320755,1.214811139161977e-14
2906.867924528302,7.616338981373534e-15
2907.0188679245284,1.2172417501563155e-14
2907.169811320755,7.160158480740593e-15
2907.3207547169814,1.112414242062281e-14
2907.4716981132074,9.069878148523894e-15
2907.622641509434,1.1060684973917238e-14
2907.7735849056603,5.4218184503466465e-15
2907.9245283018868,1.6551290354408564e-14
2908.0754716981132,2.3634308550251415e-15
2908.2264150943397,1.3917462054016788e-14
2908.377358490566,1.005173751989875e-14
2908.5283018867926,4.87834263116376e-15
2908.6792452830186,1.5799993025871717e-14
2908.830188679245,5.3531144873912085e-15
2908.9811320754716,9.13633149890171e-15
2909.132075471698,1.4624367432804757e-14
2909.2830188679245,2.8147113838608202e-15
2909.433962264151,1.2821649845449428e-14
2909.5849056603774,1.40156496467451e-14
2909.735849056604,-3.172119973666744e-15
2909.8867924528304,2.520491142444866e-14
2910.0377358490564,-1.1846177262355115e-15
2910.188679245283,1.0040265690160712e-14
2910.3396226415093,1.6669095128456395e-14
2910.490566037736,2.61849485806437e-15
2910.6415094339623,8.86025470390259e-15
2910.7924528301887,1.799751170899235e-14
2910.943396226415,-1.977977663182083e-15
2911.0943396226417,1.849196875517028e-14
2911.245283018868,3.9740662151780524e-15
2911.396226415094,1.3019082957449001e-14
2911.5471698113206,6.182959417617091e-15
2911.698113207547,1.1499172565555393e-14
2911.8490566037735,9.94918789415225e-15
2912.0,5.9451318956378375e-15
2912.1509433962265,1.3745200790452545e-14
2912.301886792453,6.518377693143018e-15
2912.4528301886794,9.590843731454356e-15
2912.603773584906,1.0494518346999382e-14
2912.754716981132,8.812886164480702e-15
2912.9056603773583,8.553776697295602e-15
2913.056603773585,9.60707984079956e-15
2913.2075471698113,1.1987178412496654e-14
2913.3584905660377,2.9375178184681974e-15
2913.509433962264,1.6954127463439233e-14
2913.6603773584907,4.225620523376489e-15
2913.811320754717,8.800604276587875e-15
2913.9622641509436,1.4974326874074274e-14
2914.1132075471696,1.8560833320389193e-15
2914.264150943396,1.3240137792599077e-14
2914.4150943396226,1.1803614827284686e-14
2914.566037735849,1.3592906562460748e-15
2914.7169811320755,1.6686805891560706e-14
2914.867924528302,8.391503204012655e-15
2915.0188679245284,1.1517036040634739e-15
2915.169811320755,2.2188979881330466e-14
2915.3207547169814,-1.7867306822214264e-15
2915.4716981132074,1.318169234514634e-14
2915.622641509434,1.1563320893245705e-14
2915.7735849056603,4.728873759855779e-15
2915.9245283018868,1.166448654758724e-14
2916.0754716981132,8.425048338344399e-15
2916.2264150943397,1.1061574699736765e-14
2916.377358490566,3.7632100835132345e-15
2916.5283018867926,1.6340829132422346e-14
2916.6792452830186,3.4171269522382813e-15
2916.830188679245,1.1542595844021077e-14
2916.9811320754716,8.115839417481605e-15
2917.132075471698,1.081840251769658e-14
2917.2830188679245,7.012281670381059e-15
2917.433962264151,7.612715139992999e-15
2917.5849056603774,1.745664730169231e-14
2917.735849056604,-5.876394747513274e-15
2917.8867924528304,2.4878311034042966e-14
2918.0377358490564,-3.7887001498964623e-16
2918.188679245283,6.972331502798643e-15
2918.3396226415093,2.1802758216125792e-14
2918.490566037736,-8.868600184431808e-15
2918.6415094339623,2.3885376886658386e-14
2918.7924528301887,3.037489772075934e-15
2918.943396226415,4.34298290105365e-15
2919.0943396226417,2.0840808153817586e-14
2919.245283018868,-4.767973216001914e-15
2919.396226415094,1.9764481381317975e-14
2919.5471698113206,2.9485196626872812e-15
2919.698113207547,9.549527975349333e-15
2919.8490566037735,1.4104108601480234e-14
2920.0,-2.8703732905893796e-15
2920.1509433962265,2.569425102420007e-14
2920.301886792453,-8.238782502650198e-15
2920.4528301886794,2.0158170650973633e-14
2920.603773584906,6.470741119365414e-15
2920.754716981132,4.092735003636316e-15
2920.9056603773583,1.5782340206356936e-14
2921.056603773585,3.509757438370534e-15
2921.2075471698113,1.165796510033239e-14
2921.3584905660377,7.303788931109207e-15
2921.509433962264,9.30488980776505e-15
2921.6603773584907,1.014534397372806e-14
2921.811320754717,4.707153906140883e-15
2921.9622641509436,1.4308027515166526e-14
2922.1132075471696,4.919887489979285e-15
2922.264150943396,7.366075062495947e-15
2922.4150943396226,1.6431595470729167e-14
2922.566037735849,-2.9782993513889486e-15
2922.7169811320755,1.9431065849920475e-14
2922.867924528302,3.8727637167132e-15
2923.0188679245284,5.422322571052018e-15
2923.169811320755,1.8012545005886773e-14
2923.3207547169814,-1.8199301814510303e-15
2923.4716981132074,1.581800871218476e-14
2923.622641509434,5.819332519394962e-15
2923.7735849056603,9.461518920251993e-15
2923.9245283018868,6.943188079782466e-15
2924.0754716981132,1.1575416242642599e-14
2924.2264150943397,6.868115202931108e-15
2924.377358490566,5.80434851644378e-15
2924.5283018867926,1.7118490080049967e-14
2924.6792452830186,-3.5331669332094896e-15
2924.830188679245,1.9734004532349037e-14
2924.9811320754716,2.7937536857462476e-15
2925.132075471698,6.7568767219051315e-15
2925.2830188679245,1.657125358045794e-14
2925.433962264151,-1.6549347914381039e-15
2925.5849056603774,1.6168732855292586e-14
2925.735849056604,6.0407625151415e-15
2925.8867924528304,6.27555299010631e-15
2926.0377358490564,1.27505015369474e-14
2926.188679245283,4.7474071677050365e-15
2926.3396226415093,1.0672551780440759e-14
2926.490566037736,7.258979480198592e-15
2926.6415094339623,9.475285139239776e-15
2926.7924528301887,7.354732940630016e-15
2926.943396226415,9.180948492315242e-15
2927.0943396226417,8.271395271600003e-15
2927.245283018868,8.245981296272506e-15
2927.396226415094,8.234450178538566e-15
2927.5471698113206,9.056309742707036e-15
2927.698113207547,7.881743404089933e-15
2927.8490566037735,7.65882945255729e-15
2928.0,1.044193017424019e-14
2928.1509433962265,6.223090717969223e-15
2928.301886792453,8.630384612123827e-15
2928.4528301886794,9.947710646831862e-15
2928.603773584906,7.736198866060378e-15
2928.754716981132,3.788289561244144e-15
2928.9056603773583,1.905499527939507e-14
2929.056603773585,-4.8350278842558466e-15
2929.2075471698113,1.7199524901389726e-14
2929.3584905660377,7.900623513053907e-15
2929.509433962264,8.79983614934757e-16
2929.6603773584907,1.8637098615053333e-14
2929.811320754717,-3.767905275046124e-16
2929.9622641509436,1.3121045284626259e-14
2930.1132075471696,5.981588465948548e-15
2930.264150943396,9.952251447125777e-15
2930.4150943396226,5.549150644848621e-15
2930.566037735849,1.1634341835103906e-14
2930.7169811320755,4.983710870222499e-15
2930.867924528302,1.0097943382272018e-14
2931.0188679245284,7.555133798270607e-15
2931.169811320755,8.433184624295888e-15
2931.3207547169814,6.821492877298966e-15
2931.4716981132074,1.0708506114535127e-14
2931.622641509434,5.777050635455957e-15
2931.7735849056603,7.868087029741098e-15
2931.9245283018868,1.2000146694228103e-14
2932.0754716981132,2.140970979541636e-15
2932.2264150943397,1.1880663950729648e-14
2932.377358490566,1.0873570799045408e-14
2932.5283018867926,-2.9503045373022584e-15
2932.6792452830186,2.3806070210823764e-14
2932.830188679245,-5.243760133129466e-15
2932.9811320754716,1.2376043787712804e-14
2933.132075471698,1.2902202792652731e-14
2933.2830188679245,9.930104614998364e-16
2933.433962264151,7.627908102624446e-15
2933.5849056603774,1.913366959735592e-14
2933.735849056604,-6.956353468725533e-15
2933.8867924528304,1.3794228461733957e-14
2934.0377358490564,1.944152916029603e-14
2934.188679245283,-1.7252114355787417e-14
2934.3396226415093,3.3831903834518935e-14
2934.490566037736,-6.190251388157025e-15
2934.6415094339623,6.6287323916742085e-15
2934.7924528301887,1.8753074167897802e-14
2934.943396226415,-3.6871320470663494e-15
2935.0943396226417,1.4995628474640634e-14
2935.245283018868,4.796751975317385e-15
2935.396226415094,9.971830991342017e-15
2935.5471698113206,4.675239990920679e-15
2935.698113207547,1.1707787817299424e-14
2935.8490566037735,4.525462504140408e-15
2936.0,1.019074317790352e-14
2936.1509433962265,5.544207409365532e-15
2936.301886792453,1.0575182987557963e-14
2936.4528301886794,5.050868118775036e-15
2936.603773584906,9.385226314328453e-15
2936.754716981132,6.9650640314341054e-15
2936.9056603773583,9.976546997780695e-15
2937.056603773585,1.9060909169895238e-15
2937.2075471698113,1.6528757121694523e-14
2937.3584905660377,-2.4645736627424105e-16
2937.509433962264,1.0941371198910756e-14
2937.6603773584907,9.540067526568687e-15
2937.811320754717,4.41529571267529e-15
2937.9622641509436,8.195440453394334e-15
2938.1132075471696,1.083497348895974e-14
2938.264150943396,3.5143658723778945e-15
2938.4150943396226,9.380590159116447e-15
2938.566037735849,9.573626187251144e-15
2938.7169811320755,2.7595341338576416e-15
2938.867924528302,1.444759157202313e-14
2939.0188679245284,-7.265896017839578e-16
2939.169811320755,1.644456279087477e-14
2939.3207547169814,3.83228754723324e-16
2939.4716981132074,1.0880513303033362e-14
2939.622641509434,8.48979862826309e-15
2939.7735849056603,4.439442849457005e-15
2939.9245283018868,1.0130543993325817e-14
2940.0754716981132,6.379489884856898e-15
2940.2264150943397,8.621206716881804e-15
2940.377358490566,4.642164977369907e-15
2940.5283018867926,1.2167008805144027e-14
2940.6792452830186,2.8972209767680917e-15
2940.830188679245,9.755906023820376e-15
2940.9811320754716,8.916299002985965e-15
2941.132075471698,1.5593930904226416e-15
2941.2830188679245,1.7806278959823434e-14
2941.433962264151,-6.040838011491631e-15
2941.5849056603774,2.1100227723063336e-14
2941.735849056604,-3.22822077878721e-15
2941.8867924528304,1.302423750701914e-14
2942.0377358490564,6.914611668476711e-15
2942.188679245283,3.915915245975245e-15
2942.3396226415093,1.2964764835254298e-14
2942.490566037736,1.2868991343967271e-15
2942.6415094339623,1.3249854521635408e-14
2942.7924528301887,8.817472556628304e-16
2942.943396226415,1.550120540534479e-14
2943.0943396226417,-2.5970308971718987e-15
2943.245283018868,1.6977943148663058e-14
2943.396226415094,1.0498057241501694e-15
2943.5471698113206,7.602555546441978e-15
2943.698113207547,1.2930179320119565e-14
2943.8490566037735,-1.685478109012248e-15
2944.0,1.527914183436498e-14
2944.1509433962265,3.9656907939860035e-15
2944.301886792453,3.892130645558471e-15
2944.4528301886794,1.6204692830667016e-14
2944.603773584906,-4.04163568499378e-15
2944.754716981132,1.6497093631910675e-14
2944.9056603773583,2.7564857975354423e-15
2945.056603773585,6.348150474143435e-15
2945.2075471698113,1.1328416326392016e-14
2945.3584905660377,2.5276915062015618e-15
2945.509433962264,9.859342420825674e-15
2945.6603773584907,7.030023210833963e-15
2945.811320754717,6.0448634595009945e-15
2945.9622641509436,6.545934938399732e-15
2946.1132075471696,1.1353438398615989e-14
2946.264150943396,-1.9001501257730387e-16
2946.4150943396226,1.4047744476784448e-14
2946.566037735849,4.032366160439424e-15
2946.7169811320755,4.8335760217697746e-15
2946.867924528302,1.2743059182624342e-14
2947.0188679245284,1.215301241667465e-15
2947.169811320755,1.0332904211666528e-14
2947.3207547169814,6.5789161098663835e-15
2947.4716981132074,6.308767549019996e-15
2947.622641509434,6.380321222976517e-15
2947.7735849056603,9.940663187612137e-15
2947.9245283018868,3.211200945516151e-15
2948.0754716981132,8.200507457739219e-15
2948.2264150943397,1.0364332211174597e-14
2948.377358490566,2.935005597855188e-16
2948.5283018867926,1.2285680666822204e-14
2948.6792452830186,6.8588893394569646e-15
2948.830188679245,1.4179151257158763e-15
2948.9811320754716,1.4262314780699698e-14
2949.132075471698,1.6874841142524228e-15
2949.2830188679245,9.171330473296948e-15
2949.433962264151,4.318127650485181e-15
2949.5849056603774,1.3092849466471653e-14
2949.735849056604,-3.0124632927223726e-15
2949.8867924528304,1.6120140020345043e-14
2950.0377358490564,2.6668629139496285e-15
2950.188679245283,4.823517886014798e-15
2950.3396226415093,1.1503590463707445e-14
2950.490566037736,3.767911277581968e-15
2950.6415094339623,6.730520557342971e-15
2950.7924528301887,7.128224678816046e-15
2950.943396226415,9.650934112986939e-15
2951.0943396226417,5.7528630781911e-17
2951.245283018868,1.365294515711524e-14
2951.396226415094,4.045154590589527e-15
2951.5471698113206,3.404363434589934e-15
2951.698113207547,1.3691245461643653e-14
2951.8490566037735,-2.7104667674897602e-17
2952.0,1.0550201272908315e-14
2952.1509433962265,5.1443789189389075e-15
2952.301886792453,8.105895617417391e-15
2952.4528301886794,3.425148310682174e-15
2952.603773584906,1.1230527895731139e-14
2952.754716981132,2.6573937891105973e-15
2952.9056603773583,8.26962844194595e-15
2953.056603773585,6.375634648423947e-15
2953.2075471698113,8.373389841032458e-15
2953.3584905660377,6.453195810698925e-16
2953.509433962264,1.5909512048947773e-14
2953.6603773584907,-2.3866306214356505e-15
2953.811320754717,1.1016583484538653e-14
2953.9622641509436,7.514956955124633e-15
2954.1132075471696,2.4834465122338032e-15
2954.264150943396,9.942458469989988e-15
2954.4150943396226,5.6203469747206364e-15
2954.566037735849,5.3484357860754925e-15
2954.7169811320755,7.676611960141625e-15
2954.867924528302,6.40192677030947e-15
2955.0188679245284,5.7582014536175245e-15
2955.169811320755,6.388897133379264e-15
2955.3207547169814,8.149078949920526e-15
2955.4716981132074,3.59969726777523e-15
2955.622641509434,8.508831485206482e-15
2955.7735849056603,6.187830380669168e-15
2955.9245283018868,5.641713173512263e-15
2956.0754716981132,5.193886783572752e-15
2956.2264150943397,1.1585881827683544e-14
2956.377358490566,-2.0272360156178052e-15
2956.5283018867926,1.4066130760494514e-14
2956.6792452830186,2.8819456742831733e-15
2956.830188679245,4.718847316875469e-15
2956.9811320754716,1.0500649390870118e-14
2957.132075471698,2.65624853362859e-15
2957.2830188679245,7.798819935705963e-15
2957.433962264151,6.21267065370349e-15
2957.5849056603774,6.161549437957515e-15
2957.735849056604,5.9942415613364825e-15
2957.8867924528304,6.20885792525779e-15
2958.0377358490564,7.044591090596369e-15
2958.188679245283,5.035815203064187e-15
2958.3396226415093,6.692783608348986e-15
2958.490566037736,6.331485222590579e-15
2958.6415094339623,7.077312473863613e-15
2958.7924528301887,2.2505123606724277e-15
2958.943396226415,1.2994196729102919e-14
2959.0943396226417,-9.880542875871135e-16
2959.245283018868,1.012096024262402e-14
2959.396226415094,6.855483992518456e-15
2959.5471698113206,1.7848946763361553e-15
2959.698113207547,1.1151947525757339e-14
2959.8490566037735,2.8354016595053846e-15
2960.0,6.5052171218949324e-15
2960.1509433962265,7.651978362530074e-15
2960.301886792453,4.292672238199479e-15
2960.4528301886794,6.126304755021101e-15
2960.603773584906,7.952536140111202e-15
2960.754716981132,3.976053591264084e-15
2960.9056603773583,4.926873191454799e-15
2961.056603773585,1.1899320435872069e-14
2961.2075471698113,-2.7981294396920994e-15
2961.3584905660377,1.2826148231603202e-14
2961.509433962264,4.668757538340005e-15
2961.6603773584907,2.526851888633802e-15
2961.811320754717,9.354744115723637e-15
2961.9622641509436,6.491676927073094e-15
2962.1132075471696,1.716868203103167e-15
2962.264150943396,9.893127134843206e-15
2962.4150943396226,5.04083143195581e-15
2962.566037735849,4.302226620224548e-15
2962.7169811320755,6.794696146719131e-15
2962.867924528302,7.035797282797862e-15
2963.0188679245284,4.987202516740193e-15
2963.169811320755,1.6705702082833996e-15
2963.3207547169814,1.7308838456814455e-14
2963.4716981132074,-9.693227816436843e-15
2963.622641509434,1.7843176946434696e-14
2963.7735849056603,3.1001320413109734e-15
2963.9245283018868,-5.140334050989116e-16
2964.0754716981132,1.4728757092091137e-14
2964.2264150943397,1.1046715107847154e-15
2964.377358490566,3.333399969317799e-15
2964.5283018867926,1.27278204235548e-14
2964.6792452830186,-1.4193863473921712e-15
2964.830188679245,1.014811748291222e-14
2964.9811320754716,3.760299746785498e-15
2965.132075471698,6.9790845802959275e-15
2965.2830188679245,3.363152912018168e-15
2965.433962264151,9.29280529993494e-15
2965.5849056603774,1.4389933060382935e-15
2965.735849056604,9.25512772727933e-15
2965.8867924528304,3.414538070944637e-15
2966.0377358490564,6.479741780187493e-15
2966.188679245283,4.65562629498767e-15
2966.3396226415093,8.739781407315204e-15
2966.490566037736,-9.659403875080547e-16
2966.6415094339623,1.4240259338210553e-14
2966.7924528301887,-2.082530277022405e-15
2966.943396226415,9.300732585964485e-15
2967.0943396226417,6.086241010247311e-15
2967.245283018868,2.5321642695759673e-15
2967.396226415094,8.459520090141893e-15
2967.5471698113206,3.880063503765935e-15
2967.698113207547,5.864312426971033e-15
2967.8490566037735,5.643815816810427e-15
2968.0,5.126350077947657e-15
2968.1509433962265,5.9000789084883536e-15
2968.301886792453,4.9132288962060024e-15
2968.4528301886794,5.79066701967837e-15
2968.603773584906,5.29628727681333e-15
2968.754716981132,5.602037782434885e-15
2968.9056603773583,4.5488656330048115e-15
2969.056603773585,6.956440704781726e-15
2969.2075471698113,3.786073743004117e-15
2969.3584905660377,5.9005423726176414e-15
2969.509433962264,5.959706193468758e-15
2969.6603773584907,4.93595496452672e-15
2969.811320754717,3.6734247698195366e-15
2969.9622641509436,9.000614360717033e-15
2970.1132075471696,2.3464205245654432e-15
2970.264150943396,3.966888653906703e-15
2970.4150943396226,1.1324789449456813e-14
2970.566037735849,-1.1356169435615875e-15
2970.7169811320755,5.167427799594955e-15
2970.867924528302,1.589688816278874e-14
2971.0188679245284,-1.3472332779004882e-14
2971.169811320755,2.339949624575462e-14
2971.3207547169814,-3.2369376586088096e-15
2971.4716981132074,5.553630354349495e-16
2971.622641509434,1.7625951709028352e-14
2971.7735849056603,-5.1490931777887594e-15
2971.9245283018868,6.347208545172087e-15
2972.0754716981132,1.2497751561511454e-14
2972.2264150943397,-4.836387291097219e-15
2972.377358490566,1.2491038945198019e-14
2972.5283018867926,1.2506527122160927e-15
2972.6792452830186,7.379504571439883e-15
2972.830188679245,3.144421246930499e-15
2972.9811320754716,5.827566798603003e-15
2973.132075471698,6.896806465964496e-15
2973.2830188679245,7.07441899454243e-16
2973.433962264151,1.015604434635628e-14
2973.5849056603774,1.0400275190513817e-15
2973.735849056604,7.228728182583398e-15
2973.8867924528304,3.933985658228389e-15
2974.0377358490564,5.799423993022968e-15
2974.188679245283,4.201061035645021e-15
2974.3396226415093,5.4450442651516576e-15
2974.490566037736,4.814784602606473e-15
2974.6415094339623,5.354109390269737e-15
2974.7924528301887,3.759586203910179e-15
2974.943396226415,6.147004137330175e-15
2975.0943396226417,5.493231123543955e-15
2975.245283018868,1.296843903649566e-15
2975.396226415094,1.0424830827650252e-14
2975.5471698113206,2.851735371278e-16
2975.698113207547,6.231736678958659e-15
2975.8490566037735,6.777957838152237e-15
2976.0,8.809098178693495e-16
2976.1509433962265,1.01542375878788e-14
2976.301886792453,-2.122564147140773e-15
2976.4528301886794,1.3054460865259423e-14
2976.603773584906,-2.7271521421126943e-15
2976.754716981132,8.712004433389534e-15
2976.9056603773583,5.958551600225089e-15
2977.056603773585,-3.5063596548153327e-16
2977.2075471698113,1.0541940802471024e-14
2977.3584905660377,1.3699735075989841e-15
2977.509433962264,4.8951875069410745e-15
2977.6603773584907,5.441370910216712e-15
2977.811320754717,6.72726552932129e-15
2977.9622641509436,-1.8291655864779645e-15
2978.1132075471696,1.3503924026496935e-14
2978.264150943396,-1.9358767878254864e-15
2978.4150943396226,6.308664267511436e-15
2978.566037735849,6.330939384473263e-15
2978.7169811320755,3.708836990087645e-15
2978.867924528302,2.4296034875600146e-15
2979.0188679245284,8.27136803664872e-15
2979.169811320755,3.2359330780770296e-15
2979.3207547169814,1.4046522196747917e-15
2979.4716981132074,1.1173622525207226e-14
2979.622641509434,-2.3168275078383605e-15
2979.7735849056603,9.263051280155099e-15
2979.9245283018868,2.18078051231307e-15
2980.0754716981132,6.015999880863604e-15
2980.2264150943397,2.4239789681826583e-15
2980.377358490566,7.445850425263616e-15
2980.5283018867926,1.5402743042768485e-15
2980.6792452830186,6.551496926691335e-15
2980.830188679245,3.275967914111957e-15
2980.9811320754716,5.66530345782985e-15
2981.132075471698,2.321624548945091e-15
2981.2830188679245,7.370518338939646e-15
2981.433962264151,1.856727339126591e-15
2981.5849056603774,5.504106820239692e-15
2981.735849056604,4.237148490124751e-15
2981.8867924528304,5.8757820725601114e-15
2982.0377358490564,-4.797740114737752e-16
2982.188679245283,1.2129393097114003e-14
2982.3396226415093,-3.214541654951347e-15
2982.490566037736,8.212830818171946e-15
2982.6415094339623,5.4099789996156754e-15
2982.7924528301887,-1.0582202198324943e-16
2982.943396226415,9.100993566618549e-15
2983.0943396226417,1.3436895380655287e-15
2983.245283018868,4.958548539703717e-15
2983.396226415094,4.79262155017359e-15
2983.5471698113206,4.083634620105381e-15
2983.698113207547,3.078118471426503e-15
2983.8490566037735,6.505469596086197e-15
2984.0,2.2893356278354767e-15
2984.1509433962265,4.217409669713159e-15
2984.301886792453,6.151020630090469e-15
2984.4528301886794,2.587006358788244e-15
2984.603773584906,2.1835370832197714e-15
2984.754716981132,1.095619535002263e-14
2984.9056603773583,-4.432853743250435e-15
2985.056603773585,8.253857184573179e-15
2985.2075471698113,9.831128955890968e-15
2985.3584905660377,-1.1338592421184088e-14
2985.509433962264,2.281837792201684e-14
2985.6603773584907,-8.576291898793707e-15
2985.811320754717,4.525626262554394e-15
2985.9622641509436,1.5067212254461956e-14
2986.1132075471696,-1.1646849090437425e-14
2986.264150943396,1.6729263449650718e-14
2986.4150943396226,-1.7463633221575186e-15
2986.566037735849,4.068579111584475e-15
2986.7169811320755,6.185522213042128e-15
2986.867924528302,2.0440538885122875e-15
2987.0188679245284,5.386937207110093e-15
2987.169811320755,3.059744970809864e-15
2987.3207547169814,3.3668771648963213e-15
2987.4716981132074,7.425469386624846e-15
2987.622641509434,-1.975866578727152e-15
2987.7735849056603,9.514075371435593e-15
2987.9245283018868,1.835859197384632e-15
2988.0754716981132,1.4985317746730657e-15
2988.2264150943397,9.065512966836139e-15
2988.377358490566,-1.3747436092030608e-15
2988.5283018867926,7.764210937329847e-15
2988.6792452830186,1.0790590626584812e-15
2988.830188679245,6.2857792860616114e-15
2988.9811320754716,1.7331390888076085e-15
2989.132075471698,5.09748006135568e-15
2989.2830188679245,2.9970916713663923e-15
2989.433962264151,5.944347840926634e-15
2989.5849056603774,-1.3450744587400897e-15
2989.735849056604,1.138129982558251e-14
2989.8867924528304,-3.343009862204207e-15
2990.0377358490564,7.174576872889488e-15
2990.188679245283,4.969924810761046e-15
2990.3396226415093,-3.5887741762208875e-16
2990.490566037736,7.902860269405457e-15
2990.6415094339623,1.129687877172974e-15
2990.7924528301887,4.750879507504921e-15
2990.943396226415,3.184369430786942e-15
2991.0943396226417,4.310712388390299e-15
2991.245283018868,2.9152555846713653e-15
2991.396226415094,4.232750273623571e-15
2991.5471698113206,3.2138703682284415e-15
2991.698113207547,4.192536799225664e-15
2991.8490566037735,2.835742427837067e-15
2992.0,4.166385337035045e-15
2992.1509433962265,3.813602213093963e-15
2992.301886792453,2.7038751993099946e-15
2992.4528301886794,4.023815370318042e-15
2992.603773584906,4.635819576957046e-15
2992.754716981132,1.3728757996751513e-15
2992.9056603773583,4.498517845174252e-15
2993.056603773585,6.152288458594326e-15
2993.2075471698113,-2.622721374482404e-15
2993.3584905660377,9.811750636704944e-15
2993.509433962264,1.6293254687196251e-15
2993.6603773584907,-1.6438001656185008e-15
2993.811320754717,1.3924699888405655e-14
2993.9622641509436,-7.755208913679575e-15
2994.1132075471696,1.1662090415814814e-14
2994.264150943396,-1.6277912329241357e-15
2994.4150943396226,7.632242306534083e-15
2994.566037735849,-1.1563898882450072e-15
2994.7169811320755,6.54387630018231e-15
2994.867924528302,4.219897386064761e-15
2995.0188679245284,-1.0471167555355418e-15
2995.169811320755,7.501795466338477e-15
2995.3207547169814,2.9231747381225143e-15
2995.4716981132074,1.0474171375515604e-15
2995.622641509434,3.64195171727014e-15
2995.7735849056603,8.592034129896723e-15
2995.9245283018868,-6.390612999427621e-15
2996.0754716981132,1.25647652498461e-14
2996.2264150943397,-1.359799099489674e-15
2996.377358490566,2.822646149205499e-15
2996.5283018867926,6.051012161864104e-15
2996.6792452830186,1.2324870564113536e-15
2996.830188679245,3.1956895783460065e-15
2996.9811320754716,4.6412857242128605e-15
2997.132075471698,1.777223234488071e-15
2997.2830188679245,3.7786594607508984e-15
2997.433962264151,3.581141706418962e-15
2997.5849056603774,2.2277786195324902e-15
2997.735849056604,3.982687815296564e-15
2997.8867924528304,3.251976284296167e-15
2998.0377358490564,1.848476674100928e-15
2998.188679245283,4.654273729111724e-15
2998.3396226415093,3.437452194386763e-15
2998.490566037736,-5.670941996630477e-16
2998.6415094339623,9.347326078501555e-15
2998.7924528301887,-2.6754166069878725e-15
2998.943396226415,5.1439776737691995e-15
2999.0943396226417,5.727375827872662e-15
2999.245283018868,-2.6926244049503254e-15
2999.396226415094,8.975494420898592e-15
2999.5471698113206,-9.285215741575605e-16
2999.698113207547,4.634989449508581e-15
2999.8490566037735,2.4880227683797626e-15
3000.0,4.206527129509879e-15
3000.1509433962265,1.4021488910051806e-16
3000.301886792453,6.5120927714156535e-15
3000.4528301886794,1.1317905247970144e-15
3000.603773584906,1.1808634366120321e-15
3000.754716981132,7.679674828846021e-15
3000.9056603773583,-1.6247852071119915e-15
3001.056603773585,3.739127542094734e-15
3001.2075471698113,7.25628895800645e-15
3001.3584905660377,-5.1910153812531495e-15
3001.509433962264,1.1524457494570237e-14
3001.6603773584907,-3.456463636188008e-15
3001.811320754717,5.987540588528548e-15
3001.9622641509436,1.1615675976693107e-15
3002.1132075471696,6.400275451144782e-15
3002.264150943396,-4.991661120236245e-15
3002.4150943396226,1.4066338781506797e-14
3002.566037735849,-7.979780957722845e-15
3002.7169811320755,8.803350631494054e-15
3002.867924528302,2.899906817963637e-15
3003.0188679245284,-6.316404031820715e-16
3003.169811320755,4.3740644153471666e-15
3003.3207547169814,6.2934810713148935e-15
3003.4716981132074,-5.138604351438528e-15
3003.622641509434,1.0752471620859287e-14
3003.7735849056603,-1.4060307637295172e-15
3003.9245283018868,1.7939132159414272e-15
3004.0754716981132,6.6146596466452666e-15
3004.2264150943397,-1.200811949437872e-15
3004.377358490566,4.466036768642112e-15
3004.5283018867926,3.2225343096845495e-15
3004.6792452830186,6.435459141613814e-16
3004.830188679245,4.682006424492491e-15
3004.9811320754716,1.7004479878604028e-15
3005.132075471698,2.1577720770014253e-15
3005.2830188679245,3.059450446328574e-15
3005.433962264151,4.5867625041005494e-15
3005.5849056603774,-3.454012661817474e-15
3005.735849056604,1.1370386372673279e-14
3005.8867924528304,-5.312131844638076e-15
3006.0377358490564,6.046496823740102e-15
3006.188679245283,3.781230010927278e-15
3006.3396226415093,-7.143690901617802e-16
3006.490566037736,4.3194870772140265e-15
3006.6415094339623,3.2924810701686253e-15
3006.7924528301887,7.2024620347323e-16
3006.943396226415,2.953546782411422e-15
3007.0943396226417,3.125953758417477e-15
3007.245283018868,3.83773749010876e-15
3007.396226415094,-4.2589821769300256e-15
3007.5471698113206,1.4044300140983987e-14
3007.698113207547,-9.902648485645453e-15
3007.8490566037735,1.1309889181176631e-14
3008.0,-2.5425141253014005e-15
3008.1509433962265,5.624598015825238e-15
3008.301886792453,-5.652270016365717e-16
3008.4528301886794,3.44194713363607e-15
3008.603773584906,6.009815843256458e-15
3008.754716981132,-7.073287284670791e-15
3008.9056603773583,1.526729625326117e-14
3009.056603773585,-1.007269578953327e-14
3009.2075471698113,1.0882257264810421e-14
3009.3584905660377,-1.941920848441247e-15
3009.509433962264,4.629386377237184e-15
3009.6603773584907,-1.8686388817465003e-15
3009.811320754717,1.0350316395875204e-14
3009.9622641509436,-8.554587688134678e-15
3010.1132075471696,1.1933523968869743e-14
3010.264150943396,-2.8128726766718154e-15
3010.4150943396226,1.899489800606168e-15
3010.566037735849,5.622808047114825e-15
3010.7169811320755,-1.1092345780593791e-15
3010.867924528302,3.461006687690518e-15
3011.0188679245284,2.7603674894387645e-15
3011.169811320755,1.1777854943964624e-15
3011.3207547169814,2.150879881662674e-15
3011.4716981132074,3.4391417681338547e-15
3011.622641509434,4.4230679059349977e-16
3011.7735849056603,2.762743317038875e-15
3011.9245283018868,3.178178449955181e-15
3012.0754716981132,4.573985503849188e-16
3012.2264150943397,1.7648601662511543e-15
3012.377358490566,6.1527124420541616e-15
3012.5283018867926,-4.835999904245136e-15
3012.6792452830186,8.334922877680168e-15
3012.830188679245,-2.1976658929537013e-16
3012.9811320754716,-5.58470171316234e-16
3013.132075471698,7.393817394912771e-15
3013.2830188679245,-3.107898401808919e-15
3013.433962264151,5.064342592447112e-15
3013.5849056603774,7.464186354213887e-16
3013.735849056604,2.7248757250468155e-15
3013.8867924528304,6.942110565849583e-16
3014.0377358490564,3.676335521886632e-15
3014.188679245283,5.961734910914893e-16
3014.3396226415093,2.251947361295873e-15
3014.490566037736,2.3831211833412832e-15
3014.6415094339623,1.6570907813385048e-15
3014.7924528301887,1.2357083563393425e-15
3014.943396226415,2.81925381020381e-15
3015.0943396226417,2.4469984984995333e-15
3015.245283018868,-1.4454230849745207e-15
3015.396226415094,7.280074320748139e-15
3015.5471698113206,-3.728097131995593e-15
3015.698113207547,5.853506195795776e-15
3015.8490566037735,1.3197355937063495e-17
3016.0,1.4922865399369823e-15
3016.1509433962265,3.588942454379469e-15
3016.301886792453,-1.0603551692000937e-16
3016.4528301886794,2.4125241880012407e-15
3016.603773584906,2.238886170717374e-15
3016.754716981132,2.4929024776420745e-15
3016.9056603773583,-2.9808763674750616e-15
3017.056603773585,1.0932578420244662e-14
3017.2075471698113,-9.04100649997573e-15
3017.3584905660377,9.996494335725945e-15
3017.509433962264,-2.8343295103408164e-15
3017.6603773584907,5.825998932183601e-15
3017.811320754717,-7.201135324454825e-15
3017.9622641509436,1.7030832733113035e-14
3018.1132075471696,-1.5928170321414828e-14
3018.264150943396,1.4208680506386608e-14
3018.4150943396226,-1.4378797858112151e-15
3018.566037735849,-3.1946583358828423e-15
3018.7169811320755,8.720608879055874e-15
3018.867924528302,-2.9822790028323386e-15
3019.0188679245284,2.8435897610841222e-15
3019.169811320755,1.4189235706096482e-15
3019.3207547169814,2.681004280671632e-15
3019.4716981132074,-2.7235534668217684e-17
3019.622641509434,1.6303344972160789e-15
3019.7735849056603,3.549380957069577e-15
3019.9245283018868,-1.6379075116837065e-16
3020.0754716981132,-5.200375149061322e-16
3020.2264150943397,7.935634746347529e-15
3020.377358490566,-5.377510284888385e-15
3020.5283018867926,2.836554094288245e-15
3020.6792452830186,8.728813564741453e-15
3020.830188679245,-1.1716020089378616e-14
3020.9811320754716,1.41337180195761e-14
3021.132075471698,-5.420882913766649e-15
3021.2830188679245,1.7575846762109599e-15
3021.433962264151,4.433908713406626e-15
3021.5849056603774,-1.1190385419044078e-15
3021.735849056604,1.78862684797072e-15
3021.8867924528304,2.5593760569570583e-15
3022.0377358490564,-1.3455725431189592e-16
3022.188679245283,2.7499241825202098e-15
3022.3396226415093,3.398149928888814e-17
3022.490566037736,2.4810689159901933e-15
3022.6415094339623,7.845904165145323e-16
3022.7924528301887,1.7162874833641756e-15
3022.943396226415,-5.359263700916093e-16
3023.0943396226417,6.1871582597463935e-15
3023.245283018868,-6.132106687354705e-15
3023.396226415094,8.437289928085274e-15
3023.5471698113206,-2.380962228559937e-15
3023.698113207547,2.8865647561544565e-16
3023.8490566037735,5.26871333827578e-15
3024.0,-2.9676335233500503e-15
3024.1509433962265,3.6792700019937035e-15
3024.301886792453,6.832890325044584e-16
3024.4528301886794,9.53095093474442e-16
3024.603773584906,1.1780334449558882e-15
3024.754716981132,1.7690689172297358e-15
3024.9056603773583,5.186953788321655e-16
3025.056603773585,1.3639241839107597e-15
3025.2075471698113,1.5520323432219123e-15
3025.3584905660377,5.403101161676569e-16
3025.509433962264,1.5361977628646032e-15
3025.6603773584907,1.024522977559093e-15
3025.811320754717,1.2647076224485144e-15
3025.9622641509436,5.629320270807221e-16
3026.1132075471696,1.9927042006912467e-15
3026.264150943396,3.3478166110824385e-16
3026.4150943396226,1.2956042562801672e-15
3026.566037735849,1.0661653548524374e-15
3026.7169811320755,1.7970317921792385e-15
3026.867924528302,-9.615859739222372e-16
3027.0188679245284,3.268674236424643e-15
3027.169811320755,6.910508102864123e-16
3027.3207547169814,-1.4657244537562096e-15
3027.4716981132074,4.42140638959321e-15
3027.622641509434,1.0101805029023727e-16
3027.7735849056603,-2.8528831074890172e-15
3027.9245283018868,9.141123134930261e-15
3028.0754716981132,-9.404145961675505e-15
3028.2264150943397,1.0971315125459564e-14
3028.377358490566,-6.319557081063529e-15
3028.5283018867926,3.877559479735176e-15
3028.6792452830186,1.684752055590618e-15
3028.830188679245,-1.915760443761803e-16
3028.9811320754716,-1.771518690373069e-15
3029.132075471698,8.381343710837375e-15
3029.2830188679245,-7.177630603492808e-15
3029.433962264151,2.4119071120078197e-15
3029.5849056603774,9.952148014145965e-15
3029.735849056604,-1.5924140166492473e-14
3029.8867924528304,1.7070216923200427e-14
3030.0377358490564,-7.810207805003786e-15
3030.188679245283,1.5211670325692562e-15
3030.3396226415093,2.2337919093239517e-15
3030.490566037736,3.3166905241372277e-15
3030.6415094339623,-6.402597919192162e-15
3030.7924528301887,8.003110813434935e-15
3030.943396226415,-1.4751194544304206e-15
3031.0943396226417,-2.571303556956658e-15
3031.245283018868,5.968187330963086e-15
3031.396226415094,-2.8297059968873157e-15
3031.5471698113206,2.956054020744358e-15
3031.698113207547,-3.3877706928775588e-15
3031.8490566037735,8.560558368811613e-15
3032.0,-8.474832144506966e-15
3032.1509433962265,5.987601904332117e-15
3032.301886792453,2.616275930424654e-15
3032.4528301886794,-6.507481792279368e-15
3032.603773584906,6.721589705004521e-15
3032.754716981132,1.3343954080299343e-15
3032.9056603773583,-6.6974404722383575e-15
3033.056603773585,8.25425480230551e-15
3033.2075471698113,2.98887591072134e-16
3033.3584905660377,-8.581123807389313e-15
3033.509433962264,1.3971454469298579e-14
3033.6603773584907,-8.64383605731841e-15
3033.811320754717,1.27891508047064e-15
3033.9622641509436,5.9770141869716716e-15
3034.1132075471696,-4.8559474493281185e-15
3034.264150943396,1.3655789333421938e-15
3034.4150943396226,5.0921055467510865e-15
3034.566037735849,-7.491708735340186e-15
3034.7169811320755,9.46716452876229e-15
3034.867924528302,-7.338213129954347e-15
3035.0188679245284,6.307822810195303e-15
3035.169811320755,-3.689188731582893e-15
3035.3207547169814,4.176713143180693e-15
3035.4716981132074,-3.2828594707615107e-15
3035.622641509434,3.3756100919068314e-15
3035.7735849056603,1.9876898993919662e-17
3035.9245283018868,-2.527790615488753e-15
3036.0754716981132,6.055797118742047e-15
3036.2264150943397,-5.786948229461392e-15
3036.377358490566,4.952053686700948e-15
3036.5283018867926,-1.4223882715551834e-15
3036.6792452830186,5.5034978974044415e-16
3036.830188679245,-8.120932995433144e-16
3036.9811320754716,4.921762680035061e-15
3037.132075471698,-7.34033093938577e-15
3037.2830188679245,8.157210180873959e-15
3037.433962264151,-3.6931167447957885e-15
3037.5849056603774,-1.3688336599740243e-15
3037.735849056604,6.469690381653459e-15
3037.8867924528304,-6.592759727836055e-15
3038.0377358490564,4.268155308556017e-15
3038.188679245283,4.556993792484484e-16
3038.3396226415093,-1.545544778057274e-15
3038.490566037736,-7.611632364078586e-16
3038.6415094339623,6.979141794735757e-15
3038.7924528301887,-1.0164411354109005e-14
3038.943396226415,8.457437690567773e-15
3039.0943396226417,-7.6353964308527705e-16
3039.245283018868,-5.269351490089288e-15
3039.396226415094,5.8889804478434906e-15
3039.5471698113206,5.612459440177957e-16
3039.698113207547,-6.030707198521314e-15
3039.8490566037735,5.372359356406732e-15
3040.0,3.3885041524296247e-15
3040.1509433962265,-1.2129066981939186e-14
3040.301886792453,1.463745822620589e-14
3040.4528301886794,-8.15862985361643e-15
3040.603773584906,-1.3745181334921935e-16
3040.754716981132,3.859495313152813e-15
3040.9056603773583,2.5970742919283205e-16
3041.056603773585,-6.453109173073579e-15
3041.2075471698113,8.823927835752391e-15
3041.3584905660377,-3.943483826036572e-15
3041.509433962264,-3.6792466318915605e-15
3041.6603773584907,8.274769428415958e-15
3041.811320754717,-5.804596428809768e-15
3041.9622641509436,-6.235410581341593e-16
3042.1132075471696,5.475370615322268e-15
3042.264150943396,-4.3673840880488185e-15
3042.4150943396226,-1.0246964558614309e-15
3042.566037735849,6.190280460587647e-15
3042.7169811320755,-7.697035671432269e-15
3042.867924528302,6.6516794885598115e-15
3043.0188679245284,-6.486859080916211e-15
3043.169811320755,8.948410130054598e-15
3043.3207547169814,-1.2272296868843919e-14
3043.4716981132074,1.2611673793573662e-14
3043.622641509434,-8.35498309511124e-15
3043.7735849056603,6.73279541797928e-16
3043.9245283018868,6.325064659587377e-15
3044.0754716981132,-9.966371931996478e-15
3044.2264150943397,9.04127762633309e-15
3044.377358490566,-6.029369905841427e-15
3044.5283018867926,2.469078317430461e-15
3044.6792452830186,2.9614959288926224e-16
3044.830188679245,-4.439933452162947e-15
3044.9811320754716,9.807672678947594e-15
3045.132075471698,-1.5147825661188508e-14
3045.2830188679245,1.461074292978331e-14
3045.433962264151,-6.510921946524115e-15
3045.5849056603774,-6.977239336668913e-15
3045.735849056604,1.576555110445463e-14
3045.8867924528304,-1.4071318792569392e-14
3046.0377358490564,1.9202329633483133e-15
3046.188679245283,9.253116180713215e-15
3046.3396226415093,-1.120865724238645e-14
3046.490566037736,1.5237287833798422e-15
3046.6415094339623,8.942635721005468e-15
3046.7924528301887,-1.1692586344822547e-14
3046.943396226415,2.8605218107443552e-15
3047.0943396226417,7.88924711484099e-15
3047.245283018868,-1.2956163919245852e-14
3047.396226415094,7.444237807310287e-15
3047.5471698113206,6.169107727871797e-16
3047.698113207547,-5.348589116009293e-15
3047.8490566037735,1.593938672546216e-15
3048.0,3.9748844342675265e-15
3048.1509433962265,-7.396517027922814e-15
3048.301886792453,3.5450002409480047e-15
3048.4528301886794,2.086687296076677e-15
3048.603773584906,-7.300740642050426e-15
3048.754716981132,6.750940324181195e-15
3048.9056603773583,-4.456226099787573e-15
3049.056603773585,5.41376892743807e-16
3049.2075471698113,-1.4440436495026202e-16
3049.3584905660377,2.3619082731075917e-16
3049.509433962264,-2.549430335372939e-15
3049.6603773584907,2.462275532349891e-15
3049.811320754717,-2.671597897478367e-15
3049.9622641509436,1.8051556122562344e-16
3050.1132075471696,5.674502236556204e-16
3050.264150943396,-1.7398362957413028e-15
3050.4150943396226,-9.338444864451074e-16
3050.566037735849,3.050399202605976e-15
3050.7169811320755,-6.282727182952579e-15
3050.867924528302,4.979373696149238e-15
3051.0188679245284,-2.4994103551082925e-15
3051.169811320755,-3.974492248932262e-15
3051.3207547169814,8.548269056956972e-15
3051.4716981132074,-1.3300054596970737e-14
3051.622641509434,1.2702508424696853e-14
3051.7735849056603,-1.0877023451653591e-14
3051.9245283018868,5.1820036009619326e-15
3052.0754716981132,-2.168767036473493e-15
3052.2264150943397,-1.479872128490546e-15
3052.377358490566,1.607648558048821e-15
3052.5283018867926,-2.9884134006164938e-15
3052.6792452830186,5.421805450483655e-16
3052.830188679245,6.671853500189649e-16
3052.9811320754716,-2.8050995720886878e-15
3053.132075471698,-1.764747339728268e-15
3053.2830188679245,7.480822989092094e-15
3053.433962264151,-1.4435442625971522e-14
3053.5849056603774,1.275556490840575e-14
3053.735849056604,-7.775194634363097e-15
3053.8867924528304,-3.9702281643628235e-17
3054.0377358490564,-2.3553929032760597e-17
3054.188679245283,2.293919765674063e-15
3054.3396226415093,-6.444724318803428e-15
3054.490566037736,2.33795326143957e-15
3054.6415094339623,3.1296515204604806e-15
3054.7924528301887,-9.610028543467857e-15
3054.943396226415,7.29047504019162e-15
3055.0943396226417,-3.55253322525999e-15
3055.245283018868,-2.0556880357747376e-15
3055.396226415094,2.4044966423795504e-16
3055.5471698113206,1.8887438444540377e-15
3055.698113207547,-6.5751652950578945e-15
3055.8490566037735,5.118137941332678e-15
3056.0,-3.5970467557711424e-15
3056.1509433962265,-2.1615280339589554e-15
3056.301886792453,3.0536962768269433e-15
3056.4528301886794,-3.4305320897148597e-15
3056.603773584906,-2.0830952179563426e-15
3056.754716981132,2.7586519896365367e-15
3056.9056603773583,-9.89890165386777e-16
3057.056603773585,-9.06166491398467e-15
3057.2075471698113,1.4437372426575142e-14
3057.3584905660377,-1.5358736810804523e-14
3057.509433962264,4.8386583780286144e-15
3057.6603773584907,3.454479881264622e-15
3057.811320754717,-8.695665163321855e-15
3057.9622641509436,2.1754406287903244e-15
3058.1132075471696,3.619476796698407e-15
3058.264150943396,-8.75449550184219e-15
3058.4150943396226,3.8571603235098375e-15
3058.566037735849,-1.3571216668047414e-16
3058.7169811320755,-4.062542265319678e-15
3058.867924528302,-7.978323115324892e-16
3059.0188679245284,4.737576614943048e-15
3059.169811320755,-1.1063535504505926e-14
3059.3207547169814,9.868629414653784e-15
3059.4716981132074,-9.401992394880937e-15
3059.622641509434,4.141411201942194e-15
3059.7735849056603,-3.978908218344611e-15
3059.9245283018868,2.351905619688133e-15
3060.0754716981132,-7.156313459228007e-15
3060.2264150943397,8.799072812362707e-15
3060.377358490566,-1.2734017311315298e-14
3060.5283018867926,9.147599469449882e-15
3060.6792452830186,-6.895122676347756e-15
3060.830188679245,3.8725059758321015e-16
3060.9811320754716,-3.7039215082069765e-16
3061.132075471698,-1.0768739546873523e-15
3061.2830188679245,-2.9359079219215717e-15
3061.433962264151,1.9980001032045448e-15
3061.5849056603774,-3.936356694564506e-15
3061.735849056604,1.0135736153966702e-15
3061.8867924528304,-3.4691979225668067e-15
3062.0377358490564,3.1936247429672375e-15
3062.188679245283,-7.989214299396321e-15
3062.3396226415093,7.404176536322311e-15
3062.490566037736,-9.766807447587906e-15
3062.6415094339623,6.708765793702084e-15
3062.7924528301887,-7.987408670225913e-15
3062.943396226415,4.180514532739913e-15
3063.0943396226417,-3.5426810957971684e-15
3063.245283018868,-3.294297381618369e-15
3063.396226415094,5.159399916018443e-15
3063.5471698113206,-8.196601629654555e-15
3063.698113207547,1.1266296048524515e-15
3063.8490566037735,4.1613547259515505e-15
3064.0,-1.1128196392576346e-14
3064.1509433962265,5.262610831395058e-15
3064.301886792453,2.1018728059153842e-15
3064.4528301886794,-1.2740937601180839e-14
3064.603773584906,9.407469900454713e-15
3064.754716981132,-2.4065030117673354e-15
3064.9056603773583,-9.793711303384604e-15
3065.056603773585,8.723065440276592e-15
3065.2075471698113,-4.010399238445833e-15
3065.3584905660377,-6.911833584035674e-15
3065.509433962264,6.380412832573039e-15
3065.6603773584907,-4.2507451109078905e-15
3065.811320754717,-4.259757381832173e-15
3065.9622641509436,4.154620092574929e-15
3066.1132075471696,-6.135483787475186e-15
3066.264150943396,2.6745904410769315e-15
3066.4150943396226,-5.876828729900769e-15
3066.566037735849,4.439327720233903e-15
3066.7169811320755,-7.921573700078771e-15
3066.867924528302,5.2498277788188046e-15
3067.0188679245284,-7.106790112830922e-15
3067.169811320755,2.3027642395223625e-15
3067.3207547169814,-1.8374149102833386e-15
3067.4716981132074,-4.004227704568346e-15
3067.622641509434,2.4733066067581956e-15
3067.7735849056603,-3.821665422251987e-15
3067.9245283018868,-2.5439201665639874e-15
3068.0754716981132,3.681051426473457e-15
3068.2264150943397,-8.217224393760615e-15
3068.377358490566,2.3570228613732207e-15
3068.5283018867926,2.5862371777658257e-15
3068.6792452830186,-1.4440033133046526e-14
3068.830188679245,1.6400438246412122e-14
3068.9811320754716,-1.7006656838104554e-14
3069.132075471698,5.986822294731773e-15
3069.2830188679245,7.089924677649609e-16
3069.433962264151,-1.0732386557014892e-14
3069.5849056603774,1.0375196032957857e-14
3069.735849056604,-1.1587030765976184e-14
3069.8867924528304,3.444199981303493e-15
3070.0377358490564,5.404862147574516e-16
3070.188679245283,-9.886875856411985e-15
3070.3396226415093,9.444358859377379e-15
3070.490566037736,-9.64979237454979e-15
3070.6415094339623,-1.4431214880994744e-16
3070.7924528301887,3.293462657242322e-15
3070.943396226415,-8.026171055066781e-15
3071.0943396226417,1.7379336810511066e-15
3071.245283018868,-1.223137089552751e-15
3071.396226415094,-6.990120367444295e-16
3071.5471698113206,-9.218199393448098e-15
3071.698113207547,1.2671009648336348e-14
3071.8490566037735,-1.5284965044235093e-14
3072.0,3.402034378885324e-15
3072.1509433962265,3.58184448962026e-15
3072.301886792453,-1.0719061160065606e-14
3072.4528301886794,3.564751879066046e-15
3072.603773584906,-3.680712462940086e-16
3072.754716981132,-5.570063003563416e-15
3072.9056603773583,-4.106911597106965e-16
3073.056603773585,1.8538669303575576e-15
3073.2075471698113,-7.70525323799841e-15
3073.3584905660377,3.3842663017203628e-15
3073.509433962264,-3.955708232031103e-15
3073.6603773584907,-1.3314861870529081e-15
3073.811320754717,-1.995708384909837e-15
3073.9622641509436,-2.9181152909081086e-16
3074.1132075471696,-3.865817260204459e-15
3074.264150943396,2.0791385363231155e-16
3074.4150943396226,-2.7293415661779003e-15
3074.566037735849,-1.3748831920793105e-15
3074.7169811320755,-2.077558666677352e-15
3074.867924528302,-9.103162761093136e-16
3075.0188679245284,-2.915678557941222e-15
3075.169811320755,-6.621107666338591e-16
3075.3207547169814,-2.425134683057701e-15
3075.4716981132074,-1.410189761701736e-15
3075.622641509434,-2.1209874201890224e-15
3075.7735849056603,-1.1735951641004002e-15
3075.9245283018868,-2.552118344818992e-15
3076.0754716981132,-1.0890984338155462e-15
3076.2264150943397,-2.2462906169734578e-15
3076.377358490566,-1.5001211086095664e-15
3076.5283018867926,-2.1700910163225667e-15
3076.6792452830186,-1.2659653623793733e-15
3076.830188679245,-2.418130737356522e-15
3076.9811320754716,-1.4002799591432605e-15
3077.132075471698,-2.0125609310928815e-15
3077.2830188679245,-1.6863943028970108e-15
3077.433962264151,-2.259029843746267e-15
3077.5849056603774,-1.157519920799001e-15
3077.735849056604,-2.4280072845972067e-15
3077.8867924528304,-1.8912036857651696e-15
3078.0377358490564,-1.2962357410526387e-15
3078.188679245283,-2.2006389165316606e-15
3078.3396226415093,-2.659723652948574e-15
3078.490566037736,-3.134972857872312e-16
3078.6415094339623,-2.5114967835614093e-15
3078.7924528301887,-4.138870519929364e-15
3078.943396226415,3.3097164577458437e-15
3079.0943396226417,-7.790254417995582e-15
3079.245283018868,9.591382352581902e-16
3079.396226415094,9.832993348657682e-16
3079.5471698113206,-1.08088401058433e-14
3079.698113207547,1.0189312517906162e-14
3079.8490566037735,-1.3034518221241272e-14
3080.0,4.152850039098223e-15
3080.1509433962265,-1.2559881082580098e-15
3080.301886792453,-8.287117588254589e-15
3080.4528301886794,6.281757079229063e-15
3080.603773584906,-7.966178250701892e-15
3080.754716981132,-6.935145553849035e-16
3080.9056603773583,1.2740682623465927e-15
3081.056603773585,-8.262227659605954e-15
3081.2075471698113,5.81910574353909e-15
3081.3584905660377,-1.0413664015472703e-14
3081.509433962264,6.131451822576312e-15
3081.6603773584907,-9.422271232670077e-15
3081.811320754717,4.858358715649128e-15
3081.9622641509436,-8.669608483505504e-15
3082.1132075471696,3.4693427569813744e-15
3082.264150943396,-4.7692100969149054e-15
3082.4150943396226,-2.3855959182286486e-15
3082.566037735849,-1.3334174705049867e-15
3082.7169811320755,7.815989602632782e-16
3082.867924528302,-9.679296925779574e-15
3083.0188679245284,6.200634750928373e-15
3083.169811320755,-4.040677781513666e-15
3083.3207547169814,-1.0302485718531426e-14
3083.4716981132074,1.2882236179158491e-14
3083.622641509434,-1.543525781428225e-14
3083.7735849056603,3.0929723091609666e-15
3083.9245283018868,6.657249817556511e-16
3084.0754716981132,-7.953688073591342e-15
3084.2264150943397,2.656087486553641e-15
3084.377358490566,-5.238829375560539e-15
3084.5283018867926,-2.1977396451833126e-16
3084.6792452830186,-1.3516513064025197e-15
3084.830188679245,-8.159446183867318e-15
3084.9811320754716,8.664646390233704e-15
3085.132075471698,-1.3033580473437878e-14
3085.2830188679245,3.2407891475080366e-15
3085.433962264151,-5.155514236521703e-16
3085.5849056603774,-7.841887305450507e-15
3085.735849056604,3.1731776686420147e-15
3085.8867924528304,-4.915376529340997e-15
3086.0377358490564,-2.1714924117342193e-15
3086.188679245283,-5.291982864834049e-17
3086.3396226415093,-6.296114027411022e-15
3086.490566037736,3.5121502197909125e-15
3086.6415094339623,-8.799905815047158e-15
3086.7924528301887,4.4782717739085145e-15
3086.943396226415,-8.971055512011951e-15
3087.0943396226417,4.8157599630494325e-15
3087.245283018868,-9.14346620847521e-15
3087.396226415094,3.0258401405944933e-15
3087.5471698113206,-4.8172387532649316e-15
3087.698113207547,-9.423338235590597e-16
3087.8490566037735,-6.272011862696346e-15
3088.0,7.5153689601055e-15
3088.1509433962265,-1.604328866228056e-14
3088.301886792453,8.878369938363015e-15
3088.4528301886794,-4.699595545481524e-15
3088.603773584906,-8.283781032737096e-15
3088.754716981132,4.741098538854076e-15
3088.9056603773583,-1.7685464451987048e-15
3089.056603773585,-1.3383505805593152e-14
3089.2075471698113,1.4959532081648002e-14
3089.3584905660377,-1.8544427958458086e-14
3089.509433962264,8.71061705346277e-15
3089.6603773584907,-9.107308024767254e-15
3089.811320754717,3.1918362767655173e-15
3089.9622641509436,-7.35199227889501e-15
3090.1132075471696,-4.187793472405195e-16
3090.264150943396,1.6539105767036187e-15
3090.4150943396226,-1.1489583811553705e-14
3090.566037735849,7.042203097657757e-15
3090.7169811320755,-6.8422434285036885e-15
3090.867924528302,-3.938395225721918e-15
3091.0188679245284,1.4535045740919028e-15
3091.169811320755,-3.0857355349944996e-15
3091.3207547169814,-7.533389132657318e-15
3091.4716981132074,7.065185401314039e-15
3091.622641509434,-1.2065109639531916e-14
3091.7735849056603,3.9604371635945124e-15
3091.9245283018868,-4.6979141972304505e-15
3092.0754716981132,-1.9183287782170757e-15
3092.2264150943397,-4.891418056795763e-15
3092.377358490566,4.481273507841707e-15
3092.5283018867926,-1.2329636846741765e-14
3092.6792452830186,5.733705327507397e-15
3092.830188679245,-5.057820016842276e-15
3092.9811320754716,-4.255765663593374e-15
3093.132075471698,-1.3365673060699759e-15
3093.2830188679245,1.0713829450156726e-15
3093.433962264151,-9.384293732052626e-15
3093.5849056603774,3.187851104627768e-15
3093.735849056604,-4.098721067362664e-15
3093.8867924528304,-2.732286656621207e-15
3094.0377358490564,-4.624545591894984e-15
3094.188679245283,3.492962807184095e-15
3094.3396226415093,-9.112745513488257e-15
3094.490566037736,4.246907997341912e-16
3094.6415094339623,-8.30417005325871e-16
3094.7924528301887,-5.403810741824868e-15
3094.943396226415,-2.1461490382935587e-15
3095.0943396226417,1.1897123093511322e-16
3095.245283018868,-5.7323694473567486e-15
3095.396226415094,-5.340982242219678e-16
3095.5471698113206,-3.792703588589634e-15
3095.698113207547,-1.135838756222206e-15
3095.8490566037735,-2.6732159172356882e-15
3096.0,-6.7218122256520675e-15
3096.1509433962265,7.378429703163603e-15
3096.301886792453,-1.557297778162405e-14
3096.4528301886794,7.860528942276195e-15
3096.603773584906,-5.37462470743642e-15
3096.754716981132,-8.077667382977076e-15
3096.9056603773583,7.142976644055596e-15
3097.056603773585,-1.0326241496455724e-14
3097.2075471698113,-9.028362585650507e-16
3097.3584905660377,1.6267981665880378e-15
3097.509433962264,-9.184449372365176e-15
3097.6603773584907,2.633603094745859e-15
3097.811320754717,-5.011270136631324e-15
3097.9622641509436,-1.7726911907027922e-15
3098.1132075471696,-4.066374584026871e-15
3098.264150943396,4.508533144538308e-16
3098.4150943396226,-5.948102545942211e-15
3098.566037735849,-1.5332392842503326e-15
3098.7169811320755,-2.3656725891671837e-16
3098.867924528302,-7.011554380656664e-15
3099.0188679245284,7.347011405320989e-16
3099.169811320755,-3.0525016962646855e-15
3099.3207547169814,-4.996987453193353e-15
3099.4716981132074,1.6892580984861486e-15
3099.622641509434,-9.272163679561866e-15
3099.7735849056603,6.753604969050538e-15
3099.9245283018868,-1.305364652529516e-14
3100.0754716981132,4.290382088777707e-15
3100.2264150943397,-2.5905463916047262e-15
3100.377358490566,-8.874482863139914e-15
3100.5283018867926,4.7238405621925e-15
3100.6792452830186,-6.84128404026851e-15
3100.830188679245,-1.944679728257529e-15
3100.9811320754716,-3.3202434030903968e-15
3101.132075471698,2.538399612271163e-16
3101.2830188679245,-6.2841920714291135e-15
3101.433962264151,-3.1575932322159343e-15
3101.5849056603774,5.345454567955405e-15
3101.735849056604,-1.7981746835323403e-14
3101.8867924528304,1.6318301871420907e-14
3102.0377358490564,-2.1815932911357924e-14
3102.188679245283,1.3753138391811335e-14
3102.3396226415093,-1.4005694847380006e-14
3102.490566037736,4.1959095477578996e-16
3102.6415094339623,3.3189980655244498e-15
3102.7924528301887,-1.4511446974051747e-14
3102.943396226415,7.419439280406042e-15
3103.0943396226417,-5.097547210277723e-15
3103.245283018868,-8.67547734373802e-15
3103.396226415094,6.359270005356334e-15
3103.5471698113206,-9.204613670672067e-15
3103.698113207547,-1.3974918155999644e-15
3103.8490566037735,-2.2270240565402235e-16
3104.0,-7.289588583225311e-15
3104.1509433962265,2.7508157791074066e-15
3104.301886792453,-8.72925182378658e-15
3104.4528301886794,2.124916518864156e-15
3104.603773584906,-4.670383833932828e-15
3104.754716981132,-4.9427503670199604e-15
3104.9056603773583,2.4239521214411624e-15
3105.056603773585,-8.851702733839051e-15
3105.2075471698113,2.08215268183022e-15
3105.3584905660377,-5.8977063101638086e-15
3105.509433962264,-8.610900317074914e-16
3105.6603773584907,-4.779910881694309e-15
3105.811320754717,-1.1033415842581875e-16
3105.9622641509436,-6.223439914465812e-15
3106.1132075471696,5.737856462801574e-16
3106.264150943396,-5.528881942933e-15
3106.4150943396226,-9.870373004366095e-16
3106.566037735849,-4.50279907818481e-15
3106.7169811320755,-3.489617815883471e-16
3106.867924528302,-6.671103375738074e-15
3107.0188679245284,1.576644428076251e-15
3107.169811320755,-6.290874541476104e-15
3107.3207547169814,-1.4004934007979454e-15
3107.4716981132074,-3.5420333975923333e-15
3107.622641509434,7.512875126693506e-17
3107.7735849056603,-1.0329547674854953e-14
3107.9245283018868,7.853226640427399e-15
3108.0754716981132,-1.2361710397677251e-14
3108.2264150943397,1.1752442180559953e-15
3108.377358490566,-1.5195446638522468e-15
3108.5283018867926,-5.316871319826362e-15
3108.6792452830186,-4.187270241996732e-15
3108.830188679245,3.0287045068171845e-15
3108.9811320754716,-9.93091055364825e-15
3109.132075471698,6.941077799599688e-16
3109.2830188679245,-1.3749462657819626e-15
3109.433962264151,-7.580745869455295e-15
3109.5849056603774,1.495719279190767e-15
3109.735849056604,-5.0615335351627974e-15
3109.8867924528304,-2.7666019721148995e-15
3110.0377358490564,-2.4969049295791615e-15
3110.188679245283,-3.0005780899055634e-15
3110.3396226415093,-3.130749819109491e-15
3110.490566037736,-2.9863047042010357e-15
3110.6415094339623,-2.4506195931801646e-15
3110.7924528301887,-3.618774381829116e-15
3110.943396226415,-2.2588375890043805e-15
3111.0943396226417,-3.906877897539167e-15
3111.245283018868,-1.3386066969480432e-15
3111.396226415094,-5.034310247634309e-15
3111.5471698113206,-1.3430810093091558e-15
3111.698113207547,-3.3907428896612326e-15
3111.8490566037735,-2.930303826302259e-15
3112.0,-4.8617811296673725e-15
3112.1509433962265,2.4826039941676127e-15
3112.301886792453,-1.1044859682561162e-14
3112.4528301886794,4.3152486246701145e-15
3112.603773584906,-6.3237477427652705e-15
3112.754716981132,-4.017827834566577e-15
3112.9056603773583,1.2672798721132666e-16
3113.056603773585,-5.580497067340719e-15
3113.2075471698113,-1.6861223621095147e-15
3113.3584905660377,-3.905936374601067e-15
3113.509433962264,-2.098443251346942e-15
3113.6603773584907,-2.5732495208991735e-15
3113.811320754717,-6.51738642660384e-15
3113.9622641509436,3.3316440279076726e-15
3114.1132075471696,-9.327432996574781e-15
3114.264150943396,-1.4846774673025843e-16
3114.4150943396226,-1.1801739502162493e-15
3114.566037735849,-7.912389810906206e-15
3114.7169811320755,1.9547814355789284e-15
3114.867924528302,-6.115584625457916e-15
3115.0188679245284,-1.880355361981296e-15
3115.169811320755,-3.44680195214563e-15
3115.3207547169814,-2.299188501951162e-15
3115.4716981132074,-4.284950807194722e-15
3115.622641509434,-1.804169330784822e-15
3115.7735849056603,-3.785871743365328e-15
3115.9245283018868,-2.8421671722415778e-15
3116.0754716981132,-3.0936850561721322e-15
3116.2264150943397,-2.8349292415285977e-15
3116.377358490566,-3.497707797929139e-15
3116.5283018867926,-2.6410114628276337e-15
3116.6792452830186,-3.2424365178135025e-15
3116.830188679245,-3.1305480071021734e-15
3116.9811320754716,-2.972170645435618e-15
3117.132075471698,-3.026272668132293e-15
3117.2830188679245,-3.2475524255228677e-15
3117.433962264151,-2.9761748230366297e-15
3117.5849056603774,-2.9694840621171247e-15
3117.735849056604,-3.344073372193845e-15
3117.8867924528304,-2.9184619369527235e-15
3118.0377358490564,-3.011255992758147e-15
3118.188679245283,-3.302167744805681e-15
3118.3396226415093,-3.0805490163807394e-15
3118.490566037736,-2.7270379518540722e-15
3118.6415094339623,-3.635655732956368e-15
3118.7924528301887,-2.951448452783031e-15
3118.943396226415,-2.5436938765125933e-15
3119.0943396226417,-3.995315001923494e-15
3119.245283018868,-2.8976321742404817e-15
3119.396226415094,-2.060307456301187e-15
3119.5471698113206,-4.549979292696544e-15
3119.698113207547,-3.4127989639313056e-15
3119.8490566037735,3.0475304117909656e-16
3120.0,-8.685015961923894e-15
3120.1509433962265,1.6256995241329869e-15
3120.301886792453,-4.561877286060682e-15
3120.4528301886794,-5.412718143331797e-15
3120.603773584906,1.7385826383330956e-15
3120.754716981132,-9.618410562522185e-15
3120.9056603773583,4.510064267863548e-15
3121.056603773585,-1.1176878504956867e-14
3121.2075471698113,3.668165378698376e-15
3121.3584905660377,-7.20995244967393e-15
3121.509433962264,-2.287399663786236e-15
3121.6603773584907,-1.2410715228305199e-15
3121.811320754717,-7.324414969128589e-15
3121.9622641509436,2.627392478542672e-15
3122.1132075471696,-9.166844930969083e-15
3122.264150943396,1.092627579778276e-15
3122.4150943396226,-4.372417226177343e-15
3122.566037735849,-4.861175767700636e-15
3122.7169811320755,6.831684363102588e-16
3122.867924528302,-9.03499125155831e-15
3123.0188679245284,4.855090642376042e-15
3123.169811320755,-1.2403467006812593e-14
3123.3207547169814,4.700366304067362e-15
3123.4716981132074,-7.150771916421353e-15
3123.622641509434,-3.642983503546949e-15
3123.7735849056603,-1.8545596382922493e-16
3123.9245283018868,-6.1224893596839294e-15
3124.0754716981132,-1.6426264982096307e-15
3124.2264150943397,-3.771087045930198e-15
3124.377358490566,-2.6644337804337566e-15
3124.5283018867926,-3.721958658661176e-15
3124.6792452830186,-3.444376755316746e-15
3124.830188679245,-2.0621390944456747e-15
3124.9811320754716,-3.781670493193794e-15
3125.132075471698,-5.226745581865956e-15
3125.2830188679245,1.910951539210323e-15
3125.433962264151,-9.210896505092864e-15
3125.5849056603774,-3.0604955753579697e-16
3125.735849056604,1.598377140547081e-16
3125.8867924528304,-1.2906466030855856e-14
3126.0377358490564,9.330529305860944e-15
3126.188679245283,-1.3748992404072317e-14
3126.3396226415093,1.975200572466241e-15
3126.490566037736,-2.9866003253159096e-15
3126.6415094339623,-6.5016799463881045e-15
3126.7924528301887,1.944006343723655e-16
3126.943396226415,-4.964898885623011e-15
3127.0943396226417,-3.621094762611311e-15
3127.245283018868,-1.447231611762173e-15
3127.396226415094,-4.765726813279747e-15
3127.5471698113206,-3.86778954627898e-15
3127.698113207547,2.8220103589704804e-16
3127.8490566037735,-8.221608574474179e-15
3128.0,3.968575431344784e-16
3128.1509433962265,-3.5540032113833536e-15
3128.301886792453,-6.217251220904048e-15
3128.4528301886794,1.878236862494564e-15
3128.603773584906,-1.0010759441827168e-14
3128.754716981132,5.287888320522197e-15
3128.9056603773583,-1.297707158128623e-14
3129.056603773585,5.507209828715384e-15
3129.2075471698113,-8.55405745329521e-15
3129.3584905660377,-2.3482585626996685e-15
3129.509433962264,-1.1792357120509303e-15
3129.6603773584907,-5.8051311221626546e-15
3129.811320754717,-2.1615352991178942e-15
3129.9622641509436,-2.5780105485593256e-15
3130.1132075471696,-4.956188200003868e-15
3130.264150943396,-1.5661253667100216e-15
3130.4150943396226,-4.5085592453671566e-15
3130.566037735849,-2.4048283175599593e-15
3130.7169811320755,-4.198590464718889e-15
3130.867924528302,-1.8674047808412538e-15
3131.0188679245284,-5.404769914515073e-15
3131.169811320755,-5.547684839325653e-16
3131.3207547169814,-6.116711258656137e-15
3131.4716981132074,-1.000451353830434e-15
3131.622641509434,-4.6963400833701724e-15
3131.7735849056603,-2.1558896067055647e-15
3131.9245283018868,-5.667481593004738e-15
3132.0754716981132,1.6464956219007227e-15
3132.2264150943397,-1.0314381786347938e-14
3132.377358490566,3.591920111468603e-15
3132.5283018867926,-8.377726627958816e-15
3132.6792452830186,9.210414120407256e-16
3132.830188679245,-8.900410805282914e-15
3132.9811320754716,3.4799761017640875e-15
3133.132075471698,-7.097425399938894e-15
3133.2830188679245,-6.925336746317788e-15
3133.433962264151,6.9215630145794084e-15
3133.5849056603774,-1.3113413647755974e-14
3133.735849056604,-1.5607170866228257e-15
3133.8867924528304,4.4488163920054685e-15
3134.0377358490564,-1.4584065699338325e-14
3134.188679245283,3.670583407724251e-15
3134.3396226415093,-3.2607746413065547e-15
3134.490566037736,-6.4601645954028015e-15
3134.6415094339623,-3.0253295456103274e-15
3134.7924528301887,1.4053195552419482e-15
3134.943396226415,-1.0009136946785935e-14
3135.0943396226417,6.466539562148685e-16
3135.245283018868,-2.4583007734678858e-15
3135.396226415094,-7.564017013349285e-15
3135.5471698113206,1.5441356888756348e-15
3135.698113207547,-7.009586816302352e-15
3135.8490566037735,-1.6082077967877025e-15
3136.0,-2.352297032690528e-15
3136.1509433962265,-7.462844123756541e-15
3136.301886792453,2.8567349302964907e-15
3136.4528301886794,-8.562476315037652e-15
3136.603773584906,-1.9978821220734555e-15
3136.754716981132,-5.45769423828763e-16
3136.9056603773583,-7.345910755036619e-15
3137.056603773585,-1.5548104990513895e-15
3137.2075471698113,-1.8281166112433087e-15
3137.3584905660377,-6.290755255792206e-15
3137.509433962264,-1.7971238775646243e-15
3137.6603773584907,-1.4747781542863534e-15
3137.811320754717,-9.257413029268228e-15
3137.9622641509436,6.153934201914684e-15
3138.1132075471696,-1.4796500391693547e-14
3138.264150943396,7.11837299097812e-15
3138.4150943396226,-9.11773600739794e-15
3138.566037735849,-4.8263041192129405e-15
3138.7169811320755,4.522444174712524e-15
3138.867924528302,-1.2802620000897119e-14
3139.0188679245284,1.7300494415115485e-15
3139.169811320755,-1.3055410662681467e-15
3139.3207547169814,-1.0325461850334466e-14
3139.4716981132074,4.337358828822025e-15
3139.622641509434,-9.769406537949254e-15
3139.7735849056603,2.5763370442755887e-15
3139.9245283018868,-8.824276167452149e-15
3140.0754716981132,-1.5533825165925869e-15
3140.2264150943397,2.2585120280832567e-15
3140.377358490566,-1.5407104798014423e-14
3140.5283018867926,8.229585015161169e-15
3140.6792452830186,-7.154093026093955e-15
3140.830188679245,-8.170995160358703e-15
3140.9811320754716,3.426578173135705e-15
3141.132075471698,-4.291675866997186e-15
3141.2830188679245,-1.0495537337488156e-14
3141.433962264151,7.715529904743512e-15
3141.5849056603774,-1.2884291037510647e-14
3141.735849056604,2.316251529584752e-15
3141.8867924528304,-6.30066458304521e-15
3142.0377358490564,-1.5854992092257813e-15
3142.188679245283,-4.066058398869961e-15
3142.3396226415093,-4.657175672122254e-15
3142.490566037736,1.5312392746670417e-16
3142.6415094339623,-8.006723952502677e-15
3142.7924528301887,6.798959855292019e-16
3142.943396226415,-5.7589962940506664e-15
3143.0943396226417,-2.5202513381572663e-15
3143.245283018868,-3.612586701138683e-15
3143.396226415094,-2.8399011274171144e-15
3143.5471698113206,-4.4609884896428994e-15
3143.698113207547,-2.1187714599902773e-15
3143.8490566037735,-4.203864545040178e-15
3144.0,-3.230488317315301e-15
3144.1509433962265,-3.1068440732157377e-15
3144.301886792453,-3.492801058081342e-15
3144.4528301886794,-3.7614168685768406e-15
3144.603773584906,-2.694227848499135e-15
3144.754716981132,-3.7202902904600884e-15
3144.9056603773583,-3.860418785244603e-15
3145.056603773585,-2.316639578108832e-15
3145.2075471698113,-4.060684517229522e-15
3145.3584905660377,-3.848743504646237e-15
3145.509433962264,-2.301037831221929e-15
3145.6603773584907,-3.223980603843771e-15
3145.811320754717,-6.358291969098729e-15
3145.9622641509436,2.090823663316714e-15
3146.1132075471696,-9.049784145455395e-15
3146.264150943396,-2.9891974162640595e-16
3146.4150943396226,-2.035856161657017e-15
3146.566037735849,-9.466526465659561e-15
3146.7169811320755,6.109655364238797e-15
3146.867924528302,-1.3526603908742336e-14
3147.0188679245284,4.221133462053619e-15
3147.169811320755,-6.5120405078926945e-15
3147.3207547169814,-4.287016935401021e-15
3147.4716981132074,-6.624532757233574e-16
3147.622641509434,-5.856641175948947e-15
3147.7735849056603,-1.6708878462512989e-15
3147.9245283018868,-4.9375806850343674e-15
3148.0754716981132,-1.988206954652936e-15
3148.2264150943397,-3.297610778149346e-15
3148.377358490566,-6.306628230371606e-15
3148.5283018867926,1.8396056122945667e-15
3148.6792452830186,-8.338513268056062e-15
3148.830188679245,-1.4345202879500065e-15
3148.9811320754716,-1.4153373675297717e-15
3149.132075471698,-8.23380588309956e-15
3149.2830188679245,2.6119396737069687e-15
3149.433962264151,-9.082445065306182e-15
3149.5849056603774,6.551168113416696e-16
3149.735849056604,-4.483541475642213e-15
3149.8867924528304,-5.4071241210539894e-15
3150.0377358490564,-1.9570598892288655e-16
3150.188679245283,-4.6446444333742504e-15
3150.3396226415093,-5.7690525705263734e-15
3150.490566037736,1.616214646904148e-15
3150.6415094339623,-9.099458459443654e-15
3150.7924528301887,3.180756340571613e-15
3150.943396226415,-1.3215561074768456e-14
3151.0943396226417,1.1100873985503304e-14
3151.245283018868,-1.989883521330542e-14
3151.396226415094,9.398965664655055e-15
3151.5471698113206,-7.861901305848795e-15
3151.698113207547,-7.139981487647432e-15
3151.8490566037735,4.164065263837528e-15
3152.0,-9.394542019393683e-15
3152.1509433962265,-1.750693333689214e-15
3152.301886792453,-1.4080133224712211e-15
3152.4528301886794,-6.032813048997445e-15
3152.603773584906,-2.7342505365112872e-15
3152.754716981132,-1.718384788687297e-15
3152.9056603773583,-4.898155689949982e-15
3153.056603773585,-5.495279716855254e-15
3153.2075471698113,3.635460386666425e-15
3153.3584905660377,-1.2662878780712516e-14
3153.509433962264,3.3901282551231933e-15
3153.6603773584907,-5.076192708374029e-15
3153.811320754717,-4.7797492776288795e-15
3153.9622641509436,-3.3210553533958948e-15
3154.1132075471696,1.5613178966601329e-16
3154.264150943396,-8.432779275797e-15
3154.4150943396226,-1.058062266163112e-15
3154.566037735849,-7.718796530582064e-16
3154.7169811320755,-9.207798759365743e-15
3154.867924528302,1.8375733331252107e-15
3155.0188679245284,-5.587913899210226e-15
3155.169811320755,-3.4114512097630708e-15
3155.3207547169814,-3.648711832211742e-15
3155.4716981132074,-1.6611554488281213e-15
3155.622641509434,-4.822613047098636e-15
3155.7735849056603,-5.1275407934549216e-15
3155.9245283018868,2.4349494838665098e-15
3156.0754716981132,-1.0647867189811874e-14
3156.2264150943397,9.033927452924924e-16
3156.377358490566,-1.6967893960198788e-15
3156.5283018867926,-1.0259701275964977e-14
3156.6792452830186,4.4156825740840216e-15
3156.830188679245,-7.025671327277148e-15
3156.9811320754716,-6.0960366301929185e-15
3157.132075471698,3.2581373816419664e-15
3157.2830188679245,-8.481535696338654e-15
3157.433962264151,-4.0883167583779e-15
3157.5849056603774,3.0243409575033684e-15
3157.735849056604,-1.1346533840321096e-14
3157.8867924528304,1.9006276790855303e-15
3158.0377358490564,-5.4366333608832816e-15
3158.188679245283,-9.844229702001261e-16
3158.3396226415093,-9.926560485074137e-15
3158.490566037736,7.236385347707302e-15
3158.6415094339623,-1.3426052419415631e-14
3158.7924528301887,9.482950150459132e-16
3158.943396226415,-9.893730461332154e-16
3159.0943396226417,-8.167267115742547e-15
3159.245283018868,-1.9445171385869016e-15
3159.396226415094,9.145132393164114e-16
3159.5471698113206,-1.0369896163075982e-14
3159.698113207547,4.730639250231735e-16
3159.8490566037735,2.577913439750687e-16
3160.0,-1.4063384379902835e-14
3160.1509433962265,9.707179351988338e-15
3160.301886792453,-1.3155253400954896e-14
3160.4528301886794,2.3573215147505856e-16
3160.603773584906,-1.867021668176863e-15
3160.754716981132,-6.60251792163485e-15
3160.9056603773583,-1.0713871277122866e-15
3161.056603773585,-4.183937105246866e-15
3161.2075471698113,-3.028760141332133e-15
3161.3584905660377,-3.9483890925635925e-15
3161.509433962264,-2.8364932049734046e-15
3161.6603773584907,-3.0440998422188976e-15
3161.811320754717,-4.476237348185612e-15
3161.9622641509436,-2.537423394035109e-15
3162.1132075471696,-2.861423607003969e-15
3162.264150943396,-4.486236638533406e-15
3162.4150943396226,-3.85349275177312e-15
3162.566037735849,5.286280446052881e-16
3162.7169811320755,-9.70804944813042e-15
3162.867924528302,2.2982329067327635e-15
3163.0188679245284,-5.4322329602975155e-15
3163.169811320755,-5.248357938804048e-15
3163.3207547169814,1.0599055506363014e-15
3163.4716981132074,-8.851573866558298e-15
3163.622641509434,2.863898819339027e-15
3163.7735849056603,-1.0087725163384304e-14
3163.9245283018868,3.0069341425196874e-15
3164.0754716981132,-7.589371512120603e-15
3164.2264150943397,-2.935477502139631e-15
3164.377358490566,9.506486072944002e-16
3164.5283018867926,-1.1470405363409072e-14
3164.6792452830186,5.9558398756186746e-15
3164.830188679245,-1.0377589185290807e-14
3164.9811320754716,-7.658803073895737e-16
3165.132075471698,-1.5861293949812998e-15
3165.2830188679245,-7.425983145893148e-15
3165.433962264151,1.0105191319362968e-15
3165.5849056603774,-6.8416315395738964e-15
3165.735849056604,-8.720237818992287e-16
3165.8867924528304,-4.649401119168961e-15
3166.0377358490564,-3.051685809645946e-15
3166.188679245283,-3.554122260828333e-15
3166.3396226415093,-1.2633758042886009e-15
3166.490566037736,-8.381635127314615e-15
3166.6415094339623,3.579587600359678e-15
3166.7924528301887,-9.058684133709816e-15
3166.943396226415,-1.139279036101219e-15
3167.0943396226417,-1.9643571722239645e-15
3167.245283018868,-6.560305045992722e-15
3167.396226415094,7.554937004678002e-16
3167.5471698113206,-8.587261996275782e-15
3167.698113207547,3.648164424488705e-15
3167.8490566037735,-1.0669808120344505e-14
3168.0,1.1018627326813191e-15
3168.1509433962265,-1.3876957771045091e-15
3168.301886792453,-1.2089774811567957e-14
3168.4528301886794,8.780261397914198e-15
3168.603773584906,-1.2972618464162978e-14
3168.754716981132,5.980057977497454e-17
3168.9056603773583,-1.1515790815832752e-15
3169.056603773585,-6.4946296498874805e-15
3169.2075471698113,-3.134522180178565e-15
3169.3584905660377,3.884405594963948e-17
3169.509433962264,-7.574156264886757e-15
3169.6603773584907,-6.374575100348788e-16
3169.811320754717,-3.662549528010326e-15
3169.9622641509436,-4.574938128818902e-15
3170.1132075471696,-9.037307339031402e-16
3170.264150943396,-6.6451532012083e-15
3170.4150943396226,1.0225494605015145e-15
3170.566037735849,-8.889912934747233e-15
3170.7169811320755,4.611309679652434e-15
3170.867924528302,-1.4189564268895164e-14
3171.0188679245284,9.380832732190217e-15
3171.169811320755,-1.4151039584570157e-14
3171.3207547169814,2.281563095869314e-15
3171.4716981132074,-3.2141503075715902e-15
3171.622641509434,-5.2892085560326955e-15
3171.7735849056603,-4.144641164950698e-15
3171.9245283018868,2.543443461746617e-15
3172.0754716981132,-1.1612981079815154e-14
3172.2264150943397,2.4631897385896147e-15
3172.377358490566,-2.2233077503505712e-15
3172.5283018867926,-1.1275907771657489e-14
3172.6792452830186,7.68079807944309e-15
3172.830188679245,-1.1469264907415971e-14
3172.9811320754716,-1.5095945636987504e-15
3173.132075471698,1.1895895446750324e-15
3173.2830188679245,-1.0423666515459833e-14
3173.433962264151,2.659544957846348e-15
3173.5849056603774,-6.1666146921565345e-15
3173.735849056604,-1.856956073376936e-15
3173.8867924528304,-6.39268931151537e-15
3174.0377358490564,3.807547593243721e-15
3174.188679245283,-1.3252088392049924e-14
3174.3396226415093,6.2117928352544875e-15
3174.490566037736,-8.724760357027283e-15
3174.6415094339623,-2.7306210296918516e-15
3174.7924528301887,-6.107366116565517e-16
3174.943396226415,-5.6768394412753296e-15
3175.0943396226417,-3.773047294150916e-15
3175.245283018868,1.025486002909151e-15
3175.396226415094,-9.857581868418968e-15
3175.5471698113206,3.6806997872356634e-15
3175.698113207547,-8.893414933056488e-15
3175.8490566037735,3.0728292581896976e-16
3176.0,-4.113050823698256e-15
3176.1509433962265,-4.387303955477219e-15
3176.301886792453,-2.375041980145344e-15
3176.4528301886794,-1.1540373902808767e-15
3176.603773584906,-7.598766695708642e-15
3176.754716981132,-1.4212265828658229e-15
3176.9056603773583,2.9368676789614425e-15
3177.056603773585,-1.7118986286990466e-14
3177.2075471698113,1.1147065035106342e-14
3177.3584905660377,-9.030521966884775e-15
3177.509433962264,-8.60863375925284e-15
3177.6603773584907,6.9978854508929115e-15
3177.811320754717,-7.562111725476116e-15
3177.9622641509436,-1.103757004495563e-14
3178.1132075471696,1.3926706767440056e-14
3178.264150943396,-1.9530041997421477e-14
3178.4150943396226,2.622885133991653e-15
3178.566037735849,3.952110305322464e-15
3178.7169811320755,-1.7408756419633437e-14
3178.867924528302,9.485330980240292e-15
3179.0188679245284,-9.7839068492758e-15
3179.169811320755,-8.676861975404175e-16
3179.3207547169814,-5.629738169773902e-15
3179.4716981132074,1.2262139092153681e-15
3179.622641509434,-6.771572770942821e-15
3179.7735849056603,-4.908880798782917e-15
3179.9245283018868,5.601240300169198e-15
3180.0754716981132,-1.5705324691867257e-14
3180.2264150943397,7.129548558103868e-15
3180.377358490566,-6.9204447877480435e-15
3180.5283018867926,-5.726968543296889e-15
3180.6792452830186,2.0308138225288672e-15
3180.830188679245,-7.182078620815903e-15
3180.9811320754716,-1.5113916959372263e-15
3181.132075471698,-3.689421489262435e-15
3181.2830188679245,-1.960118180011917e-15
3181.433962264151,-5.402978891721022e-15
3181.5849056603774,-7.971694885736538e-16
3181.735849056604,-4.554831493414853e-15
3181.8867924528304,-2.51381977138418e-15
3182.0377358490564,-4.127931716006089e-15
3182.188679245283,-9.479911022446207e-16
3182.3396226415093,-5.9375345981410146e-15
3182.490566037736,-1.1836902746391114e-15
3182.6415094339623,-3.6726533492098994e-15
3182.7924528301887,-2.4096992666560492e-15
3182.943396226415,-6.640221521954216e-15
3183.0943396226417,4.3668573254598284e-15
3183.245283018868,-1.2510006429977662e-14
3183.396226415094,3.525194304527286e-15
3183.5471698113206,-2.7064997663514072e-15
3183.698113207547,-1.1035369676422424e-14
3183.8490566037735,7.725071936578573e-15
3184.0,-9.80135705677191e-15
3184.1509433962265,-5.0256033918142685e-15
3184.301886792453,6.322244187824326e-15
3184.4528301886794,-1.4944926757805812e-14
3184.603773584906,6.4399575039008236e-15
3184.754716981132,-8.61633259172772e-15
3184.9056603773583,-6.548436144728878e-16
3185.056603773585,-4.336921682797752e-15
3185.2075471698113,-1.267763482533208e-15
3185.3584905660377,-6.306395753169213e-15
3185.509433962264,7.280265594944191e-16
3185.6603773584907,-5.087603613998897e-15
3185.811320754717,-5.029065308075192e-15
3185.9622641509436,2.4817757097736307e-15
3186.1132075471696,-8.967524799871486e-15
3186.264150943396,-5.183963920426523e-16
3186.4150943396226,-1.2343560351574765e-15
3186.566037735849,-6.687370125949378e-15
3186.7169811320755,-1.977355990965724e-15
3186.867924528302,1.5062560625030975e-15
3187.0188679245284,-1.3191497535100257e-14
3187.169811320755,9.6895296366721e-15
3187.3207547169814,-1.4333090795515114e-14
3187.4716981132074,3.51159379289525e-15
3187.622641509434,-3.4320237981898973e-15
3187.7735849056603,-8.160326500869985e-15
3187.9245283018868,5.107947254136064e-15
3188.0754716981132,-1.0573272819830438e-14
3188.2264150943397,1.8498673189850393e-16
3188.377358490566,4.0664507736138704e-16
3188.5283018867926,-1.2642972970630263e-14
3188.6792452830186,9.259491858964779e-15
3188.830188679245,-1.3098137269419728e-14
3188.9811320754716,1.4659993387771113e-15
3189.132075471698,-1.917694849806871e-15
3189.2830188679245,-6.753392672105577e-15
3189.433962264151,-9.878362628131345e-17
3189.5849056603774,-3.4422407199715884e-15
3189.735849056604,-4.165642273222237e-15
3189.8867924528304,-2.3820117458672318e-15
3190.0377358490564,-1.8302136512656677e-15
3190.188679245283,-4.8614996542714434e-15
3190.3396226415093,-3.1277726926460563e-15
3190.490566037736,9.471839993276935e-16
3190.6415094339623,-9.580962578682447e-15
3190.7924528301887,2.748218711866315e-15
3190.943396226415,-4.696574861190738e-15
3191.0943396226417,-5.761249478142149e-15
3191.245283018868,2.318020154502185e-15
3191.396226415094,-8.374061469183587e-15
3191.5471698113206,1.40469944590618e-15
3191.698113207547,-6.3202145360739365e-15
3191.8490566037735,-5.284764238268636e-16
3192.0,-4.3807005396148855e-15
3192.1509433962265,-1.915925440938912e-15
3192.301886792453,-5.423444525716136e-15
3192.4528301886794,2.620700632974015e-15
3192.603773584906,-1.114025033197225e-14
3192.754716981132,4.89669916665747e-15
3192.9056603773583,-7.042409218301396e-15
3193.056603773585,-3.751154804928291e-15
3193.2075471698113,1.001382333004293e-15
3193.3584905660377,-6.861908893854162e-15
3193.509433962264,-1.1125069980921726e-15
3193.6603773584907,-2.6768834087147156e-15
3193.811320754717,-3.736919263845908e-15
3193.9622641509436,-2.8731118302092516e-15
3194.1132075471696,-2.156925169987027e-15
3194.264150943396,-3.3831555776135364e-15
3194.4150943396226,-3.7750341597394765e-15
3194.566037735849,-8.765307251205012e-16
3194.7169811320755,-4.676920193601385e-15
3194.867924528302,-2.691769193085082e-15
3195.0188679245284,-2.0707623827018842e-15
3195.169811320755,-2.2909439597892256e-15
3195.3207547169814,-7.202082248772827e-15
3195.4716981132074,4.7255665302373854e-15
3195.622641509434,-1.0459633738472079e-14
3195.7735849056603,8.230913127904016e-16
3195.9245283018868,-1.3092468271182999e-15
3196.0754716981132,-7.857084874050591e-15
3196.2264150943397,2.0666862242343024e-15
3196.377358490566,-5.2259535785855004e-15
3196.5283018867926,-3.2843304347106365e-15
3196.6792452830186,-1.4653799328440644e-15
3196.830188679245,-3.0412881664626034e-15
3196.9811320754716,-4.664310597878326e-15
3197.132075471698,-6.073217084376332e-16
3197.2830188679245,-2.6360470936173217e-15
3197.433962264151,-7.241211149368794e-15
3197.5849056603774,4.361726166683693e-15
3197.735849056604,-9.063334156763856e-15
3197.8867924528304,-9.046810440579578e-16
3198.0377358490564,-9.423764341683929e-17
3198.188679245283,-7.83780234711461e-15
3198.3396226415093,1.5932659703081148e-15
3198.490566037736,-5.4597641253869815e-15
3198.6415094339623,-1.3304905857617118e-15
3198.7924528301887,-4.182997855866705e-15
3198.943396226415,-1.4317218162160032e-15
3199.0943396226417,-3.581828899743896e-15
3199.245283018868,-2.865289499298609e-15
3199.396226415094,-2.7662808343821656e-15
3199.5471698113206,-1.7264769848488591e-15
3199.698113207547,-4.623250427409239e-15
3199.8490566037735,-2.375293150315546e-15
3200.0,2.865512467726601e-16
3200.1509433962265,-8.908014685032809e-15
3200.301886792453,3.1118783569555415e-15
3200.4528301886794,-4.7693372369997695e-15
3200.603773584906,-5.8648652100095605e-15
3200.754716981132,3.382351975406339e-15
3200.9056603773583,-8.693265717269119e-15
3201.056603773585,9.497551201110631e-16
3201.2075471698113,-4.649828951242298e-15
3201.3584905660377,-9.977486304595116e-16
3201.509433962264,-5.4670136090610234e-15
3201.6603773584907,3.700517633413226e-16
3201.811320754717,-4.916136401298115e-15
3201.9622641509436,-1.8549032650875865e-15
3202.1132075471696,-3.907500457094418e-15
3202.264150943396,9.30135432456292e-16
3202.4150943396226,-9.583233120093774e-15
3202.566037735849,5.320411935535134e-15
3202.7169811320755,-8.195610678213089e-15
3202.867924528302,-3.1307160462096358e-15
3203.0188679245284,4.199503789273776e-15
3203.169811320755,-1.3410867284674046e-14
3203.3207547169814,6.856982598490516e-15
3203.4716981132074,-6.464421993233879e-15
3203.622641509434,-6.737320790824037e-15
3203.7735849056603,7.131247643490545e-15
3203.9245283018868,-1.3504287052610546e-14
3204.0754716981132,4.714023162066479e-15
3204.2264150943397,-5.7154556009629515e-15
3204.377358490566,-1.640122515556616e-15
3204.5283018867926,-4.6452712311198366e-15
3204.6792452830186,5.335183171880527e-16
3204.830188679245,-4.335442676448168e-15
3204.9811320754716,-6.120753831614138e-15
3205.132075471698,6.918774707573539e-15
3205.2830188679245,-1.5491528806138027e-14
3205.433962264151,8.294095613324223e-15
3205.5849056603774,-7.80188958166303e-15
3205.735849056604,-3.7307817604889154e-15
3205.8867924528304,1.8418042025777617e-15
3206.0377358490564,-6.7747607996663145e-15
3206.188679245283,-1.259646983920838e-15
3206.3396226415093,-1.4177896491574206e-15
3206.490566037736,-4.132150244932732e-15
3206.6415094339623,-3.6318513659515325e-15
3206.7924528301887,1.8691507357390328e-15
3206.943396226415,-8.803896641752502e-15
3207.0943396226417,1.968690528185825e-15
3207.245283018868,-3.4837164126000047e-15
3207.396226415094,-5.1585059779781615e-15
3207.5471698113206,1.9035891563021605e-15
3207.698113207547,-8.436335306877548e-15
3207.8490566037735,4.8620082534008904e-15
3208.0,-1.1353684056699612e-14
3208.1509433962265,5.471036672825349e-15
3208.301886792453,-7.365573820956337e-15
3208.4528301886794,-2.2649152588246716e-15
3208.603773584906,4.044453927467193e-16
3208.754716981132,-6.333157485267515e-15
3208.9056603773583,-2.561504887849493e-16
3209.056603773585,-2.6426508434511054e-15
3209.2075471698113,-4.108219977987206e-15
3209.3584905660377,-8.435734978902999e-16
3209.509433962264,-3.057365759314634e-15
3209.6603773584907,-3.637316679741531e-15
3209.811320754717,-1.2418924565020534e-15
3209.9622641509436,-1.6014363284824962e-15
3210.1132075471696,-7.295998914875727e-15
3210.264150943396,4.847893891744084e-15
3210.4150943396226,-9.04810631320344e-15
3210.566037735849,-1.4853559467424982e-16
3210.7169811320755,-1.825382791300594e-16
3210.867924528302,-7.408866466271031e-15
3211.0188679245284,1.990286844487248e-15
3211.169811320755,-5.1440182430818e-15
3211.3207547169814,-1.3313465061285845e-15
3211.4716981132074,-3.487897777483691e-15
3211.622641509434,-1.0323810762322477e-15
3211.7735849056603,-4.139934794262721e-15
3211.9245283018868,-1.3853138499737092e-15
3212.0754716981132,-2.867531841085636e-15
3212.2264150943397,-2.2669460460369374e-15
3212.377358490566,-3.349320925597822e-15
3212.5283018867926,-7.901820398033362e-16
3212.6792452830186,-4.188529082255261e-15
3212.830188679245,-1.87529839711972e-15
3212.9811320754716,-1.7293684132321229e-15
3213.132075471698,-3.0387283658047082e-15
3213.2830188679245,-4.282686544811385e-15
3213.433962264151,2.5009032909836313e-15
3213.5849056603774,-8.608901268197083e-15
3213.735849056604,1.9604603437696135e-15
3213.8867924528304,-3.940501045410887e-15
3214.0377358490564,-2.3818709382240943e-15
3214.188679245283,-3.049304438330606e-15
3214.3396226415093,-1.4116367663562298e-15
3214.490566037736,-1.1270433016890516e-15
3214.6415094339623,-8.869799981225117e-15
3214.7924528301887,9.163924691604973e-15
3214.943396226415,-1.585335299566024e-14
3215.0943396226417,9.026197973413524e-15
3215.245283018868,-1.0285759568945013e-14
3215.396226415094,2.8881639088272144e-15
3215.5471698113206,-6.550455627769168e-15
3215.698113207547,1.1573347879917754e-15
3215.8490566037735,-5.329277412921005e-15
3216.0,1.8619560698961875e-16
3216.1509433962265,-4.8461953039445765e-15
3216.301886792453,-4.629600864771346e-16
3216.4528301886794,-2.5836965418507675e-15
3216.603773584906,-4.7746563237869426e-15
3216.754716981132,2.446692238987902e-15
3216.9056603773583,-8.13359292071482e-15
3217.056603773585,2.4174056616084988e-15
3217.2075471698113,-4.6537511940988315e-15
3217.3584905660377,-2.58349984736526e-15
3217.509433962264,-1.1559901017668491e-15
3217.6603773584907,-2.1139579082356137e-15
3217.811320754717,-5.131751372447076e-15
3217.9622641509436,1.325398577149344e-15
3218.1132075471696,-2.9635092346326626e-15
3218.264150943396,-7.318192917054396e-15
3218.4150943396226,6.423482000922011e-15
3218.566037735849,-8.951421684849507e-15
3218.7169811320755,-2.7644040641986185e-15
3218.867924528302,4.4106446263053875e-15
3219.0188679245284,-8.714412474340397e-15
3219.169811320755,-2.459753721039923e-15
3219.3207547169814,3.865993762812507e-15
3219.4716981132074,-6.7198044231728254e-15
3219.622641509434,-7.264743154850509e-15
3219.7735849056603,1.180231397669052e-14
3219.9245283018868,-1.6563047800353685e-14
3220.0754716981132,2.718995522480709e-15
3220.2264150943397,3.2647419499067984e-15
3220.377358490566,-1.0223124331032435e-14
3220.5283018867926,-1.5536028117463658e-15
3220.6792452830186,6.971140697605285e-15
3220.830188679245,-1.5612919170270304e-14
3220.9811320754716,7.165456308121241e-15
3221.132075471698,-4.300765779053833e-15
3221.2830188679245,-4.729959167244388e-15
3221.433962264151,6.704432921175271e-18
3221.5849056603774,-2.109861167401596e-15
3221.735849056604,-3.4171138256356047e-15
3221.8867924528304,-1.4140187331961306e-15
3222.0377358490564,-3.6411174083808014e-15
3222.188679245283,2.231485594106488e-15
3222.3396226415093,-9.961140449743482e-15
3222.490566037736,5.543665198926863e-15
3222.6415094339623,-5.568485600632954e-15
3222.7924528301887,-4.2773043494711874e-15
3222.943396226415,1.8098195895297813e-15
3223.0943396226417,-3.152666592384752e-15
3223.245283018868,-5.933477208226985e-15
3223.396226415094,3.3179826192045658e-15
3223.5471698113206,-4.647266624767702e-15
3223.698113207547,-5.0256158004566406e-15
3223.8490566037735,4.334369435777443e-15
3224.0,-8.505484787954686e-15
3224.1509433962265,1.4674379961438797e-15
3224.301886792453,-3.337614195940593e-15
3224.4528301886794,-1.1961569418527975e-15
3224.603773584906,-4.397797527419267e-15
3224.754716981132,6.5613271644451385e-16
3224.9056603773583,-3.1575239234086575e-15
3225.056603773585,-4.0663294721695616e-15
3225.2075471698113,1.4343188378001442e-15
3225.3584905660377,-4.835113142956558e-15
3225.509433962264,-1.2124017952035202e-15
3225.6603773584907,-2.0109309525898725e-15
3225.811320754717,-2.8113607752958834e-15
3225.9622641509436,8.378215022934918e-16
3226.1132075471696,-9.400333035297715e-15
3226.264150943396,9.623929490057589e-15
3226.4150943396226,-1.5713379341345886e-14
3226.566037735849,1.0445604199505697e-14
3226.7169811320755,-1.1790665464263952e-14
3226.867924528302,4.619671501193159e-15
3227.0188679245284,-6.5114351963558334e-15
3227.169811320755,1.5498589016075491e-15
3227.3207547169814,-6.255577178131642e-15
3227.4716981132074,3.010708332791471e-15
3227.622641509434,-6.5606973385045406e-15
3227.7735849056603,-1.257436865490894e-16
3227.9245283018868,-7.075690603389085e-16
3228.0754716981132,-5.036068767646751e-15
3228.2264150943397,-1.220152415031201e-16
3228.377358490566,-6.168058774942649e-16
3228.5283018867926,-7.310677682292588e-15
3228.6792452830186,5.594849346116027e-15
3228.830188679245,-8.42961350180473e-15
3228.9811320754716,-8.714086093901027e-16
3229.132075471698,3.945171551222318e-15
3229.2830188679245,-1.2119911585172976e-14
3229.433962264151,5.753129983356164e-15
3229.5849056603774,-2.355225150512631e-15
3229.735849056604,-7.285559729214373e-15
3229.8867924528304,9.931931455897058e-16
3230.0377358490564,4.6769442936107124e-15
3230.188679245283,-1.742830708967536e-14
3230.3396226415093,1.3132447594909573e-14
3230.490566037736,-7.232434099524683e-15
3230.6415094339623,-7.420607860865757e-15
3230.7924528301887,5.6435242150045934e-15
3230.943396226415,-1.5627129515661303e-15
3231.0943396226417,-1.2845638115770052e-14
3231.245283018868,1.2797207447380834e-14
3231.396226415094,-1.1397887628034109e-14
3231.5471698113206,-9.749655851812538e-16
3231.698113207547,9.912514231821243e-16
3231.8490566037735,-1.5941860139271083e-15
3232.0,-8.162543513688592e-15
3232.1509433962265,6.610668781457849e-15
3232.301886792453,-6.803638432422059e-15
3232.4528301886794,-3.378243197170397e-15
3232.603773584906,3.790585182585992e-15
3232.754716981132,-7.349591451296661e-15
3232.9056603773583,4.85768301570701e-16
3233.056603773585,-1.5411373569495805e-15
3233.2075471698113,-2.6796014255535647e-15
3233.3584905660377,-2.3121651990688486e-15
3233.509433962264,-3.1443835867893604e-16
3233.6603773584907,-3.210922004866533e-15
3233.811320754717,-1.7292189687013956e-15
3233.9622641509436,-9.6652499925664e-16
3234.1132075471696,-2.723254744062474e-15
3234.264150943396,-1.7744539751823282e-15
3234.4150943396226,-1.2722625921851652e-15
3234.566037735849,-2.1899858883512853e-15
3234.7169811320755,-2.3422223120351846e-15
3234.867924528302,-6.407028322698543e-16
3235.0188679245284,-2.8577379198307544e-15
3235.169811320755,-1.5371682550280633e-15
3235.3207547169814,-1.6160877664305442e-15
3235.4716981132074,-1.5118816249885682e-15
3235.622641509434,-3.26907858554169e-15
3235.7735849056603,3.778273045397134e-16
3235.9245283018868,-3.317643236697033e-15
3236.0754716981132,-1.7502093149017316e-15
3236.2264150943397,-1.3943716248561417e-15
3236.377358490566,-1.3781579154754505e-16
3236.5283018867926,-6.921155253988465e-15
3236.6792452830186,5.540240280857313e-15
3236.830188679245,-8.085574644666833e-15
3236.9811320754716,1.4995975214242903e-15
3237.132075471698,-2.61113313867027e-15
3237.2830188679245,-1.104171017641197e-15
3237.433962264151,-3.2985729067449163e-15
3237.5849056603774,-7.13336195496051e-16
3237.735849056604,7.064379780423123e-16
3237.8867924528304,-9.512575664347842e-15
3238.0377358490564,1.0211100710508505e-14
3238.188679245283,-1.3696218442583682e-14
3238.3396226415093,5.230203117119678e-15
3238.490566037736,-4.140421553885833e-16
3238.6415094339623,-1.0508676051886038e-14
3238.7924528301887,9.856395823835838e-15
3238.943396226415,-9.871231826988985e-15
3239.0943396226417,-4.836663618384994e-16
3239.245283018868,2.5654697107108665e-15
3239.396226415094,-6.18660191195428e-15
3239.5471698113206,-1.423534697971027e-15
3239.698113207547,2.396096207276133e-15
3239.8490566037735,-6.066503159013298e-15
3240.0,-1.21376678573065e-15
3240.1509433962265,2.859618260366644e-15
3240.301886792453,-8.73502035816368e-15
3240.4528301886794,4.823192653224534e-15
3240.603773584906,-6.187435324566755e-15
3240.754716981132,1.7241562515220459e-15
3240.9056603773583,-4.93958704701801e-15
3241.056603773585,1.60192283048299e-15
3241.2075471698113,-4.042175644032649e-15
3241.3584905660377,1.3206914732799369e-16
3241.509433962264,-4.36138306432533e-15
3241.6603773584907,3.7298225796745206e-15
3241.811320754717,-9.07678766351181e-15
3241.9622641509436,5.3954095915952005e-15
3242.1132075471696,-5.510387029555774e-15
3242.264150943396,-1.5029518705619044e-15
3242.4150943396226,1.288407158660724e-15
3242.566037735849,-6.430873573602625e-15
3242.7169811320755,4.6178319139081715e-15
3242.867924528302,-8.131022587098858e-15
3243.0188679245284,3.613261410479367e-15
3243.169811320755,-3.780302155128613e-15
3243.3207547169814,-2.6013387002758954e-15
3243.4716981132074,1.7778628484943264e-15
3243.622641509434,-5.970354221418081e-15
3243.7735849056603,3.097266219376031e-15
3243.9245283018868,-5.312823762564478e-15
3244.0754716981132,-2.674912183227467e-16
3244.2264150943397,7.956407805459574e-16
3244.377358490566,-6.373381457191408e-15
3244.5283018867926,2.6364008390546988e-15
3244.6792452830186,-1.7770773446918593e-15
3244.830188679245,-5.9361638656473044e-15
3244.9811320754716,5.604740287270816e-15
3245.132075471698,-8.318666209522767e-15
3245.2830188679245,3.315067320634907e-15
3245.433962264151,-4.622032750269834e-15
3245.5849056603774,1.3815154831051272e-15
3245.735849056604,-5.049532938481198e-15
3245.8867924528304,2.5387821401722898e-15
3246.0377358490564,-4.92626820475376e-15
3246.188679245283,8.098487485077321e-16
3246.3396226415093,-3.099075397935847e-15
3246.490566037736,8.980551413854186e-16
3246.6415094339623,-5.3393796403049126e-15
3246.7924528301887,3.0009449885732217e-15
3246.943396226415,-4.105805254557233e-15
3247.0943396226417,-2.121058306232342e-15
3247.245283018868,1.5266490402848441e-15
3247.396226415094,-3.4905223898654556e-15
3247.5471698113206,-2.9959083808023497e-15
3247.698113207547,4.238014652345999e-15
3247.8490566037735,-9.867244457614408e-15
3248.0,8.54210950063181e-15
3248.1509433962265,-1.2194487189200186e-14
3248.301886792453,9.670601792226178e-15
3248.4528301886794,-1.1940134203317665e-14
3248.603773584906,7.916508829142234e-15
3248.754716981132,-9.003143353597995e-15
3248.9056603773583,4.331852616519579e-15
3249.056603773585,-5.520510091968628e-15
3249.2075471698113,2.4747217262480562e-15
3249.3584905660377,-6.3077624825833555e-15
3249.509433962264,4.5611591515028616e-15
3249.6603773584907,-6.051262999476532e-15
3249.811320754717,-2.911952624055021e-16
3249.9622641509436,1.087250935343086e-15
3250.1132075471696,-4.044905807021927e-15
3250.264150943396,-1.945270257950106e-15
3250.4150943396226,3.2889184388949022e-15
3250.566037735849,-7.247014001845542e-15
3250.7169811320755,2.31313415775671e-15
3250.867924528302,-9.655134913320989e-16
3251.0188679245284,-4.835265537847726e-15
3251.169811320755,3.272918356084986e-15
3251.3207547169814,-4.661448101599248e-15
3251.4716981132074,-1.0484982430889536e-15
3251.622641509434,2.486375046835089e-15
3251.7735849056603,-8.206490997975677e-15
3251.9245283018868,5.975314987694463e-15
3252.0754716981132,-5.3920227079353095e-15
3252.2264150943397,-2.412763154331614e-15
3252.377358490566,4.299735712607985e-15
3252.5283018867926,-7.435057912812546e-15
3252.6792452830186,7.895447579312159e-16
3252.830188679245,3.087216288013403e-15
3252.9811320754716,-9.55333863224643e-15
3253.132075471698,5.263919557673138e-15
3253.2830188679245,-1.3832386917473948e-15
3253.433962264151,-6.681078242176923e-15
3253.5849056603774,4.144881060320886e-15
3253.735849056604,-1.1652366102894378e-15
3253.8867924528304,-6.411914696193411e-15
3254.0377358490564,3.1542065102130953e-15
3254.188679245283,1.2829213979418811e-15
3254.3396226415093,-1.0998370313181467e-14
3254.490566037736,1.0568905389132885e-14
3254.6415094339623,-8.840044761218506e-15
3254.7924528301887,2.509934024172883e-16
3254.943396226415,1.5327437761388888e-15
3255.0943396226417,-5.262936766269034e-15
3255.245283018868,3.3726778328934955e-15
3255.396226415094,-6.674575809305995e-15
3255.5471698113206,4.964304818761325e-15
3255.698113207547,-5.54032673284501e-15
3255.8490566037735,-1.6845609961050104e-15
3256.0,5.59889992465703e-15
3256.1509433962265,-1.1899876535528363e-14
3256.301886792453,8.702821097115691e-15
3256.4528301886794,-5.186775729494526e-15
3256.603773584906,-4.814731086898579e-15
3256.754716981132,8.17637790817108e-15
3256.9056603773583,-1.1448687725580507e-14
3257.056603773585,6.512677095339858e-15
3257.2075471698113,-5.412392956897172e-15
3257.3584905660377,1.5230897350935791e-15
3257.509433962264,-3.3556709297819235e-15
3257.6603773584907,3.6591697316579317e-16
3257.811320754717,-7.262209661722357e-16
3257.9622641509436,-3.355299975549821e-15
3258.1132075471696,2.4784663157468226e-15
3258.264150943396,-6.017940008539979e-15
3258.4150943396226,6.1474272230268036e-15
3258.566037735849,-1.0371786969885864e-14
3258.7169811320755,7.385796355607433e-15
3258.867924528302,-4.146000178252042e-15
3259.0188679245284,-5.7648382487401705e-15
3259.169811320755,9.267043372536346e-15
3259.3207547169814,-1.129680701540434e-14
3259.4716981132074,4.0937384857070375e-15
3259.622641509434,1.2269645688426517e-16
3259.7735849056603,-5.7785119905627416e-15
3259.9245283018868,3.558061708967352e-15
3260.0754716981132,-3.349800149183794e-15
3260.2264150943397,-6.101445903506203e-16
3260.377358490566,-9.713566079997411e-16
3260.5283018867926,-4.139935266637949e-16
3260.6792452830186,-2.197814769138904e-15
3260.830188679245,1.548864052490784e-16
3260.9811320754716,-1.5576071096085578e-15
3261.132075471698,-9.858872719076767e-16
3261.2830188679245,-7.868854299044176e-16
3261.433962264151,-9.94892523847275e-16
3261.5849056603774,-1.2039592120875954e-15
3261.735849056604,-6.323729386130941e-16
3261.8867924528304,-1.1609816918433197e-15
3262.0377358490564,-1.0225885065840347e-15
3262.188679245283,-6.084764364167408e-16
3262.3396226415093,-1.4315887092251896e-15
3262.490566037736,-5.137830923012108e-16
3262.6415094339623,-1.1156366581185109e-15
3262.7924528301887,-9.863481035258695e-16
3262.943396226415,-9.364358107710183e-16
3263.0943396226417,-3.74580341952147e-16
3263.245283018868,-2.1983745112877206e-15
3263.396226415094,6.49907405531216e-16
3263.5471698113206,-1.764759091970173e-15
3263.698113207547,-1.302413958970736e-15
3263.8490566037735,-1.5368640720939345e-16
3264.0,1.9432366218067744e-16
3264.1509433962265,-5.3353492349034414e-15
3264.301886792453,5.9985567366630466e-15
3264.4528301886794,-7.047854458666164e-15
3264.603773584906,1.6046837226377495e-15
3264.754716981132,1.0008213199487522e-15
3264.9056603773583,-5.3509093621879445e-15
3265.056603773585,3.9449206454878924e-15
3265.2075471698113,-4.664522392925313e-15
3265.3584905660377,1.7594504535409863e-15
3265.509433962264,-2.284219078381018e-15
3265.6603773584907,-4.898758690183662e-16
3265.811320754717,-9.217895799434274e-16
3265.9622641509436,8.387085459090131e-16
3266.1132075471696,-5.551520563834307e-15
3266.264150943396,6.282097362040769e-15
3266.4150943396226,-7.303215613977941e-15
3266.566037735849,1.9043130556742073e-15
3266.7169811320755,1.2036065009285245e-15
3266.867924528302,-5.754954750242261e-15
3267.0188679245284,4.27618062339816e-15
3267.169811320755,-4.160548789448608e-15
3267.3207547169814,8.955577280527916e-16
3267.4716981132074,-1.8615168254301186e-15
3267.622641509434,6.529359661228161e-16
3267.7735849056603,-2.6884003614165264e-15
3267.9245283018868,1.2062414894892378e-15
3268.0754716981132,-2.3599155952860405e-15
3268.2264150943397,4.3923408805694023e-16
3268.377358490566,-1.8291744562072196e-15
3268.5283018867926,5.150750899692458e-16
3268.6792452830186,-2.2556649375355476e-15
3268.830188679245,8.835085941065627e-16
3268.9811320754716,-2.258888672646489e-15
3269.132075471698,6.32143802951304e-16
3269.2830188679245,-1.9966902365908426e-15
3269.433962264151,6.442128721066563e-16
3269.5849056603774,-2.286259382229502e-15
3269.735849056604,1.0738239142159877e-15
3269.8867924528304,-2.5445426503946147e-15
3270.0377358490564,1.021973046701732e-15
3270.188679245283,-2.2350783468591064e-15
3270.3396226415093,8.706340648931062e-16
3270.490566037736,-2.6176350922508274e-15
3270.6415094339623,1.8400534958207886e-15
3270.7924528301887,-3.4995138519067735e-15
3270.943396226415,1.7789710568800555e-15
3271.0943396226417,-2.3382351823687856e-15
3271.245283018868,9.608010412480505e-16
3271.396226415094,-3.830734244138503e-15
3271.5471698113206,5.142102248549804e-15
3271.698113207547,-8.386169989723321e-15
3271.8490566037735,7.186235374182857e-15
3272.0,-6.9190838569036575e-15
3272.1509433962265,3.3935821186818626e-15
3272.301886792453,-2.3748428596300018e-15
3272.4528301886794,-3.732824378361038e-16
3272.603773584906,-1.0830671877021152e-15
3272.754716981132,1.6397630678874641e-15
3272.9056603773583,-3.907190289456832e-15
3273.056603773585,2.7114426222246535e-16
3273.2075471698113,4.4187859021847425e-15
3273.3584905660377,-1.1315132772587074e-14
3273.509433962264,1.1453783191794717e-14
3273.6603773584907,-8.626245951886382e-15
3273.811320754717,1.2003296745931761e-15
3273.9622641509436,2.112652647134435e-15
3274.1132075471696,-4.1271977942578555e-15
3274.264150943396,1.5089176439282742e-15
3274.4150943396226,-1.0903796560975501e-15
3274.566037735849,-4.3598999656215227e-16
3274.7169811320755,-9.119900265417297e-16
3274.867924528302,-9.744087070182394e-17
3275.0188679245284,-1.0472237512645231e-15
3275.169811320755,8.47995345496903e-16
3275.3207547169814,-3.7555049914556474e-15
3275.4716981132074,4.4688380206729826e-15
3275.622641509434,-5.830569367409456e-15
3275.7735849056603,3.0082022377954827e-15
3275.9245283018868,-3.2411160612149324e-16
3276.0754716981132,-5.7545566518689e-15
3276.2264150943397,1.0052159203500174e-14
3276.377358490566,-1.430170294406681e-14
3276.5283018867926,1.1532530796953416e-14
3276.6792452830186,-4.493275448051923e-15
3276.830188679245,-7.709110494267793e-15
3276.9811320754716,1.483404538093003e-14
3277.132075471698,-1.5625819784165634e-14
3277.2830188679245,6.807323610428275e-15
3277.433962264151,2.0550032972789307e-15
3277.5849056603774,-8.140578519163792e-15
3277.735849056604,4.8439253634661805e-15
3277.8867924528304,2.454628067205468e-15
3278.0377358490564,-1.2708561695187733e-14
3278.188679245283,1.7505697596262182e-14
3278.3396226415093,-1.781908308928697e-14
3278.490566037736,1.1062862539701231e-14
3278.6415094339623,-4.097261069088124e-15
3278.7924528301887,-3.0759258888102015e-15
3278.943396226415,5.430259606000975e-15
3279.0943396226417,-6.191456335120613e-15
3279.245283018868,2.473202115523403e-15
3279.396226415094,1.6239815034936312e-15
3279.5471698113206,-7.418187040751964e-15
3279.698113207547,8.72271058698832e-15
3279.8490566037735,-6.1763636919933144e-15
3280.0,-2.737391262633375e-15
3280.1509433962265,1.0016393705058063e-14
3280.301886792453,-1.2184699232054938e-14
3280.4528301886794,3.759396492259111e-15
3280.603773584906,7.572778000643216e-15
3280.754716981132,-1.6092298156861943e-14
3280.9056603773583,1.3570602403777812e-14
3281.056603773585,-5.058093363867861e-15
3281.2075471698113,-5.083142629590053e-15
3281.3584905660377,8.28982348178981e-15
3281.509433962264,-6.908198205360224e-15
3281.6603773584907,2.0377532915545595e-15
3281.811320754717,-1.4378515881800814e-16
3281.9622641509436,-4.840479199798093e-16
3282.1132075471696,-1.1448575560281008e-15
3282.264150943396,7.464668237816044e-16
3282.4150943396226,-5.978272748337423e-16
3282.566037735849,-9.05584679199596e-16
3282.7169811320755,8.534461799138932e-16
3282.867924528302,-2.0681877492550895e-15
3283.0188679245284,2.7779712993313254e-15
3283.169811320755,-5.2858346007782934e-15
3283.3207547169814,6.544850784991948e-15
3283.4716981132074,-7.63028496112137e-15
3283.622641509434,5.395876651462681e-15
3283.7735849056603,-2.088825675236929e-15
3283.9245283018868,-2.9628632531523178e-15
3284.0754716981132,5.574605643371154e-15
3284.2264150943397,-6.583507648918289e-15
3284.377358490566,4.5460287058021844e-15
3284.5283018867926,-3.2100999113814314e-15
3284.6792452830186,2.0094145048910844e-15
3284.830188679245,-2.7613047350585107e-15
3284.9811320754716,2.426700763293006e-15
3285.132075471698,-1.95965201522949e-15
3285.2830188679245,-7.26732228919211e-18
3285.433962264151,3.493168481475561e-16
3285.5849056603774,8.88969039041341e-17
3285.735849056604,-2.196996028547604e-15
3285.8867924528304,2.2788587936900372e-15
3286.0377358490564,-5.968658777358897e-16
3286.188679245283,-3.126914272865486e-15
3286.3396226415093,3.817612530431267e-15
3286.490566037736,-6.057868922625939e-16
3286.6415094339623,-5.621268731877486e-15
3286.7924528301887,7.347178044437822e-15
3286.943396226415,-1.883428541205619e-15
3287.0943396226417,-9.295650122677543e-15
3287.245283018868,1.6918699561319152e-14
3287.396226415094,-1.6136772022713453e-14
3287.5471698113206,6.697857305155411e-15
3287.698113207547,3.4471672022001185e-15
3287.8490566037735,-8.75436248399682e-15
3288.0,6.18110867140538e-15
3288.1509433962265,-9.939871726334574e-17
3288.301886792453,-5.282841142363862e-15
3288.4528301886794,5.916162857291283e-15
3288.603773584906,-3.9437565361565946e-15
3288.754716981132,1.8818917990149206e-15
3288.9056603773583,-2.371892062795092e-15
3289.056603773585,2.8881746692591907e-15
3289.2075471698113,-1.7166773566672116e-15
3289.3584905660377,-1.6824101010512771e-15
3289.509433962264,3.1790014498894635e-15
3289.6603773584907,-7.269875397396562e-16
3289.811320754717,-4.6362394819500845e-15
3289.9622641509436,6.6379082357793056e-15
3290.1132075471696,-1.5390703886244839e-15
3290.264150943396,-9.2942449452848e-15
3290.4150943396226,1.7747228332782974e-14
3290.566037735849,-1.750363415372356e-14
3290.7169811320755,8.310238575219608e-15
3290.867924528302,2.3436885767677977e-15
3291.0188679245284,-7.165320580205813e-15
3291.169811320755,3.734533780019048e-15
3291.3207547169814,3.4739836594389414e-15
3291.4716981132074,-8.822069196554683e-15
3291.622641509434,9.215174645589512e-15
3291.7735849056603,-6.2059253446503345e-15
3291.9245283018868,2.896726653873534e-15
3292.0754716981132,-1.6929008607900225e-15
3292.2264150943397,2.6456970283137658e-15
3292.377358490566,-4.479625372996914e-15
3292.5283018867926,5.623025618647977e-15
3292.6792452830186,-5.097931421518223e-15
3292.830188679245,3.0298222078471252e-15
3292.9811320754716,-6.552331267129376e-16
3293.132075471698,3.297919634868056e-16
3293.2830188679245,-3.2724172755001876e-15
3293.433962264151,8.235390062274228e-15
3293.5849056603774,-1.0885146847726069e-14
3293.735849056604,8.17570151094092e-15
3293.8867924528304,-7.943747317895565e-16
3294.0377358490564,-5.92716682141781e-15
3294.188679245283,7.746952693706739e-15
3294.3396226415093,-3.8590507213055925e-15
3294.490566037736,-1.8060893221386156e-15
3294.6415094339623,6.164537232754282e-15
3294.7924528301887,-7.670422491544568e-15
3294.943396226415,8.026519169587017e-15
3295.0943396226417,-7.9845626667185e-15
3295.245283018868,8.543904945342544e-15
3295.396226415094,-8.425526297563057e-15
3295.5471698113206,7.518884185106617e-15
3295.698113207547,-4.690531859139876e-15
3295.8490566037735,1.1065474181944677e-15
3296.0,3.045248797446492e-15
3296.1509433962265,-5.481188593362138e-15
3296.301886792453,5.641619175732287e-15
3296.4528301886794,-2.0625480864599034e-15
3296.603773584906,-2.7952979330952558e-15
3296.754716981132,6.7049083597404535e-15
3296.9056603773583,-5.816478361293699e-15
3297.056603773585,1.3667220060566986e-15
3297.2075471698113,4.29635940991739e-15
3297.3584905660377,-5.946387127917082e-15
3297.509433962264,3.511564555411312e-15
3297.6603773584907,1.7091698880404677e-15
3297.811320754717,-4.2382998245304135e-15
3297.9622641509436,2.544822388339623e-15
3298.1132075471696,4.238009773987018e-15
3298.264150943396,-1.1206032330894982e-14
3298.4150943396226,1.530206842667061e-14
3298.566037735849,-1.259621572488782e-14
3298.7169811320755,5.9582115580079455e-15
3298.867924528302,1.4908396291934418e-15
3299.0188679245284,-3.565225369036474e-15
3299.169811320755,6.598461230191266e-16
3299.3207547169814,5.741535760991756e-15
3299.4716981132074,-8.864721224034377e-15
3299.622641509434,6.7696593122781386e-15
3299.7735849056603,1.818338060653609e-15
3299.9245283018868,-1.037415913909232e-14
3300.0754716981132,1.433686568473428e-14
3300.2264150943397,-8.623134608715844e-15
3300.377358490566,-1.8139209041844633e-15
3300.5283018867926,1.1183070074716988e-14
3300.6792452830186,-1.1291335952879023e-14
3300.830188679245,4.6570107575200605e-15
3300.9811320754716,3.769767037686377e-15
3301.132075471698,-4.845985851851155e-15
3301.2830188679245,-1.4674841523848876e-17
3301.433962264151,6.569234627033834e-15
3301.5849056603774,-5.5352847016320146e-15
3301.735849056604,-1.7708346340193029e-15
3301.8867924528304,1.1322515375576847e-14
3302.0377358490564,-1.3481617870783765e-14
3302.188679245283,8.823213937321383e-15
3302.3396226415093,-1.4961633568274284e-16
3302.490566037736,-3.394394428743635e-15
3302.6415094339623,1.841578638900643e-15
3302.7924528301887,3.922374349412423e-15
3302.943396226415,-6.275012258231716e-15
3303.0943396226417,5.102399253117162e-15
3303.245283018868,1.1444780611789376e-15
3303.396226415094,-6.93695314951349e-15
3303.5471698113206,1.1814905054606903e-14
3303.698113207547,-1.1108950957263464e-14
3303.8490566037735,7.434469323391232e-15
3304.0,-5.719022132179145e-16
3304.1509433962265,-2.6994902733501514e-15
3304.301886792453,2.5911728425423135e-15
3304.4528301886794,2.1997287331783338e-15
3304.603773584906,-4.134114645953509e-15
3304.754716981132,2.6765244701967986e-15
3304.9056603773583,3.740286894216781e-15
3305.056603773585,-7.63188748385668e-15
3305.2075471698113,9.315169863823418e-15
3305.3584905660377,-7.30225773815959e-15
3305.509433962264,7.339594660150495e-15
3305.6603773584907,-5.943908112518903e-15
3305.811320754717,3.2857059011085068e-15
3305.9622641509436,4.5331645739045424e-15
3306.1132075471696,-1.0067579312816229e-14
3306.264150943396,1.0859646106996756e-14
3306.4150943396226,-2.721477201345245e-15
3306.566037735849,-5.466613651227087e-15
3306.7169811320755,9.910343711563305e-15
3306.867924528302,-5.111299797899006e-15
3307.0188679245284,-1.0413848833563857e-15
3307.169811320755,5.605307770653722e-15
3307.3207547169814,-2.7411021239510346e-15
3307.4716981132074,-1.0103063714253012e-15
3307.622641509434,4.433802814245062e-15
3307.7735849056603,-1.7090168493659738e-15
3307.9245283018868,-2.3848472083369816e-15
3308.0754716981132,8.761681930327687e-15
3308.2264150943397,-1.1369390567366551e-14
3308.377358490566,1.2693745257994067e-14
3308.5283018867926,-9.048631244770247e-15
3308.6792452830186,5.518791403443354e-15
3308.830188679245,-2.871871089002985e-16
3308.9811320754716,-1.1258491843504721e-15
3309.132075471698,2.1094069910161466e-15
3309.2830188679245,4.986546700531088e-16
3309.433962264151,-1.3320585062755663e-15
3309.5849056603774,3.1096661741511788e-15
3309.735849056604,-1.4099839091446422e-15
3309.8867924528304,1.1629647796628955e-15
3310.0377358490564,-4.55275031786197e-17
3310.188679245283,3.255077890775621e-15
3310.3396226415093,-5.582514332722168e-15
3310.490566037736,8.666446248072354e-15
3310.6415094339623,-6.7632953289727155e-15
3310.7924528301887,5.144443727320317e-15
3310.943396226415,-1.8413529871207233e-15
3311.0943396226417,2.3960474430865418e-15
3311.245283018868,-1.6722456832831619e-15
3311.396226415094,2.3788832986566664e-15
3311.5471698113206,9.311377845718331e-16
3311.698113207547,-3.399587966424401e-15
3311.8490566037735,7.642458407037048e-15
3312.0,-6.504206109386275e-15
3312.1509433962265,3.1305086296822507e-15
3312.301886792453,4.986753159218193e-15
3312.4528301886794,-7.885519936758074e-15
3312.603773584906,5.760790456016134e-15
3312.754716981132,4.808100873774596e-15
3312.9056603773583,-1.1946438216961052e-14
3313.056603773585,1.3317533538021366e-14
3313.2075471698113,-3.813159753310153e-15
3313.3584905660377,-4.701696955016979e-15
3313.509433962264,9.061281615888696e-15
3313.6603773584907,-2.2967518132371102e-15
3313.811320754717,-5.906923730731809e-15
3313.9622641509436,1.3998946012292448e-14
3314.1132075471696,-1.3918581652984867e-14
3314.264150943396,1.1624908312944807e-14
3314.4150943396226,-4.194690912271059e-15
3314.566037735849,-1.8327815047278744e-15
3314.7169811320755,1.0180781288682669e-14
3314.867924528302,-1.3548006964310488e-14
3315.0188679245284,1.521459679133824e-14
3315.169811320755,-1.0077872615788717e-14
3315.3207547169814,5.7646717499340626e-15
3315.4716981132074,5.2894427657315183e-17
3315.622641509434,-4.049100654719143e-16
3315.7735849056603,8.145216332193915e-16
3315.9245283018868,2.796522141474368e-15
3316.0754716981132,-3.461596775126486e-15
3316.2264150943397,5.3781908499782974e-15
3316.377358490566,-2.646960707103204e-15
3316.5283018867926,1.7900497459699684e-15
3316.6792452830186,4.1834236724476334e-16
3316.830188679245,3.4413567631563715e-15
3316.9811320754716,-6.896321857495405e-15
3317.132075471698,1.1925947232301393e-14
3317.2830188679245,-9.359226521319981e-15
3317.433962264151,5.109299189577824e-15
3317.5849056603774,2.190921346610107e-15
3317.735849056604,-1.9662618412303025e-15
3317.8867924528304,-7.364701614062434e-16
3318.0377358490564,7.675531628477317e-15
3318.188679245283,-7.829065654009782e-15
3318.3396226415093,5.440338908809772e-15
3318.490566037736,2.3603628953923927e-15
3318.6415094339623,-4.7178312199110656e-15
3318.7924528301887,4.9986073902492105e-15
3318.943396226415,1.1584654343544683e-15
3319.0943396226417,-3.175497008986398e-15
3319.245283018868,3.646258541810926e-15
3319.396226415094,2.7310448838282546e-15
3319.5471698113206,-5.010061719961549e-15
3319.698113207547,4.743000421836384e-15
3319.8490566037735,4.534843971049593e-15
3320.0,-1.2119789126926543e-14
3320.1509433962265,1.8979910155427815e-14
3320.301886792453,-1.6805793011079756e-14
3320.4528301886794,1.4088125735542566e-14
3320.603773584906,-8.080477235097483e-15
3320.754716981132,7.215541512787949e-15
3320.9056603773583,-4.638163372469126e-15
3321.056603773585,5.490473669158131e-15
3321.2075471698113,-2.7725634938768163e-15
3321.3584905660377,3.5490611960009023e-15
3321.509433962264,-1.5038771396189183e-15
3321.6603773584907,2.302889423828859e-15
3321.811320754717,1.8106107375886087e-15
3321.9622641509436,-3.673993374828345e-15
3322.1132075471696,7.85293684745199e-15
3322.264150943396,-6.0822708818992386e-15
3322.4150943396226,5.977423252260125e-15
3322.566037735849,-3.1443315942463137e-15
3322.7169811320755,5.820452205629516e-15
3322.867924528302,-6.335876677810894e-15
3323.0188679245284,9.698702822731252e-15
3323.169811320755,-8.027662137567594e-15
3323.3207547169814,8.755108325823982e-15
3323.4716981132074,-5.6816919133804795e-15
3323.622641509434,5.770258328572967e-15
3323.7735849056603,-1.6781514995789358e-15
3323.9245283018868,1.1681571527276538e-15
3324.0754716981132,1.4646187655478676e-15
3324.2264150943397,1.1845917390409923e-15
3324.377358490566,-5.063684231502843e-16
3324.5283018867926,2.4694959870286875e-15
3324.6792452830186,-8.215301371831253e-16
3324.830188679245,4.905497220023417e-15
3324.9811320754716,-7.662033930004495e-15
3325.132075471698,1.3957723760978078e-14
3325.2830188679245,-1.3816808620428695e-14
3325.433962264151,1.424681739561453e-14
3325.5849056603774,-9.325067714410783e-15
3325.735849056604,7.97184414221132e-15
3325.8867924528304,-3.5291364161007393e-15
3326.0377358490564,4.0861348575394836e-15
3326.188679245283,-2.4273085953735417e-15
3326.3396226415093,5.441770353910705e-15
3326.490566037736,-3.744864442359527e-15
3326.6415094339623,3.195045912821402e-15
3326.7924528301887,3.858019283361525e-15
3326.943396226415,-7.345242762114502e-15
3327.0943396226417,1.1700791767001837e-14
3327.245283018868,-7.583822101383469e-15
3327.396226415094,4.209425984278146e-15
3327.5471698113206,2.949585004869401e-15
3327.698113207547,-3.5494838740584412e-15
3327.8490566037735,5.3056540234182824e-15
3328.0,-1.9073301419780827e-15
3328.1509433962265,2.7807452382954492e-15
3328.301886792453,-2.893642153835911e-16
3328.4528301886794,1.982389552763013e-15
3328.603773584906,2.862485343319154e-16
3328.754716981132,1.9727099993486522e-15
3328.9056603773583,-8.058770378572986e-16
3329.056603773585,3.2809518967425257e-15
3329.2075471698113,1.4073745491247207e-16
3329.3584905660377,-1.230781431949835e-15
3329.509433962264,6.052592923275299e-15
3329.6603773584907,-3.875741949392737e-15
3329.811320754717,2.435642523095523e-15
3329.9622641509436,4.527740486491584e-15
3330.1132075471696,-5.836280413135355e-15
3330.264150943396,8.323426236056014e-15
3330.4150943396226,-4.261096578419747e-15
3330.566037735849,3.980112473735078e-15
3330.7169811320755,-7.621815560781549e-16
3330.867924528302,3.548304002179578e-15
3331.0188679245284,-2.9648200076586627e-15
3331.169811320755,5.968996918528537e-15
3331.3207547169814,-2.9419443781080913e-15
3331.4716981132074,2.9786168924764312e-15
3331.622641509434,4.1379138354505646e-16
3331.7735849056603,3.3648578050363933e-15
3331.9245283018868,-5.243177603996292e-15
3332.0754716981132,1.0909254554542734e-14
3332.2264150943397,-8.458556681646374e-15
3332.377358490566,6.21507579042769e-15
3332.5283018867926,1.7700476533006424e-15
3332.6792452830186,-2.9196353803658562e-15
3332.830188679245,4.378717567854783e-15
3332.9811320754716,1.2263450889853635e-15
3333.132075471698,-1.7285164966086451e-15
3333.2830188679245,3.733836515496283e-15
3333.433962264151,1.1196913050416164e-15
3333.5849056603774,-6.507293037997633e-16
3333.735849056604,9.37164938866934e-16
3333.8867924528304,6.637790284208282e-15
3334.0377358490564,-8.944183967714877e-15
3334.188679245283,1.0765863548011598e-14
3334.3396226415093,-2.538506257798897e-15
3334.490566037736,-2.147395025257563e-15
3334.6415094339623,6.733263248196702e-15
3334.7924528301887,7.865357607669855e-17
3334.943396226415,-5.358939356959713e-15
3335.0943396226417,1.1845864757579804e-14
3335.245283018868,-6.505544920129881e-15
3335.396226415094,1.197592384428903e-15
3335.5471698113206,7.023425811191939e-15
3335.698113207547,-4.6316488750737826e-15
3335.8490566037735,3.180168883583484e-15
3336.0,7.218144415016557e-16
3336.1509433962265,6.265981307982e-15
3336.301886792453,-1.2414457420439648e-14
3336.4528301886794,2.091522431926162e-14
3336.603773584906,-1.7351283795036366e-14
3336.754716981132,1.1939150534417836e-14
3336.9056603773583,-2.1575961342325265e-16
3337.056603773585,-2.9224480908648554e-15
3337.2075471698113,5.626795507441072e-15
3337.3584905660377,-5.403606623085507e-16
3337.509433962264,7.796286613201561e-16
3337.6603773584907,1.9338153299794553e-15
3337.811320754717,1.2362110575824587e-15
3337.9622641509436,1.2308602263992791e-15
3338.1132075471696,7.076220438221898e-17
3338.264150943396,3.5712803306447974e-15
3338.4150943396226,-9.060830923801223e-16
3338.566037735849,2.101127730964812e-15
3338.7169811320755,8.723497858060846e-16
3338.867924528302,3.562030338868982e-15
3339.0188679245284,-4.4905034661024884e-15
3339.169811320755,9.15380504040974e-15
3339.3207547169814,-5.727343381562403e-15
3339.4716981132074,5.49482647513281e-15
3339.622641509434,-9.62752202353844e-16
3339.7735849056603,3.4664984733246895e-15
3339.9245283018868,-1.4648063700426197e-15
3340.0754716981132,2.9834068808915417e-15
3340.2264150943397,2.8843474559084227e-15
3340.377358490566,-4.129697124505216e-15
3340.5283018867926,8.119731369807293e-15
3340.6792452830186,-2.857661526872427e-15
3340.830188679245,6.866890778016427e-17
3340.9811320754716,6.902642832121953e-15
3341.132075471698,-4.40606246644398e-15
3341.2830188679245,2.7401069864089612e-15
3341.433962264151,5.589294050087674e-15
3341.5849056603774,-6.425071515036885e-15
3341.735849056604,8.592717937231923e-15
3341.8867924528304,-2.7004055116669014e-15
3342.0377358490564,2.2559497408680514e-15
3342.188679245283,7.294751407120657e-16
3342.3396226415093,4.67782144363169e-15
3342.490566037736,-5.381840981743411e-15
3342.6415094339623,8.971816681630159e-15
3342.7924528301887,-4.027515512526595e-15
3342.943396226415,3.640032585560289e-15
3343.0943396226417,3.2732381160281436e-16
3343.245283018868,2.7292178132816028e-15
3343.396226415094,7.440163239026348e-16
3343.5471698113206,-1.980745494454532e-15
3343.698113207547,1.0909502496046572e-14
3343.8490566037735,-1.348167978115067e-14
3344.0,1.7835130751480525e-14
3344.1509433962265,-1.2196090766088845e-14
3344.301886792453,8.709226843741586e-15
3344.4528301886794,1.2682174688245826e-15
3344.603773584906,-4.021978392354214e-15
3344.754716981132,8.801739260582656e-15
3344.9056603773583,-4.700867073729358e-15
3345.056603773585,5.102880292175778e-15
3345.2075471698113,-1.5386495492912694e-15
3345.3584905660377,5.790012753751411e-15
3345.509433962264,-4.214171073635952e-15
3345.6603773584907,4.8044898117039326e-15
3345.811320754717,3.838133059734572e-15
3345.9622641509436,-6.0773161845814144e-15
3346.1132075471696,7.849708026950126e-15
3346.264150943396,3.0634199827380948e-15
3346.4150943396226,-9.800536244331867e-15
3346.566037735849,1.599493847013007e-14
3346.7169811320755,-6.644345611517091e-15
3346.867924528302,-3.078741042837251e-15
3347.0188679245284,1.610093231115757e-14
3347.169811320755,-1.3544899808811292e-14
3347.3207547169814,6.057867771688181e-15
3347.4716981132074,1.1233228497901367e-14
3347.622641509434,-1.691826009447541e-14
3347.7735849056603,1.6952928982563712e-14
3347.9245283018868,-2.841703823013207e-15
3348.0754716981132,-4.310370246909713e-15
3348.2264150943397,8.446728710857369e-15
3348.377358490566,1.837295217592424e-15
3348.5283018867926,-7.64048295347276e-15
3348.6792452830186,1.3788316231064313e-14
3348.830188679245,-7.438081546057129e-15
3348.9811320754716,4.449045440590256e-15
3349.132075471698,2.9996800816198713e-15
3349.2830188679245,-2.2195452732331255e-15
3349.433962264151,6.2357915180402715e-15
3349.5849056603774,-3.4622612731654122e-15
3349.735849056604,5.014069455707188e-15
3349.8867924528304,1.260974269721716e-15
3350.0377358490564,-1.7983102369509467e-15
3350.188679245283,6.66756966319514e-15
3350.3396226415093,-3.518814587175782e-15
3350.490566037736,6.027560495605806e-15
3350.6415094339623,-3.4462372990280258e-15
3350.7924528301887,7.052927226400641e-15
3350.943396226415,-2.4668005867535834e-15
3351.0943396226417,1.4256811386723971e-15
3351.245283018868,5.2733998048805405e-15
3351.396226415094,-1.212368635558492e-15
3351.5471698113206,-2.4531142990606096e-15
3351.698113207547,1.4354301459268138e-14
3351.8490566037735,-1.6552609131257496e-14
3352.0,1.8487821066848275e-14
3352.1509433962265,-9.799075400193784e-15
3352.301886792453,7.617352019879685e-15
3352.4528301886794,-2.5464605130000284e-15
3352.603773584906,5.786518692580156e-15
3352.754716981132,-8.675074480826955e-16
3352.9056603773583,-2.4440754153070737e-15
3353.056603773585,1.5097156358983093e-14
3353.2075471698113,-1.9005868091154782e-14
3353.3584905660377,2.0972314617456414e-14
3353.509433962264,-7.170749125320698e-15
3353.6603773584907,-4.242954849245161e-15
3353.811320754717,1.6678099662625155e-14
3353.9622641509436,-1.1466876638250638e-14
3354.1132075471696,3.848432279823019e-15
3354.264150943396,9.56152955073644e-15
3354.4150943396226,-7.771306361635917e-15
3354.566037735849,3.3568824504386916e-15
3354.7169811320755,9.293351252986233e-15
3354.867924528302,-9.84703165260014e-15
3355.0188679245284,9.610173949246586e-15
3355.169811320755,1.4861625151289916e-16
3355.3207547169814,-1.800621594176343e-15
3355.4716981132074,6.827672375141871e-15
3355.622641509434,-3.5001718591564607e-15
3355.7735849056603,6.048361934450921e-15
3355.9245283018868,-1.5917690118893453e-15
3356.0754716981132,3.0018619721185825e-15
3356.2264150943397,2.5669716969639162e-15
3356.377358490566,-1.8643984131904225e-15
3356.5283018867926,8.02617850392472e-15
3356.6792452830186,-7.378559124378407e-15
3356.830188679245,1.163154861693825e-14
3356.9811320754716,-6.394397798779197e-15
3357.132075471698,5.465968078682349e-15
3357.2830188679245,2.05176980291777e-15
3357.433962264151,-6.793769649931117e-16
3357.5849056603774,3.4142491541200513e-15
3357.735849056604,1.4187800481496297e-15
3357.8867924528304,1.3253656766654314e-15
3358.0377358490564,1.506574628466407e-15
3358.188679245283,1.9399983361695177e-15
3358.3396226415093,3.145981659841388e-15
3358.490566037736,-2.7255348995768896e-15
3358.6415094339623,7.986806624876568e-15
3358.7924528301887,-3.869343509114761e-15
3358.943396226415,4.599380142142067e-15
3359.0943396226417,1.4861906328373434e-15
3359.245283018868,-2.1632642051725766e-16
3359.396226415094,6.044156794628212e-15
3359.5471698113206,-5.41807432496381e-15
3359.698113207547,9.716583510612082e-15
3359.8490566037735,-2.8810193119318976e-15
3360.0,-5.201411645332481e-16
3360.1509433962265,9.924984044239278e-15
3360.301886792453,-7.979913881341421e-15
3360.4528301886794,8.851781602786846e-15
3360.603773584906,-2.2488977072512674e-15
3360.754716981132,4.596397005818975e-15
3360.9056603773583,-1.381942780863762e-15
3361.056603773585,3.623710908538012e-15
3361.2075471698113,4.1363091050444765e-15
3361.3584905660377,-6.289280389331586e-15
3361.509433962264,1.2969491469006864e-14
3361.6603773584907,-7.744472604205375e-15
3361.811320754717,5.6058192301327355e-15
3361.9622641509436,3.815519118864708e-15
3362.1132075471696,-3.3504920781038483e-15
3362.264150943396,6.580804336477775e-15
3362.4150943396226,-1.369868917247411e-15
3362.566037735849,3.9212016164847305e-15
3362.7169811320755,-6.693516702605146e-16
3362.867924528302,4.7599894011683105e-15
3363.0188679245284,-1.09558910452873e-15
3363.169811320755,4.2587679696430254e-15
3363.3207547169814,-1.3927215828689727e-15
3363.4716981132074,7.406763836540025e-15
3363.622641509434,-7.09683963166537e-15
3363.7735849056603,1.2889722025971949e-14
3363.9245283018868,-9.337281557673244e-15
3364.0754716981132,1.103403289975633e-14
3364.2264150943397,-4.674214876488099e-15
3364.377358490566,5.412425164590796e-15
3364.5283018867926,7.874791778505763e-16
3364.6792452830186,9.39357387618705e-16
3364.830188679245,3.24883325442561e-15
3364.9811320754716,8.912498072324222e-16
3365.132075471698,2.8869046463132337e-15
3365.2830188679245,-2.4618290457837583e-15
3365.433962264151,1.3177097826778187e-14
3365.5849056603774,-1.8123800356840792e-14
3365.735849056604,2.701153881637202e-14
3365.8867924528304,-2.0896914313526707e-14
3366.0377358490564,1.4258515791689602e-14
3366.188679245283,2.2034239489507238e-15
3366.3396226415093,-6.1231397976437454e-15
3366.490566037736,8.06090977462591e-15
3366.6415094339623,3.824564129222795e-15
3366.7924528301887,-7.73996969956838e-15
3366.943396226415,1.3710196605842784e-14
3367.0943396226417,-7.912621456318397e-15
3367.245283018868,9.02837786214364e-15
3367.396226415094,-4.067286874551763e-15
3367.5471698113206,6.386111717804844e-15
3367.698113207547,5.154380110143167e-16
3367.8490566037735,-3.252182589347304e-16
3368.0,4.684017685514564e-15
3368.1509433962265,2.3334992304700068e-15
3368.301886792453,-2.456579449963824e-15
3368.4528301886794,6.1512648175844255e-15
3368.603773584906,2.589702088260508e-15
3368.754716981132,-5.219171879612654e-15
3368.9056603773583,1.24178134912247e-14
3369.056603773585,-7.551397983453817e-15
3369.2075471698113,7.21772719584275e-15
3369.3584905660377,1.1916625268836599e-15
3369.509433962264,-3.683838131984684e-16
3369.6603773584907,4.269964395395405e-15
3369.811320754717,1.7355861906571986e-15
3369.9622641509436,3.636735791190887e-16
3370.1132075471696,1.3569970066006444e-15
3370.264150943396,9.116858794213638e-15
3370.4150943396226,-1.3193641753969775e-14
3370.566037735849,2.105161064361914e-14
3370.7169811320755,-1.4737812788783453e-14
3370.867924528302,1.1845673392121868e-14
3371.0188679245284,-1.8714603780504752e-15
3371.169811320755,3.262832300584111e-15
3371.3207547169814,1.6878853091728275e-16
3371.4716981132074,4.576334497882941e-15
3371.622641509434,-8.0955364560296075e-16
3371.7735849056603,4.399352801486064e-15
3371.9245283018868,-1.7451662275233056e-16
3372.0754716981132,3.1471505021516404e-15
3372.2264150943397,2.7367365727716847e-15
3372.377358490566,-1.3187789341517425e-15
3372.5283018867926,6.893415410803614e-15
3372.6792452830186,-3.0201488874251677e-15
3372.830188679245,5.717581659642123e-15
3372.9811320754716,-3.6546584008793887e-16
3373.132075471698,3.4259853499531467e-15
3373.2830188679245,8.071050669719165e-16
3373.433962264151,2.9780847280919924e-15
3373.5849056603774,1.2594346477426528e-15
3373.735849056604,2.3867679620730782e-15
3373.8867924528304,1.6299577017115816e-15
3374.0377358490564,2.5127573850068405e-15
3374.188679245283,1.4058264749790777e-15
3374.3396226415093,2.1167657073833755e-15
3374.490566037736,2.7210942831995656e-15
3374.6415094339623,6.46567650751369e-16
3374.7924528301887,3.041863638865116e-15
3374.943396226415,2.104720438674253e-15
3375.0943396226417,1.0551953532693328e-15
3375.245283018868,2.002040746710951e-15
3375.396226415094,4.878292112590333e-15
3375.5471698113206,-3.6231553638667575e-15
3375.698113207547,7.873628952694787e-15
3375.8490566037735,-1.5871503628297643e-15
3376.0,3.7285387598302875e-15
3376.1509433962265,-4.168530724997902e-16
3376.301886792453,6.183520231648223e-15
3376.4528301886794,-6.461624145894044e-16
3376.603773584906,-1.7384223943483432e-15
3376.754716981132,1.3452698270374766e-14
3376.9056603773583,-1.180084308507327e-14
3377.056603773585,9.812542895495096e-15
3377.2075471698113,5.524770789766759e-15
3377.3584905660377,-1.0328983901253281e-14
3377.509433962264,1.4692498924379778e-14
3377.6603773584907,-1.8530649510815323e-15
3377.811320754717,-6.357596358002783e-15
3377.9622641509436,1.917617164651359e-14
3378.1132075471696,-1.6411972253393913e-14
3378.264150943396,1.6213896592835843e-14
3378.4150943396226,-7.0512125201460394e-15
3378.566037735849,8.942003974884155e-15
3378.7169811320755,-4.545475333452532e-15
3378.867924528302,6.532374484111679e-15
3379.0188679245284,3.956389193159511e-15
3379.169811320755,-8.044390493080814e-15
3379.3207547169814,1.7343704982982235e-14
3379.4716981132074,-1.2662949400644063e-14
3379.622641509434,1.2826135742072176e-14
3379.7735849056603,-5.3063305323313596e-15
3379.9245283018868,8.345518105027823e-15
3380.0754716981132,-3.2984087640103607e-15
3380.2264150943397,4.645766944620102e-15
3380.377358490566,3.557579433531801e-15
3380.5283018867926,-1.3654439269462613e-15
3380.6792452830186,3.567164248159645e-15
3380.830188679245,5.01215714707455e-15
3380.9811320754716,-3.5305404113798596e-15
3381.132075471698,5.754396983362524e-15
3381.2830188679245,4.740035317092291e-15
3381.433962264151,-7.344872252672104e-15
3381.5849056603774,1.4669839367714277e-14
3381.735849056604,-8.059110462360578e-15
3381.8867924528304,6.347116749262166e-15
3382.0377358490564,3.651148753853741e-15
3382.188679245283,-2.185118910152467e-15
3382.3396226415093,6.072693884310418e-15
3382.490566037736,1.3871538656616145e-17
3382.6415094339623,2.7436591215292446e-15
3382.7924528301887,2.0029857472079473e-15
3382.943396226415,2.6361789529439508e-15
3383.0943396226417,8.837619750002234e-16
3383.245283018868,4.147605880252057e-15
3383.396226415094,-4.043274512801936e-17
3383.5471698113206,3.4430575940360716e-15
3383.698113207547,2.5521907356348745e-15
3383.8490566037735,8.54024668192778e-16
3384.0,1.7668227782420908e-15
3384.1509433962265,6.7059240262708786e-15
3384.301886792453,-6.101013659404334e-15
3384.4528301886794,9.970509850022467e-15
3384.603773584906,5.4453358979197504e-17
3384.754716981132,-3.4481835630034223e-15
3384.9056603773583,1.246799019496817e-14
3385.056603773585,-7.056787467953363e-15
3385.2075471698113,6.35178149460472e-15
3385.3584905660377,3.0912651158298583e-15
3385.509433962264,-1.5776503438777955e-15
3385.6603773584907,7.263701642087561e-15
3385.811320754717,-4.1814988504663935e-15
3385.9622641509436,9.676306470995066e-15
3386.1132075471696,-4.68743946221046e-15
3386.264150943396,5.982482988003886e-15
3386.4150943396226,2.687076310718525e-15
3386.566037735849,-1.4275947273718915e-15
3386.7169811320755,6.4513287225751095e-15
3386.867924528302,-6.157750463866522e-16
3387.0188679245284,3.0990419983734244e-15
3387.169811320755,2.434815521644196e-15
3387.3207547169814,2.0220741810271113e-15
3387.4716981132074,1.684985141834785e-15
3387.622641509434,3.390213889757718e-15
3387.7735849056603,1.0917532647041232e-15
3387.9245283018868,2.4314086007979707e-15
3388.0754716981132,3.274975999171208e-15
3388.2264150943397,7.525061726874464e-16
3388.377358490566,2.370787959706956e-15
3388.5283018867926,4.721915960089919e-15
3388.6792452830186,-2.4261964723828085e-15
3388.830188679245,6.85291126491252e-15
3388.9811320754716,4.0623795032025257e-16
3389.132075471698,-6.815835530394837e-16
3389.2830188679245,1.054228267044911e-14
3389.433962264151,-1.0530211834016523e-14
3389.5849056603774,1.691432293116185e-14
3389.735849056604,-1.0330677918366917e-14
3389.8867924528304,8.820018418174089e-15
3390.0377358490564,3.30121316812712e-15
3390.188679245283,-4.147745816138601e-15
3390.3396226415093,8.920838372421396e-15
3390.490566037736,-1.0642713328086993e-17
3390.6415094339623,-8.681354147569255e-16
3390.7924528301887,7.616435096447077e-15
3390.943396226415,-1.532526705394437e-16
3391.0943396226417,-1.888659137232551e-15
3391.245283018868,1.2795597762146647e-14
3391.396226415094,-1.0647060514252836e-14
3391.5471698113206,1.2464454018885052e-14
3391.698113207547,-2.0218910542310507e-15
3391.8490566037735,1.089601559055401e-15
3392.0,6.07149938834516e-15
3392.1509433962265,-1.0704928413515898e-15
3392.301886792453,3.8974403441573526e-15
3392.4528301886794,1.9488012051687825e-15
3392.603773584906,2.5713403902354375e-15
3392.754716981132,1.3390508779686575e-15
3392.9056603773583,3.841990928501522e-15
3393.056603773585,7.950895504418763e-16
3393.2075471698113,3.2356904992032815e-15
3393.3584905660377,1.9718927582900257e-15
3393.509433962264,2.6097696315085906e-15
3393.6603773584907,1.263900764155373e-15
3393.811320754717,4.4534244542657524e-15
3393.9622641509436,-3.23820504319312e-16
3394.1132075471696,4.168323473236398e-15
3394.264150943396,2.043560674980058e-15
3394.4150943396226,2.073553645719508e-15
3394.566037735849,4.598389163753306e-16
3394.7169811320755,8.264850984995832e-15
3394.867924528302,-6.591945051364158e-15
3395.0188679245284,1.0298683389457084e-14
3395.169811320755,-1.021130074405906e-15
3395.3207547169814,9.817206103995214e-16
3395.4716981132074,4.899085364210411e-15
3395.622641509434,2.3718932753469653e-15
3395.7735849056603,-1.1902253024152401e-15
3395.9245283018868,7.440382783987129e-15
3396.0754716981132,-1.9005855708127752e-15
3396.2264150943397,4.5604116247342446e-15
3396.377358490566,2.2705334861964263e-15
3396.5283018867926,8.118350826258507e-16
3396.6792452830186,4.4149310797068584e-15
3396.830188679245,1.2193976290213337e-15
3396.9811320754716,2.005787759798693e-15
3397.132075471698,2.7784199531304646e-15
3397.2830188679245,4.92909598356781e-15
3397.433962264151,-5.5284371457946504e-15
3397.5849056603774,1.4884845033820023e-14
3397.735849056604,-1.1013912863935625e-14
3397.8867924528304,1.2766292275562344e-14
3398.0377358490564,-4.057311330346599e-15
3398.188679245283,6.811147619128739e-15
3398.3396226415093,-2.1172349550726645e-15
3398.490566037736,6.681637999686216e-15
3398.6415094339623,4.703988598725249e-16
3398.7924528301887,2.979719401341089e-16
3398.943396226415,7.721810687482663e-15
3399.0943396226417,-3.5036174339967358e-15
3399.245283018868,6.316709345896673e-15
3399.396226415094,1.0089665511921879e-15
3399.5471698113206,2.950992561222507e-15
3399.698113207547,2.0619499820145752e-16
3399.8490566037735,7.472934335373704e-15
3400.0,-4.786462595774513e-15
3400.1509433962265,9.89738413258138e-15
3400.301886792453,-3.833628650295353e-15
3400.4528301886794,6.600351779283477e-15
3400.603773584906,7.35335210267395e-16
3400.754716981132,1.155865333155444e-15
3400.9056603773583,6.761726168405981e-15
3401.056603773585,-4.340159510454514e-15
3401.2075471698113,9.88801642550214e-15
3401.3584905660377,-3.4580626224156336e-15
3401.509433962264,5.059664656468687e-15
3401.6603773584907,2.6350161340954604e-15
3401.811320754717,2.3229930347828883e-15
3401.9622641509436,-1.1095242820816775e-15
3402.1132075471696,1.0282885542392859e-14
3402.264150943396,-5.8877051175964525e-15
3402.4150943396226,5.711653648999372e-15
3402.566037735849,6.432023298797242e-15
3402.7169811320755,-5.484113729743949e-15
3402.867924528302,8.381228424280587e-15
3403.0188679245284,1.9073311978223743e-15
3403.169811320755,-9.6042243069174e-16
3403.3207547169814,5.83467003417287e-15
3403.4716981132074,1.4046072898755866e-15
3403.622641509434,2.3713509028113547e-15
3403.7735849056603,1.1072573005277831e-15
3403.9245283018868,5.485468209624201e-15
3404.0754716981132,8.821211393332118e-16
3404.2264150943397,-7.537085125076728e-16
3404.377358490566,9.870363978457375e-15
3404.5283018867926,-3.971827488148391e-15
3404.6792452830186,2.5803422045595794e-15
3404.830188679245,8.921327514935408e-15
3404.9811320754716,-4.876573897911026e-15
3405.132075471698,4.429182588064453e-15
3405.2830188679245,6.416415828425785e-15
3405.433962264151,-1.0442797050513067e-15
3405.5849056603774,-1.666221974808171e-15
3405.735849056604,1.5477152221393976e-14
3405.8867924528304,-1.3116499384570921e-14
3406.0377358490564,1.2680516715894668e-14
3406.188679245283,4.440810868291513e-16
3406.3396226415093,7.25920207421166e-16
3406.490566037736,1.4231395676939822e-15
3406.6415094339623,9.087657647359635e-15
3406.7924528301887,-6.41366490142054e-15
3406.943396226415,8.178723881131934e-15
3407.0943396226417,2.9749754843332604e-15
3407.245283018868,-2.4742396823054355e-15
3407.396226415094,7.827092057411968e-15
3407.5471698113206,5.712586754790903e-17
3407.698113207547,1.7160042824740533e-15
3407.8490566037735,4.654217197547505e-15
3408.0,1.3157799341950878e-15
3408.1509433962265,1.6906458150313339e-15
3408.301886792453,4.604667941429132e-15
3408.4528301886794,1.35488183974495e-15
3408.603773584906,6.289752439366861e-16
3408.754716981132,7.721265270944582e-15
3408.9056603773583,-3.7555752519684236e-15
3409.056603773585,6.840580011296895e-15
3409.2075471698113,1.5475763302128407e-15
3409.3584905660377,1.1578563669376933e-15
3409.509433962264,4.9938156356800955e-15
3409.6603773584907,-1.5428217483426223e-15
3409.811320754717,9.712310959662988e-15
3409.9622641509436,-7.058479162688229e-15
3410.1132075471696,1.0385488394005296e-14
3410.264150943396,1.3999673768662414e-15
3410.4150943396226,-4.3364813481305996e-15
3410.566037735849,1.3394020811910972e-14
3410.7169811320755,-5.33547018626657e-15
3410.867924528302,2.3550671981833262e-15
3411.0188679245284,1.0862642777342296e-14
3411.169811320755,-9.175547348534503e-15
3411.3207547169814,1.1702818621462713e-14
3411.4716981132074,-5.145889755948115e-16
3411.622641509434,1.0479597515714162e-16
3411.7735849056603,7.377419558754305e-15
3411.9245283018868,-1.5113899112304937e-15
3412.0754716981132,4.62320894464478e-15
3412.2264150943397,2.031701342973402e-15
3412.377358490566,2.7666490804304517e-15
3412.5283018867926,1.7944122914027807e-15
3412.6792452830186,4.216708683006408e-15
3412.830188679245,4.629671647181294e-16
3412.9811320754716,4.163742225230386e-15
3413.132075471698,2.5833478914442095e-15
3413.2830188679245,9.751431341906574e-16
3413.433962264151,3.883404579398562e-15
3413.5849056603774,4.356805333084773e-15
3413.735849056604,-3.0052290432458067e-15
3413.8867924528304,8.965375766498185e-15
3414.0377358490564,2.859972316562739e-16
3414.188679245283,-1.5902504866775295e-15
3414.3396226415093,1.0913804437214678e-14
3414.490566037736,-4.747879389932852e-15
3414.6415094339623,5.2641034627081586e-15
3414.7924528301887,4.490335360934432e-15
3414.943396226415,-9.68031524614067e-16
3415.0943396226417,5.0301003280446925e-15
3415.245283018868,2.1966740232989074e-15
3415.396226415094,1.8825811344446266e-15
3415.5471698113206,3.165171677307124e-15
3415.698113207547,2.8388259353365454e-15
3415.8490566037735,1.8346498453928196e-15
3416.0,3.2836435175326443e-15
3416.1509433962265,2.620865054994676e-15
3416.301886792453,1.7886777991639937e-15
3416.4528301886794,3.8386834819260564e-15
3416.603773584906,1.879987810489317e-15
3416.754716981132,2.2425753887753253e-15
3416.9056603773583,3.6120327387996905e-15
3417.056603773585,2.7965782124410663e-15
3417.2075471698113,-4.397147556704654e-16
3417.3584905660377,8.615494926786577e-15
3417.509433962264,-4.009921897994114e-15
3417.6603773584907,6.438272822197021e-15
3417.811320754717,4.387202676229603e-15
3417.9622641509436,-4.949375479919391e-15
3418.1132075471696,1.3539939356833099e-14
3418.264150943396,-7.353493991421954e-15
3418.4150943396226,7.615874691348458e-15
3418.566037735849,4.8500713074399035e-15
3418.7169811320755,-5.7791553312969385e-15
3418.867924528302,1.3454969257023287e-14
3419.0188679245284,-5.7986658770777326e-15
3419.169811320755,5.757899784885936e-15
3419.3207547169814,4.586739334343233e-15
3419.4716981132074,-1.509235423173243e-15
3419.622641509434,6.011305488523836e-15
3419.7735849056603,1.3908362297122232e-15
3419.9245283018868,2.625101976427037e-15
3420.0754716981132,2.397156248938443e-15
3420.2264150943397,3.899594233024217e-15
3420.377358490566,1.5469964031010258e-15
3420.5283018867926,1.7227961140128777e-15
3420.6792452830186,6.474948931521853e-15
3420.830188679245,-2.7207135370805703e-15
3420.9811320754716,7.526073747306905e-15
3421.132075471698,-5.714533125728759e-16
3421.2830188679245,4.507967582558497e-15
3421.433962264151,2.0123862012569905e-15
3421.5849056603774,1.9051792399539057e-15
3421.735849056604,4.805162885962737e-15
3421.8867924528304,3.313331156598134e-16
3422.0377358490564,3.9536504279171656e-15
3422.188679245283,2.221290630454642e-15
3422.3396226415093,4.859891203714926e-15
3422.490566037736,-4.330607055756409e-15
3422.6415094339623,1.5434478484394516e-14
3422.7924528301887,-1.2900151476791403e-14
3422.943396226415,1.605663735079309e-14
3423.0943396226417,-4.736659147546654e-15
3423.245283018868,4.371668113190833e-15
3423.396226415094,3.422156878343063e-15
3423.5471698113206,3.0020130219410647e-15
3423.698113207547,4.864986196127936e-16
3423.8490566037735,5.3837464758500945e-15
3424.0,7.998642843261681e-16
3424.1509433962265,4.75434184024248e-15
3424.301886792453,-1.7810375002653045e-15
3424.4528301886794,1.0687430456688316e-14
3424.603773584906,-6.834648756038162e-15
3424.754716981132,9.824323795322306e-15
3424.9056603773583,1.3794519154134128e-15
3425.056603773585,-1.777217077247872e-15
3425.2075471698113,9.034619861300568e-15
3425.3584905660377,5.101635949958139e-16
3425.509433962264,-2.683427231290629e-15
3425.6603773584907,1.326485052183948e-14
3425.811320754717,-5.4401968204629195e-15
3425.9622641509436,1.7553273520558366e-15
3426.1132075471696,1.2760669688577652e-14
3426.264150943396,-8.901751557689277e-15
3426.4150943396226,6.933234416012347e-15
3426.566037735849,9.447619989066293e-15
3426.7169811320755,-1.039639547730038e-14
3426.867924528302,1.3317866864772903e-14
3427.0188679245284,1.7682621902058724e-15
3427.169811320755,-6.339677580845873e-15
3427.3207547169814,1.5402352853953538e-14
3427.4716981132074,-4.604505858504397e-15
3427.622641509434,-3.08358464524383e-16
3427.7735849056603,1.4051804174630493e-14
3427.9245283018868,-9.605472121381951e-15
3428.0754716981132,9.654546838281975e-15
3428.2264150943397,2.5955688490496832e-15
3428.377358490566,-2.5547905814571537e-16
3428.5283018867926,4.442158398916261e-15
3428.6792452830186,3.936382714803874e-15
3428.830188679245,5.243731822414308e-16
3428.9811320754716,3.608662599340056e-15
3429.132075471698,3.207197619265639e-15
3429.2830188679245,3.836457758114475e-15
3429.433962264151,-2.4494378571985473e-15
3429.5849056603774,1.1407641006169311e-14
3429.735849056604,-5.460693144198097e-15
3429.8867924528304,6.9836962778159985e-15
3430.0377358490564,2.808398241922148e-15
3430.188679245283,1.395753803820922e-15
3430.3396226415093,2.0228998975049756e-15
3430.490566037736,7.10204084658277e-15
3430.6415094339623,-3.8337988337035334e-15
3430.7924528301887,8.450466487435081e-15
3430.943396226415,1.3651929974573176e-15
3431.0943396226417,-1.474448826911353e-15
3431.245283018868,1.0867910127284683e-14
3431.396226415094,-4.876320212171681e-15
3431.5471698113206,6.143306260678169e-15
3431.698113207547,4.355654813795335e-15
3431.8490566037735,-5.735417673633844e-16
3432.0,3.0899729221361997e-15
3432.1509433962265,8.867046994824935e-15
3432.301886792453,-9.274313052078007e-15
3432.4528301886794,1.696983219105936e-14
3432.603773584906,-8.666798501920897e-15
3432.754716981132,8.708737403182418e-15
3432.9056603773583,1.980807381511946e-15
3433.056603773585,1.1115585047830762e-15
3433.2075471698113,4.417323709281806e-15
3433.3584905660377,2.4238922093663755e-15
3433.509433962264,1.993728448278756e-15
3433.6603773584907,4.327380888621806e-15
3433.811320754717,1.0440771476182985e-15
3433.9622641509436,4.1834656318062675e-15
3434.1132075471696,2.38525843867378e-15
3434.264150943396,2.5753729552019395e-15
3434.4150943396226,2.1095654526792613e-15
3434.566037735849,6.31184176150464e-15
3434.7169811320755,-3.7930201931693286e-15
3434.867924528302,1.0278014534721409e-14
3435.0188679245284,-1.5777014076583655e-15
3435.169811320755,9.314114565927916e-16
3435.3207547169814,1.1112845718325084e-14
3435.4716981132074,-8.423056323619366e-15
3435.622641509434,1.1948463721472257e-14
3435.7735849056603,-6.773140499463869e-16
3435.9245283018868,6.80799622728311e-16
3436.0754716981132,7.772832283901805e-15
3436.2264150943397,-1.6334607619062666e-15
3436.377358490566,5.178549723925591e-15
3436.5283018867926,2.128045421331677e-15
3436.6792452830186,3.3317291020944624e-15
3436.830188679245,1.5118476283315165e-15
3436.9811320754716,4.902319300265907e-15
3437.132075471698,8.684311251679682e-16
3437.2830188679245,3.912109974523353e-15
3437.433962264151,2.70156215160947e-15
3437.5849056603774,2.7929533535328784e-15
3437.735849056604,2.1071181942971077e-15
3437.8867924528304,4.677831423623587e-15
3438.0377358490564,6.522844258148567e-16
3438.188679245283,4.0543863244914765e-15
3438.3396226415093,3.3296938734917575e-15
3438.490566037736,1.5802168659530061e-15
3438.6415094339623,2.7423989943863364e-15
3438.7924528301887,5.747418730031911e-15
3438.943396226415,-1.399879664761778e-15
3439.0943396226417,4.4999346559958845e-15
3439.245283018868,6.772671043931617e-15
3439.396226415094,-4.775817616525268e-15
3439.5471698113206,7.805764855076127e-15
3439.698113207547,6.402866929433267e-15
3439.8490566037735,-8.97113209086823e-15
3440.0,1.6462937983924183e-14
3440.1509433962265,-5.169904772768248e-15
3440.301886792453,3.374474678953055e-15
3440.4528301886794,5.350988745818458e-15
3440.603773584906,3.582982922431446e-15
3440.754716981132,-3.1299544021034277e-15
3440.9056603773583,1.0697339569633909e-14
3441.056603773585,-1.4795898523060036e-15
3441.2075471698113,1.2860015843710222e-15
3441.3584905660377,8.46732572121159e-15
3441.509433962264,-2.6753118569506816e-15
3441.6603773584907,5.547382627230914e-15
3441.811320754717,3.111213930006254e-15
3441.9622641509436,1.6768205547310249e-15
3442.1132075471696,3.0548948426655797e-15
3442.264150943396,4.3630709283400504e-15
3442.4150943396226,7.655737265791992e-16
3442.566037735849,3.6334421039291455e-15
3442.7169811320755,5.003055195041238e-15
3442.867924528302,-1.6769781795786002e-15
3443.0188679245284,7.669524271058586e-15
3443.169811320755,-1.947045650675554e-16
3443.3207547169814,4.5265528625251576e-15
3443.4716981132074,1.142756665953871e-15
3443.622641509434,4.752696844647734e-15
3443.7735849056603,3.539440121630005e-15
3443.9245283018868,-2.970642983133201e-15
3444.0754716981132,1.3551346439532401e-14
3444.2264150943397,-9.050160070009739e-15
3444.377358490566,1.270733776455013e-14
3444.5283018867926,-3.854678705446631e-15
3444.6792452830186,7.56444962824362e-15
3444.830188679245,-3.6171228471010525e-16
3444.9811320754716,4.285250346129552e-15
3445.132075471698,4.060054046831908e-15
3445.2830188679245,-4.128209071505172e-16
3445.433962264151,7.0111279971366475e-15
3445.5849056603774,-6.403180289836325e-16
3445.735849056604,5.3455400859725295e-15
3445.8867924528304,1.5105779776907964e-15
3446.0377358490564,3.427813314516269e-15
3446.188679245283,3.05333746695179e-15
3446.3396226415093,2.957075689030392e-15
3446.490566037736,1.2711735369015002e-15
3446.6415094339623,6.963204183366995e-15
3446.7924528301887,-2.579316582231554e-15
3446.943396226415,7.569199795257515e-15
3447.0943396226417,1.0268918719188273e-15
3447.245283018868,1.596841812631191e-15
3447.396226415094,7.079315729727559e-15
3447.5471698113206,-3.740908507933696e-15
3447.698113207547,1.1458478688303779e-14
3447.8490566037735,-5.710712752045002e-15
3448.0,9.402507407494976e-15
3448.1509433962265,-5.136664645803185e-16
3448.301886792453,4.704179108556955e-15
3448.4528301886794,6.612259776579782e-16
3448.603773584906,6.191957564333019e-15
3448.754716981132,8.979860364208605e-16
3448.9056603773583,3.796817208895027e-16
3449.056603773585,1.155973876039178e-14
3449.2075471698113,-9.456202293023782e-15
3449.3584905660377,1.3894948483528457e-14
3449.509433962264,-1.5957098316188545e-15
3449.6603773584907,-4.9268732286365e-16
3449.811320754717,1.1405474232074637e-14
3449.9622641509436,-5.419580482741675e-15
3450.1132075471696,7.982663499024956e-15
3450.264150943396,3.036702012741464e-16
3450.4150943396226,6.083597145045667e-15
3450.566037735849,-1.0907169902861509e-15
3450.7169811320755,4.259182814081379e-15
3450.867924528302,8.284009505714085e-15
3451.0188679245284,-8.157816342073534e-15
3451.169811320755,1.380114520151339e-14
3451.3207547169814,-1.675075341881488e-15
3451.4716981132074,5.650352181570635e-16
3451.622641509434,8.444503540440778e-15
3451.7735849056603,-1.6739250289891685e-15
3451.9245283018868,5.687871246324997e-15
3452.0754716981132,1.8164719990318864e-15
3452.2264150943397,1.3866296193485232e-15
3452.377358490566,9.479514735844812e-15
3452.5283018867926,-8.773226418537087e-15
3452.6792452830186,1.6508776177945762e-14
3452.830188679245,-7.37435350788537e-15
3452.9811320754716,7.316929124095258e-15
3453.132075471698,3.2505038191088108e-15
3453.2830188679245,1.9328606596212153e-15
3453.433962264151,1.667410281171809e-15
3453.5849056603774,6.732385367644385e-15
3453.735849056604,-9.949322218622294e-16
3453.8867924528304,5.119246195998557e-15
3454.0377358490564,2.050818086064724e-15
3454.188679245283,5.655187051370073e-15
3454.3396226415093,-3.928689181513915e-15
3454.490566037736,1.3174693653033201e-14
3454.6415094339623,-6.411077808658638e-15
3454.7924528301887,7.740102058127048e-15
3454.943396226415,2.9105826178248296e-15
3455.0943396226417,1.9379162300778768e-15
3455.245283018868,1.4521722857295799e-15
3455.396226415094,7.73947514864217e-15
3455.5471698113206,-3.0206457012808106e-15
3455.698113207547,8.265706965947179e-15
3455.8490566037735,-9.942077046603085e-16
3456.0,5.6210074248009095e-15
3456.1509433962265,2.1283395677443207e-15
3456.301886792453,1.9934623978159725e-15
3456.4528301886794,4.315795614240525e-15
3456.603773584906,3.9424776845112775e-15
3456.754716981132,-1.36804606180461e-15
3456.9056603773583,8.310900610123268e-15
3457.056603773585,1.8426755642511097e-15
3457.2075471698113,-4.204352507540079e-15
3457.3584905660377,1.8451966594417035e-14
3457.509433962264,-1.607598233397188e-14
3457.6603773584907,1.9475833825379175e-14
3457.811320754717,-6.648181678970133e-15
3457.9622641509436,4.979468097913979e-15
3458.1132075471696,7.116014166833634e-15
3458.264150943396,-4.8277132911146974e-15
3458.4150943396226,1.2169451757562667e-14
3458.566037735849,-5.060574411507714e-15
3458.7169811320755,7.413105812377989e-15
3458.867924528302,4.25150725802622e-15
3459.0188679245284,-4.061451352219936e-15
3459.169811320755,1.3515953193612652e-14
3459.3207547169814,-6.660334432938636e-15
3459.4716981132074,7.588204224243219e-15
3459.622641509434,5.559794919666956e-15
3459.7735849056603,-5.242991950273958e-15
3459.9245283018868,1.287803131161334e-14
3460.0754716981132,-4.2273978150599065e-15
3460.2264150943397,5.801568666833745e-15
3460.377358490566,3.793007849837179e-15
3460.5283018867926,2.8889883630457323e-16
3460.6792452830186,7.268689988289937e-15
3460.830188679245,-3.092762059221649e-15
3460.9811320754716,1.0236150797260275e-14
3461.132075471698,-2.7826120418016673e-15
3461.2830188679245,4.854416449589975e-15
3461.433962264151,5.549774100928956e-15
3461.5849056603774,-1.8298834939232134e-15
3461.735849056604,7.822168813819814e-15
3461.8867924528304,-1.109571514223738e-15
3462.0377358490564,7.557142916682103e-15
3462.188679245283,-2.657211774928492e-15
3462.3396226415093,9.352923991173755e-15
3462.490566037736,-3.3323352823517672e-15
3462.6415094339623,1.0101970923410013e-14
3462.7924528301887,-5.776422037410426e-15
3462.943396226415,1.2485371453324972e-14
3463.0943396226417,-2.848633941353869e-15
3463.245283018868,5.145017197939314e-16
3463.396226415094,1.5214092728126865e-14
3463.5471698113206,-1.4500255089354177e-14
3463.698113207547,1.8511457122639403e-14
3463.8490566037735,-4.811747630502317e-15
3464.0,3.0441906440630326e-15
3464.1509433962265,6.488348236043015e-15
3464.301886792453,1.1159348860324405e-15
3464.4528301886794,1.8810466397239565e-15
3464.603773584906,4.798664206976603e-15
3464.754716981132,4.3299365016080955e-15
3464.9056603773583,-2.388365392109086e-15
3465.056603773585,9.951458199376827e-15
3465.2075471698113,-6.667177131418318e-16
3465.3584905660377,1.5182979054702414e-16
3465.509433962264,1.2481019344691593e-14
3465.6603773584907,-9.421426867726728e-15
3465.811320754717,1.3691868220735865e-14
3465.9622641509436,-1.9329779858260045e-15
3466.1132075471696,1.1987162750243525e-15
3466.264150943396,1.0024983580285722e-14
3466.4150943396226,-5.425912277143522e-15
3466.566037735849,9.439456471003315e-15
3466.7169811320755,7.170179609912709e-16
3466.867924528302,1.4413375568524236e-15
3467.0188679245284,7.441965664556873e-15
3467.169811320755,-2.7839635368450413e-15
3467.3207547169814,8.990099093025263e-15
3467.4716981132074,-1.138686972048039e-15
3467.622641509434,4.016676967392318e-15
3467.7735849056603,4.5257967470898764e-15
3467.9245283018868,3.3177378132816406e-15
3468.0754716981132,-3.594639385180441e-15
3468.2264150943397,1.6380460981531145e-14
3468.377358490566,-1.0746597257263756e-14
3468.5283018867926,9.030196091964385e-15
3468.6792452830186,8.584414840483069e-15
3468.830188679245,-9.84204131013237e-15
3468.9811320754716,1.52192805296834e-14
3469.132075471698,-2.480453382548413e-15
3469.2830188679245,1.939710419100968e-15
3469.433962264151,6.840126451721913e-15
3469.5849056603774,8.303632630611333e-16
3469.735849056604,2.291660104758609e-15
3469.8867924528304,5.702469774779989e-15
3470.0377358490564,8.514731173207623e-16
3470.188679245283,3.2839229466679215e-15
3470.3396226415093,4.86786058614815e-15
3470.490566037736,1.1668748431642235e-15
3470.6415094339623,2.4299886362684967e-15
3470.7924528301887,7.69486912103416e-15
3470.943396226415,-3.992638623578048e-15
3471.0943396226417,8.852618654475306e-15
3471.245283018868,1.9082440275706083e-15
3471.396226415094,-6.303973643486591e-16
3471.5471698113206,9.000073059676216e-15
3471.698113207547,-1.8720664310023605e-15
3471.8490566037735,6.211545530351316e-15
3472.0,8.178359967596752e-17
3472.1509433962265,8.05191124208439e-15
3472.301886792453,-4.008425803533634e-15
3472.4528301886794,1.0632511889991212e-14
3472.603773584906,-2.925575047826688e-15
3472.754716981132,6.41928255746309e-15
3472.9056603773583,2.7179313383166865e-15
3473.056603773585,1.3844467487416105e-15
3473.2075471698113,4.7536310419110216e-15
3473.3584905660377,3.563987420077499e-15
3473.509433962264,1.0610818154863392e-15
3473.6603773584907,2.6992955419697596e-15
3473.811320754717,1.0428490583732797e-14
3473.9622641509436,-1.1630569696264305e-14
3474.1132075471696,2.011768161677841e-14
3474.264150943396,-8.953246727739478e-15
3474.4150943396226,6.649457520581787e-15
3474.566037735849,4.673484085240424e-15
3474.7169811320755,4.468902108197366e-15
3474.867924528302,-7.711155781397702e-15
3475.0188679245284,2.2982235318572555e-14
3475.169811320755,-1.8312197654704432e-14
3475.3207547169814,1.6745998646866213e-14
3475.4716981132074,1.749502406955252e-15
3475.622641509434,-5.1361653203610775e-15
3475.7735849056603,1.4578085754429487e-14
3475.9245283018868,-6.72353335165801e-15
3476.0754716981132,9.990128992974043e-15
3476.2264150943397,-1.4717729448496844e-15
3476.377358490566,6.455104228718484e-15
3476.5283018867926,-7.665614187725666e-16
3476.6792452830186,1.0299732671328975e-14
3476.830188679245,-9.228703643448234e-15
3476.9811320754716,1.924980418552763e-14
3477.132075471698,-1.282899616706287e-14
3477.2830188679245,1.5826554632242988e-14
3477.433962264151,-6.91944692836925e-15
3477.5849056603774,1.3416705966722353e-14
3477.735849056604,-8.924953399876962e-15
3477.8867924528304,1.4939661090170807e-14
3478.0377358490564,-4.973285213549278e-15
3478.188679245283,6.007485715385703e-15
3478.3396226415093,3.5260806927751616e-15
3478.490566037736,3.0993861240587075e-15
3478.6415094339623,2.480815735760275e-16
3478.7924528301887,8.55380422379526e-15
3478.943396226415,-2.0501562116716125e-15
3479.0943396226417,4.8754728228328924e-15
3479.245283018868,6.107795426144225e-15
3479.396226415094,-3.145813864691491e-15
3479.5471698113206,9.690128665007659e-15
3479.698113207547,-1.3634700861443165e-15
3479.8490566037735,5.415802762762769e-15
3480.0,1.3637577583518774e-15
3480.1509433962265,5.917170590396792e-15
3480.301886792453,-1.2116841253673254e-16
3480.4528301886794,4.43370939596029e-15
3480.603773584906,5.691940752964815e-15
3480.754716981132,-2.3422391517284827e-15
3480.9056603773583,8.042066387680725e-15
3481.056603773585,2.1361228995137524e-15
3481.2075471698113,-4.0800631060251275e-16
3481.3584905660377,9.181046564961562e-15
3481.509433962264,-2.7749878933098077e-15
3481.6603773584907,7.707065460260932e-15
3481.811320754717,-3.7414702256970914e-16
3481.9622641509436,6.166371846313087e-15
3482.1132075471696,6.773049582885829e-16
3482.264150943396,4.898984202340797e-15
3482.4150943396226,1.2221450864927959e-15
3482.566037735849,6.936960516541026e-15
3482.7169811320755,-3.2312237361795594e-15
3482.867924528302,1.0616434892831078e-14
3483.0188679245284,-3.001269493183667e-15
3483.169811320755,7.113633957444756e-15
3483.3207547169814,1.1524557515650503e-16
3483.4716981132074,6.505261461238631e-15
3483.622641509434,3.8446052008031037e-16
3483.7735849056603,2.8762436704024328e-15
3483.9245283018868,7.505163696562492e-15
3484.0754716981132,-3.021576437964686e-15
3484.2264150943397,7.075508010966036e-15
3484.377358490566,3.868622530107286e-15
3484.5283018867926,-5.868257524182932e-16
3484.6792452830186,5.099548811372416e-15
3484.830188679245,7.730027827849654e-15
3484.9811320754716,-9.003897001724448e-15
3485.132075471698,1.9100159528233993e-14
3485.2830188679245,-1.0128842212481894e-14
3485.433962264151,9.144177040662627e-15
3485.5849056603774,3.935254654628542e-15
3485.735849056604,7.938418516036128e-16
3485.8867924528304,1.5779888533690966e-15
3486.0377358490564,1.021150062329116e-14
3486.188679245283,-5.952670554325469e-15
3486.3396226415093,9.012935804380607e-15
3486.490566037736,3.750586436237026e-15
3486.6415094339623,-2.6959053861678483e-15
3486.7924528301887,9.581798163060337e-15
3486.943396226415,1.3667143447114498e-15
3487.0943396226417,-1.7128222210270792e-15
3487.245283018868,1.2004526073969247e-14
3487.396226415094,-3.873394118962651e-15
3487.5471698113206,3.866190454284413e-15
3487.698113207547,8.539274022870556e-15
3487.8490566037735,-3.238005606131582e-15
3488.0,5.0972777550241915e-15
3488.1509433962265,6.5952012138728765e-15
3488.301886792453,-9.376642551819125e-16
3488.4528301886794,2.5568300403294715e-15
3488.603773584906,9.014454727294984e-15
3488.754716981132,-3.0733646615193965e-15
3488.9056603773583,4.862449892365379e-15
3489.056603773585,6.1377479246192574e-15
3489.2075471698113,-1.8600385713742236e-18
3489.3584905660377,2.3965199857232594e-15
3489.509433962264,7.915170729296534e-15
3489.6603773584907,-2.1587240575327663e-15
3489.811320754717,6.534838885141518e-15
3489.9622641509436,8.721698319128667e-16
3490.1132075471696,7.386719669706807e-15
3490.264150943396,-4.162412537428313e-15
3490.4150943396226,1.131657831257512e-14
3490.566037735849,-1.6589934824990269e-15
3490.7169811320755,2.353476220753396e-15
3490.867924528302,8.490896355409595e-15
3491.0188679245284,-2.933600107653045e-15
3491.169811320755,6.701525568983146e-15
3491.3207547169814,3.086469956383852e-15
3491.4716981132074,2.0932269192250456e-15
3491.622641509434,1.971614706747707e-15
3491.7735849056603,8.556937183473135e-15
3491.9245283018868,-4.843887084228076e-15
3492.0754716981132,1.0124267063459351e-14
3492.2264150943397,3.790838569816007e-16
3492.377358490566,1.6399329011147522e-15
3492.5283018867926,7.06260446847698e-15
3492.6792452830186,-8.649813452442429e-16
3492.830188679245,6.446297023306132e-15
3492.9811320754716,1.161725712051613e-15
3493.132075471698,3.200436912200957e-15
3493.2830188679245,5.878278026438904e-15
3493.433962264151,-1.4458138868032102e-15
3493.5849056603774,7.451794816134491e-15
3493.735849056604,1.7045533207642728e-15
3493.8867924528304,1.0797221210656538e-15
3494.0377358490564,8.09356259196754e-15
3494.188679245283,-3.0356742605705925e-15
3494.3396226415093,9.259869888088952e-15
3494.490566037736,-1.0189696789029113e-15
3494.6415094339623,3.887770572020427e-15
3494.7924528301887,6.4786070860480486e-15
3494.943396226415,-1.7518100498393358e-15
3495.0943396226417,4.722225141559499e-15
3495.245283018868,1.0447417530349235e-14
3495.396226415094,-1.4363843859953338e-14
3495.5471698113206,2.6429474042951508e-14
3495.698113207547,-1.678151036245481e-14
3495.8490566037735,1.2185108877817397e-14
3496.0,6.949812130232853e-15
3496.1509433962265,-8.47296443963458e-15
3496.301886792453,1.5416373386486035e-14
3496.4528301886794,-4.729502276233717e-15
3496.603773584906,7.164133613472954e-15
3496.754716981132,-5.552724713508514e-16
3496.9056603773583,9.938768626893588e-15
3497.056603773585,-6.362801755291065e-15
3497.2075471698113,1.2924317183982185e-14
3497.3584905660377,-4.1039990919720905e-15
3497.509433962264,7.28439976518196e-15
3497.6603773584907,1.6869034706771724e-15
3497.811320754717,3.667274303764656e-15
3497.9622641509436,2.0151769318551144e-15
3498.1132075471696,6.207292607020138e-15
3498.264150943396,-5.853380565569167e-16
3498.4150943396226,4.767674262844268e-15
3498.566037735849,6.455477118460154e-15
3498.7169811320755,-3.88738552713271e-15
3498.867924528302,9.634012343502556e-15
3499.0188679245284,1.758104615396921e-15
3499.169811320755,-9.915156313367678e-17
3499.3207547169814,6.364121419189581e-15
3499.4716981132074,5.381358906084373e-15
3499.622641509434,-4.624162529672919e-15
3499.7735849056603,1.1817319586915057e-14
3499.9245283018868,-7.730883016522602e-16
3500.0754716981132,2.0426358223035626e-15
3500.2264150943397,4.723640672959132e-15
3500.377358490566,6.850172796662041e-15
3500.5283018867926,-6.443532491753461e-15
3500.6792452830186,1.4633094911877706e-14
3500.830188679245,-5.2443797236675984e-15
3500.9811320754716,8.844490643919254e-15
3501.132075471698,-4.8255803719537755e-15
3501.2830188679245,1.870850019172203e-14
3501.433962264151,-1.8666155135875184e-14
3501.5849056603774,2.3980169726363798e-14
3501.735849056604,-8.052317305440749e-15
3501.8867924528304,2.1884178880053137e-15
3502.0377358490564,1.2345661529336473e-14
3502.188679245283,-6.8119538202452465e-15
3502.3396226415093,9.371116127227155e-15
3502.490566037736,1.210465361919315e-15
3502.6415094339623,3.5250909760922963e-15
3502.7924528301887,2.672844616523559e-15
3502.943396226415,4.1157774209926044e-15
3503.0943396226417,2.7802029429089088e-15
3503.245283018868,3.10251589748689e-15
3503.396226415094,3.2530719588421718e-15
3503.5471698113206,3.3412056911752912e-15
3503.698113207547,4.327934487980608e-15
3503.8490566037735,-6.559604523578005e-16
3504.0,9.595459900120309e-15
3504.1509433962265,-3.0316586277784603e-15
3504.301886792453,6.342941708730378e-15
3504.4528301886794,4.398581393030918e-15
3504.603773584906,-9.32359414466231e-16
3504.754716981132,8.04656443362553e-15
3504.9056603773583,-5.709249940344976e-16
3505.056603773585,5.473287474810897e-15
3505.2075471698113,2.4627013500162112e-15
3505.3584905660377,2.9053019462246736e-15
3505.509433962264,3.554463646910885e-15
3505.6603773584907,4.6861500237776015e-15
3505.811320754717,-1.2076241917164208e-15
3505.9622641509436,9.768065262821754e-15
3506.1132075471696,-2.5327783427249756e-15
3506.264150943396,5.351963754939901e-15
3506.4150943396226,5.555420559769158e-15
3506.566037735849,-1.97219085893742e-15
3506.7169811320755,8.84719392489085e-15
3506.867924528302,-1.0582974675623055e-15
3507.0188679245284,5.788455096042358e-15
3507.169811320755,1.8804752379352653e-15
3507.3207547169814,4.335195288743917e-15
3507.4716981132074,1.3725652097870448e-15
3507.622641509434,6.3948033773832686e-15
3507.7735849056603,-5.236300253190171e-16
3507.9245283018868,5.63961317754732e-15
3508.0754716981132,3.988589183361247e-15
3508.2264150943397,-4.690420022083522e-16
3508.377358490566,7.09981219038265e-15
3508.5283018867926,3.158152196460579e-15
3508.6792452830186,-2.9734649010340427e-15
3508.830188679245,1.495744313484768e-14
3508.9811320754716,-1.0460762407524992e-14
3509.132075471698,1.523434669563143e-14
3509.2830188679245,-5.49889582383604e-15
3509.433962264151,9.234312904465767e-15
3509.5849056603774,-1.0905923629861898e-15
3509.735849056604,6.7566944817167985e-15
3509.8867924528304,-4.092896157442908e-16
3510.0377358490564,7.868012575947385e-15
3510.188679245283,-1.9560073894319066e-15
3510.3396226415093,6.826077132768561e-15
3510.490566037736,3.5035883183064814e-15
3510.6415094339623,-5.040622033660823e-16
3510.7924528301887,6.997788723443307e-15
3510.943396226415,3.2088340693820058e-15
3511.0943396226417,-9.512820715185949e-16
3511.245283018868,8.356267055076192e-15
3511.396226415094,1.348644032371861e-15
3511.5471698113206,4.160154656411873e-16
3511.698113207547,8.828322755204976e-15
3511.8490566037735,-1.851216813414083e-15
3512.0,6.021793581568339e-15
3512.1509433962265,2.2916424377241432e-15
3512.301886792453,3.898767935902413e-15
3512.4528301886794,2.102865278909909e-15
3512.603773584906,4.295886890360476e-15
3512.754716981132,3.25778607330397e-15
3512.9056603773583,2.1482330811802614e-15
3513.056603773585,4.193162031821324e-15
3513.2075471698113,3.60594730393071e-15
3513.3584905660377,2.201361853482392e-15
3513.509433962264,2.525159230793828e-15
3513.6603773584907,7.74998363092059e-15
3513.811320754717,-4.236177391123242e-15
3513.9622641509436,1.017055870357201e-14
3514.1132075471696,3.32030916761615e-16
3514.264150943396,1.5663394091695492e-15
3514.4150943396226,7.129516535047827e-15
3514.566037735849,4.0835744370854114e-17
3514.7169811320755,4.817000896891354e-15
3514.867924528302,2.365847818777629e-15
3515.0188679245284,4.140480832201439e-15
3515.169811320755,3.402471819882449e-15
3515.3207547169814,2.1745926019152598e-16
3515.4716981132074,9.35667185782679e-15
3515.622641509434,-3.5047118152574946e-15
3515.7735849056603,7.096646597779773e-15
3515.9245283018868,4.321783995529638e-15
3516.0754716981132,-1.7265392253473664e-15
3516.2264150943397,8.650452139283208e-15
3516.377358490566,1.050028087470928e-15
3516.5283018867926,8.757092507349276e-16
3516.6792452830186,8.607013194275538e-15
3516.830188679245,-2.167476530596344e-15
3516.9811320754716,6.6008561293987236e-15
3517.132075471698,2.5605921381298617e-15
3517.2830188679245,1.6762628346162961e-15
3517.433962264151,5.905314390811034e-15
3517.5849056603774,1.424227544733394e-15
3517.735849056604,2.8359918974148955e-15
3517.8867924528304,4.641235158100367e-15
3518.0377358490564,4.996091478437691e-15
3518.188679245283,-5.303634604788898e-15
3518.3396226415093,1.777365518567168e-14
3518.490566037736,-1.1607345097755893e-14
3518.6415094339623,1.24566265352819e-14
3518.7924528301887,8.380817696420745e-16
3518.943396226415,3.2451029027878274e-15
3519.0943396226417,2.803233593495768e-16
3519.245283018868,1.0441697038956075e-14
3519.396226415094,-4.5127021638135214e-15
3519.5471698113206,7.0019020505252205e-15
3519.698113207547,4.6596717007872295e-15
3519.8490566037735,-5.968868561590207e-16
3520.0,6.344901604266268e-15
3520.1509433962265,1.3368555269152853e-15
3520.301886792453,6.040974216972313e-15
3520.4528301886794,-1.9852740452512925e-15
3520.603773584906,9.653116697838493e-15
3520.754716981132,-6.628588546613822e-16
3520.9056603773583,1.3390319160265808e-15
3521.056603773585,1.14314324597376e-14
3521.2075471698113,-8.331398831891617e-15
3521.3584905660377,1.3783972086601587e-14
3521.509433962264,-2.4966430159180847e-15
3521.6603773584907,2.6257900043353717e-15
3521.811320754717,9.410829320557195e-15
3521.9622641509436,-5.732309135677992e-15
3522.1132075471696,1.1346558119137352e-14
3522.264150943396,-2.6783963633487255e-16
3522.4150943396226,-1.3604855235121635e-16
3522.566037735849,1.303877775799851e-14
3522.7169811320755,-9.163876130412776e-15
3522.867924528302,1.2960722496597622e-14
3523.0188679245284,-2.499372221548191e-16
3523.169811320755,1.4160464654835302e-15
3523.3207547169814,5.997072376162984e-15
3523.4716981132074,3.718869888961973e-15
3523.622641509434,-8.786612538576199e-16
3523.7735849056603,7.984657027091503e-15
3523.9245283018868,1.2979903571766405e-15
3524.0754716981132,1.3417527383639836e-15
3524.2264150943397,8.05790216932763e-15
3524.377358490566,-3.261577009440752e-15
3524.5283018867926,1.0768397803207918e-14
3524.6792452830186,-4.3262785211254135e-15
3524.830188679245,9.27314769311565e-15
3524.9811320754716,1.4748013390605284e-16
3525.132075471698,3.2902356901135924e-15
3525.2830188679245,5.6126084050962235e-15
3525.433962264151,-1.1129702443742461e-15
3525.5849056603774,9.500509740575678e-15
3525.735849056604,-4.011291578444569e-15
3525.8867924528304,9.405021063010997e-15
3526.0377358490564,4.828356086128497e-16
3526.188679245283,1.8136223579022493e-15
3526.3396226415093,7.706338118296541e-15
3526.490566037736,-1.9844502664997655e-15
3526.6415094339623,7.368528427476664e-15
3526.7924528301887,9.902182615909408e-16
3526.943396226415,4.058595958993312e-15
3527.0943396226417,2.7568629738077167e-15
3527.245283018868,4.6670058456472754e-15
3527.396226415094,3.510700078530081e-16
3527.5471698113206,6.850946489831187e-15
3527.698113207547,8.067663559262452e-16
3527.8490566037735,3.1755447864852967e-15
3528.0,4.736342878750236e-15
3528.1509433962265,3.916061618943591e-15
3528.301886792453,-2.6311593593180673e-15
3528.4528301886794,1.3208909916432312e-14
3528.603773584906,-5.1392813425324225e-15
3528.754716981132,4.094208525824427e-15
3528.9056603773583,1.1052479302895924e-14
3529.056603773585,-8.03830477076698e-15
3529.2075471698113,1.0165321000857868e-14
3529.3584905660377,5.565975049942438e-15
3529.509433962264,-6.8898096951998255e-15
3529.6603773584907,1.50927208767608e-14
3529.811320754717,-4.61679801960932e-15
3529.9622641509436,6.049630836033038e-15
3530.1132075471696,2.268083311845274e-15
3530.264150943396,5.910844769087389e-15
3530.4150943396226,-1.1139727835421037e-15
3530.566037735849,5.665741494638362e-15
3530.7169811320755,6.635590828018223e-15
3530.867924528302,-6.253422359246672e-15
3531.0188679245284,1.487697035766332e-14
3531.169811320755,-5.283709716952038e-15
3531.3207547169814,6.122047896633328e-15
3531.4716981132074,4.742861344890051e-15
3531.622641509434,1.0135220092853569e-17
3531.7735849056603,7.227926299044395e-15
3531.9245283018868,-2.3860215920010926e-15
3532.0754716981132,1.0955358205134657e-14
3532.2264150943397,-4.651317223871737e-15
3532.377358490566,7.950509050259095e-15
3532.5283018867926,3.882587952172275e-15
3532.6792452830186,-1.697818844665146e-15
3532.830188679245,8.633189859670622e-15
3532.9811320754716,1.4431227880121407e-15
3533.132075471698,1.7016714735233392e-16
3533.2830188679245,8.860557608591487e-15
3533.433962264151,-1.065438314182187e-15
3533.5849056603774,3.966512618877456e-15
3533.735849056604,5.669043952550469e-15
3533.8867924528304,-9.469822667247941e-16
3534.0377358490564,8.89039693415459e-15
3534.188679245283,-4.3584715512462595e-15
3534.3396226415093,1.2011280620523525e-14
3534.490566037736,-3.89130437530081e-15
3534.6415094339623,5.893742683483153e-15
3534.7924528301887,5.2118892726603945e-15
3534.943396226415,-6.157869158901877e-16
3535.0943396226417,6.177015928099627e-15
3535.245283018868,1.2540939861893736e-15
3535.396226415094,6.724367742108188e-15
3535.5471698113206,-3.626912183557224e-15
3535.698113207547,1.1982844878808144e-14
3535.8490566037735,-2.6753801447797635e-15
3536.0,1.7406993881884746e-15
3536.1509433962265,1.250099977222807e-14
3536.301886792453,-8.621270868241981e-15
3536.4528301886794,1.0315568342942543e-14
3536.603773584906,4.841230110464601e-15
3536.754716981132,-4.7254453304179736e-15
3536.9056603773583,1.1938512566047446e-14
3537.056603773585,-2.714372778919464e-15
3537.2075471698113,7.074900365286486e-15
3537.3584905660377,-2.561389864265681e-16
3537.509433962264,5.5198484271000245e-15
3537.6603773584907,5.382573265940388e-15
3537.811320754717,-5.161042651272035e-15
3537.9622641509436,1.5269603167621592e-14
3538.1132075471696,-6.378253649696078e-15
3538.264150943396,5.0729410364029155e-15
3538.4150943396226,9.863056523143535e-15
3538.566037735849,-7.409955931102244e-15
3538.7169811320755,1.1504533136254819e-14
3538.867924528302,1.2553095764631454e-15
3539.0188679245284,-4.814410243451142e-16
3539.169811320755,8.99370832214548e-15
3539.3207547169814,-1.2787354468155708e-15
3539.4716981132074,5.724209945484353e-15
3539.622641509434,1.44139041820011e-15
3539.7735849056603,5.5407665003586905e-15
3539.9245283018868,6.992818104992281e-16
3540.0754716981132,4.802256515348375e-15
3540.2264150943397,2.6906152848135204e-15
3540.377358490566,4.516577049420348e-15
3540.5283018867926,-8.673621520692498e-16
3540.6792452830186,1.0057704584182194e-14
3540.830188679245,-3.633193074164093e-15
3540.9811320754716,6.764045163625327e-15
3541.132075471698,4.4831527586034304e-15
3541.2830188679245,-1.6609634088464081e-15
3541.433962264151,9.145626610986733e-15
3541.5849056603774,-1.420234290728315e-15
3541.735849056604,5.492901817707554e-15
3541.8867924528304,3.004881580142777e-15
3542.0377358490564,3.0924704454773183e-15
3542.188679245283,1.2927484210950143e-15
3542.3396226415093,8.745127651663181e-15
3542.490566037736,-5.0454263979972e-15
3542.6415094339623,1.1112110912009426e-14
3542.7924528301887,-8.602808846993364e-16
3542.943396226415,2.0310746505705007e-15
3543.0943396226417,8.19670006449762e-15
3543.245283018868,-1.9233418260030555e-15
3543.396226415094,4.914667377984018e-15
3543.5471698113206,6.267687934966543e-15
3543.698113207547,-2.6678446997191264e-15
3543.8490566037735,8.206787073507637e-15
3544.0,2.0314799591559583e-15
3544.1509433962265,2.467597562842974e-16
3544.301886792453,8.592271470264719e-15
3544.4528301886794,-2.4446270690154675e-15
3544.603773584906,7.85638933419052e-15
3544.754716981132,1.2772974373943733e-16
3544.9056603773583,4.648533319196068e-15
3545.056603773585,2.7799255276656626e-15
3545.2075471698113,4.372702760402712e-15
3545.3584905660377,-6.505609730806669e-16
3545.509433962264,1.0270736765054128e-14
3545.6603773584907,-4.866909888860914e-15
3545.811320754717,8.119896353964079e-15
3545.9622641509436,5.182790567719207e-15
3546.1132075471696,-6.002629668549364e-15
3546.264150943396,1.5685504694304944e-14
3546.4150943396226,-6.376823009091576e-15
3546.566037735849,5.801310850915409e-15
3546.7169811320755,6.596840499681588e-15
3546.867924528302,-9.885672584873648e-16
3547.0188679245284,3.3388743159021316e-15
3547.169811320755,7.667339132158254e-15
3547.3207547169814,-1.9876474796152054e-15
3547.4716981132074,4.5913829410858895e-15
3547.622641509434,7.093161204461965e-15
3547.7735849056603,-3.749320345203893e-15
3547.9245283018868,9.789177299436689e-15
3548.0754716981132,-1.1195950938042162e-15
3548.2264150943397,5.6848506146341886e-15
3548.377358490566,1.0914417624845534e-15
3548.5283018867926,5.839566810894989e-15
3548.6792452830186,2.3116491819887514e-16
3548.830188679245,5.892049333388636e-15
3548.9811320754716,9.559507813549459e-16
3549.132075471698,5.411569302525555e-15
3549.2830188679245,6.344348650281349e-16
3549.433962264151,5.885590063355619e-15
3549.5849056603774,1.0496108294821871e-15
3549.735849056604,4.658692578652411e-15
3549.8867924528304,1.352168545020023e-15
3550.0377358490564,6.9796131695495494e-15
3550.188679245283,-2.800662342636824e-15
3550.3396226415093,9.771524561583882e-15
3550.490566037736,-2.164935980998245e-15
3550.6415094339623,7.453403968650582e-15
3550.7924528301887,-1.3993624571509453e-15
3550.943396226415,7.91252155803545e-15
3551.0943396226417,1.48423049285507e-15
3551.245283018868,-1.2974088565720222e-15
3551.396226415094,1.2856184317268423e-14
3551.5471698113206,-6.1081486009473824e-15
3551.698113207547,6.646315170658145e-15
3551.8490566037735,6.415816648775303e-15
3552.0,-3.2820895987744392e-15
3552.1509433962265,9.221568650947265e-15
3552.301886792453,-1.0459620143818695e-15
3552.4528301886794,5.306963204378681e-15
3552.603773584906,4.409150236160851e-15
3552.754716981132,-2.814106326576217e-15
3552.9056603773583,1.3251754598951815e-14
3553.056603773585,-7.801624256832173e-15
3553.2075471698113,1.1948486419028657e-14
3553.3584905660377,-2.6100096722360085e-15
3553.509433962264,7.366103290017597e-15
3553.6603773584907,-5.931686579911988e-16
3553.811320754717,5.7531005652709085e-15
3553.9622641509436,4.102983981179607e-15
3554.1132075471696,-2.806135742777246e-15
3554.264150943396,1.3110780588132536e-14
3554.4150943396226,-6.8531749443554864e-15
3554.566037735849,8.49014524196356e-15
3554.7169811320755,5.718138703520835e-15
3554.867924528302,-6.615364462220759e-15
3555.0188679245284,1.5735300402538433e-14
3555.169811320755,-6.2525231936220054e-15
3555.3207547169814,5.925954490715048e-15
3555.4716981132074,5.802689121168292e-15
3555.622641509434,3.475403029472444e-17
3555.7735849056603,2.5098255633175443e-15
3555.9245283018868,7.874073873405204e-15
3556.0754716981132,-2.0813720461269412e-15
3556.2264150943397,5.163867862042534e-15
3556.377358490566,5.481339377291058e-15
3556.5283018867926,-1.766263934456442e-15
3556.6792452830186,8.479418312918365e-15
3556.830188679245,-1.3444888874267831e-15
3556.9811320754716,6.286478169069225e-15
3557.132075471698,2.3332229311064515e-15
3557.2830188679245,9.480863768073137e-16
3557.433962264151,7.559936899433555e-15
3557.5849056603774,-6.797561759997329e-16
3557.735849056604,3.5760571648662436e-15
3557.8867924528304,6.971931869476361e-15
3558.0377358490564,-3.210939927717389e-15
3558.188679245283,9.532856621418768e-15
3558.3396226415093,-1.7523656746259051e-15
3558.490566037736,6.7528304127105865e-15
3558.6415094339623,1.7623530304335844e-17
3558.7924528301887,6.209895850982239e-15
3558.943396226415,4.38536265841792e-16
3559.0943396226417,5.3986820441129464e-15
3559.245283018868,7.349858472130459e-16
3559.396226415094,6.589567632469272e-15
3559.5471698113206,-1.05054794540317e-15
3559.698113207547,6.311543103905808e-15
3559.8490566037735,2.896877710768761e-15
3560.0,5.912209715303102e-16
3560.1509433962265,5.835306839864995e-15
3560.301886792453,4.015869660917559e-15
3560.4528301886794,-3.62913883753584e-15
3560.603773584906,1.549280188326241e-14
3560.754716981132,-1.2324809695123754e-14
3560.9056603773583,1.8851319148880736e-14
3561.056603773585,-1.0969988723891416e-14
3561.2075471698113,1.5035511963253094e-14
3561.3584905660377,-6.331085262828684e-15
3561.509433962264,9.748015772528823e-15
3561.6603773584907,-4.147762474936663e-16
3561.811320754717,4.681455216071147e-15
3561.9622641509436,1.391520880748686e-15
3562.1132075471696,6.3567037489898575e-15
3562.264150943396,4.3523603443851077e-16
3562.4150943396226,4.665685790342688e-16
3562.566037735849,1.4747257708168388e-14
3562.7169811320755,-1.5425839450233938e-14
3562.867924528302,2.1105358120840756e-14
3563.0188679245284,-6.453404068252063e-15
3563.169811320755,2.0733338320984467e-15
3563.3207547169814,9.992562541781296e-15
3563.4716981132074,-1.3601883053129258e-15
3563.622641509434,-6.878237128446691e-16
3563.7735849056603,1.5360960691383557e-14
3563.9245283018868,-1.2469776107175022e-14
3564.0754716981132,1.5584665439735957e-14
3564.2264150943397,-2.462835077008421e-15
3564.377358490566,2.581076499552997e-15
3564.5283018867926,5.91602405449621e-15
3564.6792452830186,1.9210727127011e-15
3564.830188679245,1.3326445558920162e-15
3564.9811320754716,6.421866478626008e-15
3565.132075471698,9.092882160615462e-16
3565.2830188679245,2.9011211361483984e-15
3565.433962264151,4.217536416879132e-15
3565.5849056603774,4.559787461338926e-15
3565.735849056604,-3.184770828918019e-15
3565.8867924528304,1.2756066661928046e-14
3566.0377358490564,-5.160533923945544e-15
3566.188679245283,5.8112121959454005e-15
3566.3396226415093,5.869321067562023e-15
3566.490566037736,-7.495097643084051e-16
3566.6415094339623,3.3370485840867554e-15
3566.7924528301887,7.432999130851963e-15
3566.943396226415,-2.5023076292075922e-15
3567.0943396226417,5.665712951153915e-15
3567.245283018868,5.466158246682061e-15
3567.396226415094,-2.9098668799881117e-15
3567.5471698113206,9.925358942708411e-15
3567.698113207547,-2.0000755438312497e-15
3567.8490566037735,5.00093317838692e-15
3568.0,4.536717116695318e-15
3568.1509433962265,-4.793839071272821e-16
3568.301886792453,6.421117893155254e-15
3568.4528301886794,2.8049173185028776e-15
3568.603773584906,-1.6741429361453326e-15
3568.754716981132,1.2959233389718441e-14
3568.9056603773583,-9.701755730377958e-15
3569.056603773585,1.529474176928385e-14
3569.2075471698113,-5.3007576386559295e-15
3569.3584905660377,5.935925355328902e-15
3569.509433962264,5.270008969104249e-15
3569.6603773584907,-1.1376776506349877e-15
3569.811320754717,4.497618893144446e-15
3569.9622641509436,8.58316609556218e-15
3570.1132075471696,-9.402709734861766e-15
3570.264150943396,1.7497027647019227e-14
3570.4150943396226,-6.21386194891083e-15
3570.566037735849,3.1922643023072197e-15
3570.7169811320755,1.0450383646195803e-14
3570.867924528302,-6.257327315961302e-15
3571.0188679245284,9.470137163824794e-15
3571.169811320755,5.931139712579692e-16
3571.3207547169814,4.127924112121721e-15
3571.4716981132074,6.60955365256851e-16
3571.622641509434,6.800471181679848e-15
3571.7735849056603,8.536732904984323e-16
3571.9245283018868,1.0743077062439864e-15
3572.0754716981132,8.715282887224945e-15
3572.2264150943397,-2.4623088472657337e-15
3572.377358490566,4.450280130205341e-15
3572.5283018867926,6.893720551177997e-15
3572.6792452830186,-3.7353242353191764e-15
3572.830188679245,9.440599879325306e-15
3572.9811320754716,-1.0314162664211948e-15
3573.132075471698,5.230470119447597e-15
3573.2830188679245,1.2710598071412679e-15
3573.433962264151,5.476409341540194e-15
3573.5849056603774,1.0172740957848018e-16
3573.735849056604,5.754372125781404e-15
3573.8867924528304,1.1019581307853988e-15
3574.0377358490564,4.407253037108242e-15
3574.188679245283,1.6855654965161253e-15
3574.3396226415093,4.821057878003673e-15
3574.490566037736,9.279635122722306e-16
3574.6415094339623,5.071534831168928e-15
3574.7924528301887,1.4421750045704907e-15
3574.943396226415,4.24043780214757e-15
3575.0943396226417,1.863491205627838e-15
3575.245283018868,4.561111199595038e-15
3575.396226415094,1.103644940317454e-15
3575.5471698113206,5.0423648987557716e-15
3575.698113207547,1.3972512702273597e-15
3575.8490566037735,4.134792517960916e-15
3576.0,2.0928690592635843e-15
3576.1509433962265,4.476202756428174e-15
3576.301886792453,6.806913903424605e-16
3576.4528301886794,5.8250265772721195e-15
3576.603773584906,9.103465790704674e-16
3576.754716981132,3.683016830146534e-15
3576.9056603773583,2.9788649129839393e-15
3577.056603773585,4.74732390933277e-15
3577.2075471698113,-2.206443194013914e-15
3577.3584905660377,1.1000992987950495e-14
3577.509433962264,-4.482376566415209e-15
3577.6603773584907,6.650260630295227e-15
3577.811320754717,4.2418076392299785e-15
3577.9622641509436,-1.25647782284329e-15
3578.1132075471696,7.363836323849903e-15
3578.264150943396,5.481260189562118e-16
3578.4150943396226,3.4685309874990267e-15
3578.566037735849,3.335367566351157e-15
3578.7169811320755,3.2320805380924363e-15
3578.867924528302,1.6849397047815068e-15
3579.0188679245284,4.816076034285673e-15
3579.169811320755,1.977906687180055e-15
3579.3207547169814,2.3757695925542204e-15
3579.4716981132074,4.4997023712144e-15
3579.622641509434,2.909378182760444e-15
3579.7735849056603,-3.224837988408361e-16
3579.9245283018868,9.277641528712173e-15
3580.0754716981132,-3.1491696549404717e-15
3580.2264150943397,5.2968865105236165e-15
3580.377358490566,6.098282201913907e-15
3580.5283018867926,-3.9312304859595835e-15
3580.6792452830186,1.0133637343252931e-14
3580.830188679245,-1.400779491345345e-15
3580.9811320754716,4.356277879781792e-15
3581.132075471698,1.979694769896459e-15
3581.2830188679245,7.023803599612933e-15
3581.433962264151,-5.454494762946073e-15
3581.5849056603774,1.352833794841594e-14
3581.735849056604,-4.658468142656915e-15
3581.8867924528304,2.9304221238348536e-15
3582.0377358490564,1.1474104767546314e-14
3582.188679245283,-9.07938830150704e-15
3582.3396226415093,1.0451076095854123e-14
3582.490566037736,5.648468398284156e-15
3582.6415094339623,-8.494905133080701e-15
3582.7924528301887,1.5819478377008458e-14
3582.943396226415,-3.878879990247356e-15
3583.0943396226417,2.245876883326968e-15
3583.245283018868,6.361188145051782e-15
3583.396226415094,3.1267600728831662e-15
3583.5471698113206,-2.7236516809665843e-15
3583.698113207547,1.0505887813524026e-14
3583.8490566037735,-9.393430452399441e-16
3584.0,5.105409245879536e-16
3584.1509433962265,9.827993657161745e-15
3584.301886792453,-3.924692217915932e-15
3584.4528301886794,6.314557876863281e-15
3584.603773584906,3.356250154124105e-15
3584.754716981132,1.6174475597132989e-15
3584.9056603773583,1.4854934703030527e-15
3585.056603773585,8.724527138173863e-15
3585.2075471698113,-5.1534252118387155e-15
3585.3584905660377,9.240342015736202e-15
3585.509433962264,1.4035609218348898e-15
3585.6603773584907,-1.0708462167090702e-16
3585.811320754717,7.95275605061365e-15
3585.9622641509436,-1.6063526470689795e-15
3586.1132075471696,6.34022351147493e-15
3586.264150943396,-1.95369106994649e-17
3586.4150943396226,5.763848466307709e-15
3586.566037735849,7.217895840049204e-16
3586.7169811320755,4.241626274689168e-15
3586.867924528302,1.270584159490609e-15
3587.0188679245284,6.9713560989452666e-15
3587.169811320755,-4.4004923308292366e-15
3587.3207547169814,1.1668386452217517e-14
3587.4716981132074,-3.3130273529228312e-15
3587.622641509434,2.9898089962742917e-15
3587.7735849056603,9.62694232505897e-15
3587.9245283018868,-7.392355365273386e-15
3588.0754716981132,1.1363734419977842e-14
3588.2264150943397,9.108395774814528e-16
3588.377358490566,-2.745168669745711e-15
3588.5283018867926,1.341219378885696e-14
3588.6792452830186,-7.835882504416655e-15
3588.830188679245,1.0833852073168968e-14
3588.9811320754716,-2.578865839256721e-15
3589.132075471698,7.970751849600133e-15
3589.2830188679245,-2.339396660829196e-15
3589.433962264151,6.406112801630906e-15
3589.5849056603774,2.875872976487358e-15
3589.735849056604,5.274402811867313e-16
3589.8867924528304,4.1607291332564346e-15
3590.0377358490564,5.029813182339025e-15
3590.188679245283,-1.3067319716156087e-15
3590.3396226415093,5.111959011681701e-15
3590.490566037736,5.7027157586503825e-15
3590.6415094339623,-4.4023516452253286e-15
3590.7924528301887,1.0557342710499743e-14
3590.943396226415,-7.192531486031639e-16
3591.0943396226417,9.585704370706544e-16
3591.245283018868,7.60929614528615e-15
3591.396226415094,-2.6915392352869284e-16
3591.5471698113206,1.881057297966667e-15
3591.698113207547,7.22029264153668e-15
3591.8490566037735,-2.8064577722672745e-15
3592.0,9.183728085955797e-15
3592.1509433962265,-4.989067108809718e-15
3592.301886792453,1.2417078585272481e-14
3592.4528301886794,-6.280126003958169e-15
3592.603773584906,8.302994271608052e-15
3592.754716981132,2.7182004308381464e-15
3592.9056603773583,-7.860726088599185e-16
3593.056603773585,6.771200108966519e-15
3593.2075471698113,1.3410788347300487e-15
3593.3584905660377,1.8850058557829805e-15
3593.509433962264,4.155345693304013e-15
3593.6603773584907,3.246081252460373e-15
3593.811320754717,7.438327607815096e-16
3593.9622641509436,4.4876449783540894e-15
3594.1132075471696,3.7157100911254566e-15
3594.264150943396,-1.283846031661612e-17
3594.4150943396226,4.271240987800356e-15
3594.566037735849,6.027571901083932e-15
3594.7169811320755,-4.520321002932469e-15
3594.867924528302,9.702729414216195e-15
3595.0188679245284,1.650842837763484e-15
3595.169811320755,-3.0086016734452984e-15
3595.3207547169814,1.1760081507776128e-14
3595.4716981132074,-3.4875739490725876e-15
3595.622641509434,4.303861250350664e-15
3595.7735849056603,2.396650431492519e-15
3595.9245283018868,8.534582224376153e-15
3596.0754716981132,-1.0761894459419507e-14
3596.2264150943397,1.961890122927796e-14
3596.377358490566,-8.642611271256217e-15
3596.5283018867926,3.370141803186602e-15
3596.6792452830186,1.1178668852887353e-14
3596.830188679245,-7.087966787211592e-15
3596.9811320754716,7.8307482581789e-15
3597.132075471698,2.764003188019297e-15
3597.2830188679245,3.2248767820489635e-15
3597.433962264151,-2.9210020023335334e-15
3597.5849056603774,1.2628373230158597e-14
3597.735849056604,-4.42650527778927e-15
3597.8867924528304,1.4175216401000703e-15
3598.0377358490564,1.2239917616075301e-14
3598.188679245283,-8.454773189886983e-15
3598.3396226415093,9.853730200261352e-15
3598.490566037736,4.064627647870245e-16
3598.6415094339623,4.580214280559896e-15
3598.7924528301887,-1.9831698799543406e-15
3598.943396226415,9.473143595777545e-15
3599.0943396226417,-1.2215191934086178e-15
3599.245283018868,2.0633841888887717e-16
3599.396226415094,1.1635765438341654e-14
3599.5471698113206,-8.484248524509198e-15
3599.698113207547,1.2106876216816264e-14
3599.8490566037735,-2.887525717537867e-15
3600.0,5.893066496895189e-15
3600.1509433962265,-2.0121124053675693e-16
3600.301886792453,7.015863705490689e-15
3600.4528301886794,-2.551370167681504e-15
3600.603773584906,7.818545906060111e-15
3600.754716981132,-9.947406593707767e-16
3600.9056603773583,5.175923060662039e-15
3601.056603773585,6.46729616730209e-16
3601.2075471698113,5.754630080770228e-15
3601.3584905660377,-1.7197628095701807e-15
3601.509433962264,8.057423411858204e-15
3601.6603773584907,-1.9640843678912156e-15
3601.811320754717,5.5793695090360876e-15
3601.9622641509436,1.4986379067651974e-15
3602.1132075471696,4.634618425453008e-15
3602.264150943396,-2.6653180981082355e-15
3602.4150943396226,1.2294722722709809e-14
3602.566037735849,-8.106336718382194e-15
3602.7169811320755,1.0454761622484385e-14
3602.867924528302,-2.1270346142382015e-16
3603.0188679245284,3.7125451975950234e-15
3603.169811320755,-7.429339977538558e-16
3603.3207547169814,9.734936387784343e-15
3603.4716981132074,-4.0745655999724446e-15
3603.622641509434,4.521726830292637e-15
3603.7735849056603,6.176430160169808e-15
3603.9245283018868,-8.346575585464006e-16
3604.0754716981132,7.037535170415667e-16
3604.2264150943397,1.0134414398126738e-14
3604.377358490566,-3.687108360694315e-15
3604.5283018867926,1.4530575660252835e-15
3604.6792452830186,1.1476821367147558e-14
3604.830188679245,-6.5208196742048055e-15
3604.9811320754716,4.899354439058648e-15
3605.132075471698,8.874397986080882e-15
3605.2830188679245,-7.264201288618659e-15
3605.433962264151,1.1199394381845206e-14
3605.5849056603774,-2.7527553332956907e-15
3605.735849056604,6.263373537779533e-15
3605.8867924528304,2.1832079769085163e-16
3606.0377358490564,3.0916176035487405e-15
3606.188679245283,4.9432793389064316e-15
3606.3396226415093,-5.735377085188034e-16
3606.490566037736,3.832220550540256e-15
3606.6415094339623,5.1225699313593745e-15
3606.7924528301887,-1.714664354262554e-15
3606.943396226415,5.452188757214732e-15
3607.0943396226417,4.079972265010632e-15
3607.245283018868,-2.889102901480077e-15
3607.396226415094,9.865136018936922e-15
3607.5471698113206,-2.749746823782243e-15
3607.698113207547,3.752777154428168e-15
3607.8490566037735,5.874568467447153e-15
3608.0,-2.217810672424758e-15
3608.1509433962265,5.685202871545472e-15
3608.301886792453,3.1867043404893816e-15
3608.4528301886794,-6.643769821562403e-16
3608.603773584906,7.182775794380546e-15
3608.754716981132,-2.9340532227646646e-15
3608.9056603773583,1.0167062814146773e-14
3609.056603773585,-6.6704215910019154e-15
3609.2075471698113,1.1199017523058989e-14
3609.3584905660377,-1.8038913008105585e-15
3609.509433962264,1.5553921143229535e-15
3609.6603773584907,7.263815150405044e-15
3609.811320754717,-1.796644450671989e-15
3609.9622641509436,4.247234592737353e-15
3610.1132075471696,3.2909807427191065e-15
3610.264150943396,2.4653400982124648e-15
3610.4150943396226,7.427544652258836e-17
3610.566037735849,6.8049251396709046e-15
3610.7169811320755,6.01006771608886e-16
3610.867924528302,-4.300417261425388e-16
3611.0188679245284,8.972929496039833e-15
3611.169811320755,-1.3133298400555266e-15
3611.3207547169814,-8.867831016916346e-16
3611.4716981132074,1.3296439592579758e-14
3611.622641509434,-1.0474777551794889e-14
3611.7735849056603,1.3043584813953714e-14
3611.9245283018868,-3.602458749875181e-15
3612.0754716981132,6.170742870196879e-15
3612.2264150943397,-7.88288739777704e-16
3612.377358490566,6.806096868794488e-15
3612.5283018867926,-1.617445132433474e-15
3612.6792452830186,5.166995984482458e-15
3612.830188679245,2.046331381337456e-15
3612.9811320754716,2.6068428939092967e-15
3613.132075471698,1.093754184860896e-15
3613.2830188679245,5.363690972181266e-15
3613.433962264151,1.1398580174028797e-15
3613.5849056603774,2.192568579337113e-16
3613.735849056604,7.859729163349777e-15
3613.8867924528304,-1.8301884571857586e-15
3614.0377358490564,2.7732879251540615e-15
3614.188679245283,5.823657282617701e-15
3614.3396226415093,6.018239196091006e-16
3614.490566037736,-2.007080128550917e-15
3614.6415094339623,1.4674427477571284e-14
3614.7924528301887,-1.2309161882062784e-14
3614.943396226415,1.2684418100079977e-14
3615.0943396226417,1.4497779298237803e-15
3615.245283018868,-3.4615983236045654e-15
3615.396226415094,9.969644436403302e-15
3615.5471698113206,-2.1183492555684977e-15
3615.698113207547,4.2401646834098866e-15
3615.8490566037735,1.9681763480611726e-15
3616.0,2.4718126326541436e-15
3616.1509433962265,4.663603836148194e-15
3616.301886792453,-2.8520664265072995e-15
3616.4528301886794,1.0037778217582002e-14
3616.603773584906,-4.5040523881717374e-15
3616.754716981132,7.711591983279143e-15
3616.9056603773583,-2.233563489896575e-15
3617.056603773585,9.306332298130035e-15
3617.2075471698113,-6.843329118825165e-15
3617.3584905660377,1.1924291912781435e-14
3617.509433962264,-3.4249999782269577e-15
3617.6603773584907,3.3809708378639375e-15
3617.811320754717,5.197582083401925e-15
3617.9622641509436,-6.781351116824051e-16
3618.1132075471696,3.880047041753867e-15
3618.264150943396,3.1626208950888048e-15
3618.4150943396226,1.0186820708513263e-15
3618.566037735849,3.482052591232286e-15
3618.7169811320755,2.3322180786103034e-15
3618.867924528302,2.3820997127009097e-15
3619.0188679245284,2.1071299755935776e-15
3619.169811320755,3.554548289475288e-15
3619.3207547169814,1.1502321644592254e-15
3619.4716981132074,3.4428349767730373e-15
3619.622641509434,2.087094294396769e-15
3619.7735849056603,2.6675680002805927e-15
3619.9245283018868,1.869221151305808e-15
3620.0754716981132,3.6563410656877096e-15
3620.2264150943397,1.1986318062554816e-15
3620.377358490566,3.0440785849958267e-15
3620.5283018867926,2.7217285491734513e-15
3620.6792452830186,2.218005755210574e-15
3620.830188679245,1.5194795736430286e-15
3620.9811320754716,4.526128570243818e-15
3621.132075471698,1.0559382270036506e-15
3621.2830188679245,8.96274179356033e-16
3621.433962264151,7.424043417629964e-15
3621.5849056603774,-3.5525567328140235e-15
3621.735849056604,5.2398223904519064e-15
3621.8867924528304,6.1623959611982805e-15
3622.0377358490564,-7.804764775061333e-15
3622.188679245283,1.5499840406319136e-14
3622.3396226415093,-8.31311277218725e-15
3622.490566037736,7.474138777110546e-15
3622.6415094339623,2.8805809984391478e-15
3622.7924528301887,-6.247169202647901e-16
3622.943396226415,4.915879935580298e-15
3623.0943396226417,1.889998574638304e-15
3623.245283018868,1.4791084213573413e-15
3623.396226415094,3.557793343365142e-15
3623.5471698113206,1.8380540545270475e-15
3623.698113207547,2.5030160458269078e-15
3623.8490566037735,2.1859557673170826e-15
3624.0,3.2791079571948593e-15
3624.1509433962265,7.462166753838107e-16
3624.301886792453,4.486258177751029e-15
3624.4528301886794,5.227669989030086e-16
3624.603773584906,3.4717528299438977e-15
3624.754716981132,2.0038001162935784e-15
3624.9056603773583,3.256545114679417e-15
3625.056603773585,-5.663100897444479e-16
3625.2075471698113,7.92714455431422e-15
3625.3584905660377,-4.437657741793804e-15
3625.509433962264,8.48099551056511e-15
3625.6603773584907,-2.0853684608533086e-15
3625.811320754717,5.49615386341749e-15
3625.9622641509436,2.7833946538210504e-16
3626.1132075471696,3.139026391667233e-15
3626.264150943396,2.985225442679061e-15
3626.4150943396226,1.2588468684859473e-15
3626.566037735849,2.7070381340008152e-15
3626.7169811320755,2.7478320775326024e-15
3626.867924528302,3.320262636270585e-15
3627.0188679245284,-2.9583044619540652e-15
3627.169811320755,1.3332403243251323e-14
3627.3207547169814,-1.2180983661134926e-14
3627.4716981132074,1.55572824702845e-14
3627.622641509434,-4.9614666073225536e-15
3627.7735849056603,2.5492213172713374e-15
3627.9245283018868,6.010764561308869e-15
3628.0754716981132,1.9261084448044236e-16
3628.2264150943397,-7.58148370307474e-16
3628.377358490566,9.970535490347967e-15
3628.5283018867926,-5.556667204298848e-15
3628.6792452830186,5.9151824652386284e-15
3628.830188679245,4.583031717873109e-15
3628.9811320754716,-3.7451234756412506e-15
3629.132075471698,8.357379782655363e-15
3629.2830188679245,-7.267420023735269e-16
3629.433962264151,1.967529741886946e-15
3629.5849056603774,3.655973415770362e-15
3629.735849056604,3.397901547164535e-15
3629.8867924528304,-3.0238097264725053e-15
3630.0377358490564,1.0254158012375484e-14
3630.188679245283,-4.241871143124438e-15
3630.3396226415093,4.023207114741008e-15
3630.490566037736,5.592095555036855e-15
3630.6415094339623,-3.3169551622901143e-15
3630.7924528301887,7.085745730222311e-15
3630.943396226415,-5.998964451760088e-16
3631.0943396226417,4.332192612366107e-15
3631.245283018868,-3.9576775297760877e-16
3631.396226415094,5.5989911931838415e-15
3631.5471698113206,-3.9146607564013464e-16
3631.698113207547,3.5263705298094156e-15
3631.8490566037735,1.1343126180887425e-15
3632.0,5.841412472422506e-15
3632.1509433962265,-5.153548410656811e-15
3632.301886792453,1.1818694197239104e-14
3632.4528301886794,-4.972534373064073e-15
3632.603773584906,2.627249678012972e-15
3632.754716981132,9.791543172579798e-15
3632.9056603773583,-9.043103246244082e-15
3633.056603773585,9.931467812453699e-15
3633.2075471698113,3.90387937082736e-15
3633.3584905660377,-8.870387817983999e-15
3633.509433962264,1.749678094525351e-14
3633.6603773584907,-1.0696127869936143e-14
3633.811320754717,9.845421312513129e-15
3633.9622641509436,-1.6401379778638777e-15
3634.1132075471696,5.40287514133926e-15
3634.264150943396,-6.345175978263504e-16
3634.4150943396226,1.417279273296812e-15
3634.566037735849,1.0814590884192026e-14
3634.7169811320755,-1.4833226615482514e-14
3634.867924528302,2.3313314477885487e-14
3635.0188679245284,-1.5914138290512687e-14
3635.169811320755,1.2202262082407819e-14
3635.3207547169814,7.938180269609777e-16
3635.4716981132074,-1.422342335888359e-15
3635.622641509434,6.522826274244995e-15
3635.7735849056603,-4.1791780455423526e-16
3635.9245283018868,3.0872827244355892e-15
3636.0754716981132,2.0808030735035017e-15
3636.2264150943397,2.0868436578219487e-15
3636.377358490566,2.4318491087855065e-15
3636.5283018867926,2.038919156291732e-15
3636.6792452830186,1.8047757834580898e-15
3636.830188679245,2.7896134151458775e-15
3636.9811320754716,2.8029920254397452e-15
3637.132075471698,-1.1833745275718596e-15
3637.2830188679245,7.986515657460097e-15
3637.433962264151,-3.628495531852884e-15
3637.5849056603774,4.9051100132199714e-15
3637.735849056604,3.945714100738501e-15
3637.8867924528304,-3.223405373456707e-15
3638.0377358490564,8.735493409855485e-15
3638.188679245283,-3.183545938721072e-15
3638.3396226415093,4.883164168377301e-15
3638.490566037736,1.771372030223687e-15
3638.6415094339623,2.1749449190782307e-15
3638.7924528301887,-3.0562910010490993e-16
3638.943396226415,8.500920105139729e-15
3639.0943396226417,-6.691851144659229e-15
3639.245283018868,9.737772314494461e-15
3639.396226415094,-1.0056163098482504e-15
3639.5471698113206,4.757691243881301e-16
3639.698113207547,6.101930863934223e-15
3639.8490566037735,-1.172989962892612e-15
3640.0,3.498560110749743e-15
3640.1509433962265,1.881785707034194e-15
3640.301886792453,2.5440575927888223e-15
3640.4528301886794,1.2230476994849108e-15
3640.603773584906,2.5867653578082987e-15
3640.754716981132,2.8269386417631802e-15
3640.9056603773583,7.339808160051169e-16
3641.056603773585,2.66525429152916e-15
3641.2075471698113,2.9497995131709637e-15
3641.3584905660377,1.366052599162521e-15
3641.509433962264,3.5598695714293227e-17
3641.6603773584907,8.238823248991399e-15
3641.811320754717,-6.140169043259134e-15
3641.9622641509436,7.606267217389284e-15
3642.1132075471696,3.905331805111642e-15
3642.264150943396,-7.813842598870521e-15
3642.4150943396226,1.5307433642880814e-14
3642.566037735849,-6.821657478620681e-15
3642.7169811320755,1.5123314769850957e-15
3642.867924528302,1.0836023799448896e-14
3643.0188679245284,-8.44817854848187e-15
3643.169811320755,7.891414047963083e-15
3643.3207547169814,2.8794486632513964e-15
3643.4716981132074,-2.61861481680419e-15
3643.622641509434,6.472937866596565e-15
3643.7735849056603,-1.2320197428001227e-17
3643.9245283018868,2.4492125119540847e-15
3644.0754716981132,1.6221857151149477e-15
3644.2264150943397,3.2995036291672427e-15
3644.377358490566,4.99646433073096e-16
3644.5283018867926,3.035757623362532e-15
3644.6792452830186,1.699724270507237e-15
3644.830188679245,2.382791074323945e-15
3644.9811320754716,1.1206120750772718e-15
3645.132075471698,3.2728487409751198e-15
3645.2830188679245,1.2368387704605632e-15
3645.433962264151,2.024025533964486e-15
3645.5849056603774,2.1117363953812266e-15
3645.735849056604,3.0354795433969544e-15
3645.8867924528304,-3.76674447534071e-16
3646.0377358490564,4.369800052955526e-15
3646.188679245283,1.6983816207673567e-15
3646.3396226415093,2.139741489857402e-16
3646.490566037736,2.7682386905771745e-15
3646.6415094339623,6.44674574910234e-15
3646.7924528301887,-8.602867463081907e-15
3646.943396226415,1.453276031833496e-14
3647.0943396226417,-5.837805777665553e-15
3647.245283018868,1.2522152013890087e-15
3647.396226415094,9.839207347558191e-15
3647.5471698113206,-8.29487347531084e-15
3647.698113207547,1.1048672394637172e-14
3647.8490566037735,-5.192168322310445e-15
3648.0,7.923694068311298e-15
3648.1509433962265,-2.3347774958567334e-15
3648.301886792453,3.398951289533071e-15
3648.4528301886794,3.0390899790585086e-15
3648.603773584906,1.796474606386109e-15
3648.754716981132,-3.2108545296179366e-15
3648.9056603773583,1.45187553011738e-14
3649.056603773585,-1.5980696104457726e-14
3649.2075471698113,2.0819140729260167e-14
3649.3584905660377,-1.3791099364453523e-14
3649.509433962264,1.2730275529962782e-14
3649.6603773584907,-4.1555340617696934e-15
3649.811320754717,5.0303694554815545e-15
3649.9622641509436,-4.672924678280578e-16
3650.1132075471696,5.7818143524817485e-15
3650.264150943396,-3.466168405044263e-15
3650.4150943396226,5.7720018514419695e-15
3650.566037735849,4.6764896543433085e-15
3650.7169811320755,-1.0039549282815211e-14
3650.867924528302,1.980189865525202e-14
3651.0188679245284,-1.3793562281032991e-14
3651.169811320755,8.556620733766639e-15
3651.3207547169814,4.844269078263482e-15
3651.4716981132074,-4.744047047010685e-15
3651.622641509434,5.359719893368549e-15
3651.7735849056603,4.608472508233614e-15
3651.9245283018868,-4.938333545378146e-15
3652.0754716981132,8.989642563949217e-15
3652.2264150943397,-2.9498323460854525e-15
3652.377358490566,4.470591598089329e-15
3652.5283018867926,4.1797037248491777e-16
3652.6792452830186,3.3599871049887648e-15
3652.830188679245,-1.6373315751587149e-16
3652.9811320754716,4.770489634203845e-15
3653.132075471698,-1.3643334074414868e-15
3653.2830188679245,4.064139883907461e-15
3653.433962264151,2.4945408877730697e-15
3653.5849056603774,-1.9660465659522615e-15
3653.735849056604,6.949005346331014e-15
3653.8867924528304,-4.2675757221139647e-16
3654.0377358490564,-2.3477145603231486e-15
3654.188679245283,1.3237036835396605e-14
3654.3396226415093,-1.2927797504815995e-14
3654.490566037736,1.3880544307069694e-14
3654.6415094339623,-2.9502295853111306e-15
3654.7924528301887,1.9611468304828176e-16
3654.943396226415,4.692203769079479e-15
3655.0943396226417,3.1877215041345306e-15
3655.245283018868,-4.5629285178299884e-15
3655.396226415094,9.270178106759665e-15
3655.5471698113206,-1.3211317472976595e-15
3655.698113207547,-1.2817613150841282e-15
3655.8490566037735,8.670675362777967e-15
3656.0,-4.0240192021195174e-15
3656.1509433962265,3.898177983341767e-15
3656.301886792453,2.3165281164297557e-15
3656.4528301886794,2.684810816379178e-15
3656.603773584906,-3.149561047889525e-15
3656.754716981132,9.846430888328767e-15
3656.9056603773583,-5.251349568505601e-15
3657.056603773585,4.510737667038705e-15
3657.2075471698113,3.768229230353941e-15
3657.3584905660377,-2.649771077593465e-15
3657.509433962264,6.787636444059078e-15
3657.6603773584907,-3.297386771025619e-15
3657.811320754717,7.468915896514287e-15
3657.9622641509436,-4.149448377453009e-15
3658.1132075471696,6.30743569697528e-15
3658.264150943396,1.2728605478676982e-15
3658.4150943396226,-3.6702521390811e-15
3658.566037735849,1.3103063064292574e-14
3658.7169811320755,-1.2118402230250542e-14
3658.867924528302,1.2548352901447975e-14
3659.0188679245284,-6.059288402863061e-16
3659.169811320755,-5.342253916846568e-15
3659.3207547169814,1.4458641516624642e-14
3659.4716981132074,-1.0602992555085953e-14
3659.622641509434,1.0409852065585902e-14
3659.7735849056603,-3.563006601149852e-15
3659.9245283018868,5.723540750888526e-15
3660.0754716981132,-1.3835280059124147e-15
3660.2264150943397,2.896065213355086e-15
3660.377358490566,3.690117335053743e-15
3660.5283018867926,-2.6668239364206414e-15
3660.6792452830186,6.852637032654229e-15
3660.830188679245,-2.5578827731811336e-15
3660.9811320754716,4.9315147402579964e-15
3661.132075471698,-6.389787162691117e-16
3661.2830188679245,3.4034024070981156e-15
3661.433962264151,8.398584809875385e-16
3661.5849056603774,2.6222095608884346e-15
3661.735849056604,-8.850207409106209e-16
3661.8867924528304,7.324251811362338e-15
3662.0377358490564,-5.9032414993739866e-15
3662.188679245283,8.431928502916575e-15
3662.3396226415093,-1.3596727520988147e-15
3662.490566037736,8.082509533335741e-16
3662.6415094339623,4.754194415044601e-15
3662.7924528301887,-1.360160663444582e-15
3662.943396226415,4.093482570373574e-15
3663.0943396226417,-3.1523355949621533e-16
3663.245283018868,3.232926189177382e-15
3663.396226415094,1.8057425787042604e-15
3663.5471698113206,-6.83926411903837e-16
3663.698113207547,4.508270933304207e-15
3663.8490566037735,2.190192375355846e-15
3664.0,-3.855550341593884e-15
3664.1509433962265,8.693884360690078e-15
3664.301886792453,3.212546582790618e-16
3664.4528301886794,-6.947821166178941e-15
3664.603773584906,1.7308957400807572e-14
3664.754716981132,-1.2553338222683307e-14
3664.9056603773583,7.368668912525804e-15
3665.056603773585,5.331137342252108e-15
3665.2075471698113,-6.506293861903851e-15
3665.3584905660377,8.60062426545271e-15
3665.509433962264,-1.4487832349040955e-15
3665.6603773584907,2.0112866412899345e-15
3665.811320754717,1.6954251844127515e-15
3665.9622641509436,2.5487682359643266e-15
3666.1132075471696,1.1638197155813826e-16
3666.264150943396,2.903714492014271e-15
3666.4150943396226,1.1524335916921524e-15
3666.566037735849,1.5508633038133622e-15
3666.7169811320755,2.000497041390928e-15
3666.867924528302,1.0758321011194691e-15
3667.0188679245284,2.4468834253508642e-15
3667.169811320755,8.210876678694718e-16
3667.3207547169814,1.949160161508318e-15
3667.4716981132074,1.8181329176426407e-15
3667.622641509434,2.0498198536205306e-15
3667.7735849056603,-1.04293849498127e-15
3667.9245283018868,6.904550030150146e-15
3668.0754716981132,-4.60848391662213e-15
3668.2264150943397,6.584363770956606e-15
3668.377358490566,-1.640189199177924e-15
3668.5283018867926,4.497502212959144e-15
3668.6792452830186,-1.7761567151102136e-15
3668.830188679245,4.0301627794806206e-15
3668.9811320754716,2.634050713114104e-15
3669.132075471698,-3.2847938977287507e-15
3669.2830188679245,7.288188151243056e-15
3669.433962264151,-8.530717668990983e-16
3669.5849056603774,-5.057902810197819e-16
3669.735849056604,5.458644649810745e-15
3669.8867924528304,3.8798749254940703e-16
3670.0377358490564,-2.4262440786046098e-15
3670.188679245283,9.648301867544076e-15
3670.3396226415093,-6.825654377841288e-15
3670.490566037736,6.729959037290082e-15
3670.6415094339623,8.691608911787527e-16
3670.7924528301887,-8.431899196128919e-16
3670.943396226415,4.539415229640153e-15
3671.0943396226417,4.241075449829702e-16
3671.245283018868,-6.699062923267648e-16
3671.396226415094,7.652013227483393e-15
3671.5471698113206,-8.28808859640003e-15
3671.698113207547,1.5069549567265316e-14
3671.8490566037735,-1.5396235521932007e-14
3672.0,2.012805356426369e-14
3672.1509433962265,-1.4588509506983013e-14
3672.301886792453,1.0618134147436737e-14
3672.4528301886794,1.1152900681898654e-15
3672.603773584906,-3.4132938429686674e-15
3672.754716981132,6.010685471380222e-15
3672.9056603773583,1.1580553511509912e-15
3673.056603773585,-1.2240924894188338e-15
3673.2075471698113,4.233837522385916e-15
3673.3584905660377,6.7807610188098e-17
3673.509433962264,3.1807602894889495e-15
3673.6603773584907,-1.0723175030124958e-15
3673.811320754717,2.2496409768826124e-15
3673.9622641509436,6.799281644580865e-15
3674.1132075471696,-1.0262543584196002e-14
3674.264150943396,1.4428797190956385e-14
3674.4150943396226,-5.264455880463783e-15
3674.566037735849,-1.063533221511068e-15
3674.7169811320755,9.795498325556635e-15
3674.867924528302,-4.968354499912286e-15
3675.0188679245284,8.051394952762006e-17
3675.169811320755,1.1440925750444413e-14
3675.3207547169814,-1.2491119762236777e-14
3675.4716981132074,1.3255634323434414e-14
3675.622641509434,-4.003214226973166e-15
3675.7735849056603,5.233846753593401e-16
3675.9245283018868,5.8632286396001444e-15
3676.0754716981132,-2.1948174391888456e-15
3676.2264150943397,1.2623606759869527e-15
3676.377358490566,6.163728829018892e-15
3676.5283018867926,-5.501239585723781e-15
3676.6792452830186,7.098200713541465e-15
3676.830188679245,-2.3317007268689864e-16
3676.9811320754716,-8.847727269223729e-16
3677.132075471698,5.873890615896177e-15
3677.2830188679245,-2.8089395024561487e-15
3677.433962264151,4.452001660128019e-15
3677.5849056603774,-4.068865373844619e-16
3677.735849056604,2.673342648919207e-15
3677.8867924528304,5.182216867797675e-16
3678.0377358490564,2.1857346886222005e-15
3678.188679245283,6.630958900005975e-16
3678.3396226415093,2.464748116288696e-15
3678.490566037736,2.1959141029099869e-16
3678.6415094339623,2.311458070421317e-15
3678.7924528301887,1.3532809973352904e-15
3678.943396226415,8.974533813608568e-16
3679.0943396226417,1.544377935789857e-15
3679.245283018868,2.58861282676341e-15
3679.396226415094,-6.534384775763323e-16
3679.5471698113206,2.562442869818174e-15
3679.698113207547,2.744061956986929e-15
3679.8490566037735,-1.4709624549119867e-15
3680.0,2.2258728576063107e-15
3680.1509433962265,5.739538906949945e-15
3680.301886792453,-6.788489966463111e-15
3680.4528301886794,7.473746561420407e-15
3680.603773584906,3.3594987205241485e-15
3680.754716981132,-9.038535521582618e-15
3680.9056603773583,1.4313396774901742e-14
3681.056603773585,-6.545320887295455e-15
3681.2075471698113,1.5159400421863029e-15
3681.3584905660377,5.3115348593997436e-15
3681.509433962264,-2.1078338436657043e-16
3681.6603773584907,-2.7599146809910364e-15
3681.811320754717,8.970475944396632e-15
3681.9622641509436,-3.8203634393060176e-15
3682.1132075471696,-7.458219008248907e-16
3682.264150943396,1.1096778087131015e-14
3682.4150943396226,-1.1518649194466107e-14
3682.566037735849,1.1244689370304028e-14
3682.7169811320755,-1.7479728179094217e-15
3682.867924528302,-1.7341358944943845e-15
3683.0188679245284,6.889358197820937e-15
3683.169811320755,-2.850974337075783e-15
3683.3207547169814,2.8697859941675892e-15
3683.4716981132074,1.1437851582129657e-15
3683.622641509434,2.523523010256388e-15
3683.7735849056603,-1.9226148338446132e-15
3683.9245283018868,5.590979815431298e-15
3684.0754716981132,-1.5752836972623785e-15
3684.2264150943397,1.5554159871546068e-15
3684.377358490566,2.279712306600202e-15
3684.5283018867926,2.9106463639322526e-15
3684.6792452830186,-5.486862223455275e-15
3684.830188679245,1.1930795145170808e-14
3684.9811320754716,-7.921727627901847e-15
3685.132075471698,4.435935652228186e-15
3685.2830188679245,4.202553758743877e-15
3685.433962264151,-2.405558702504377e-15
3685.5849056603774,1.9795999414590717e-16
3685.735849056604,8.116089609159382e-15
3685.8867924528304,-6.4882437529036156e-15
3686.0377358490564,4.188891145894451e-15
3686.188679245283,4.797413970050518e-15
3686.3396226415093,-4.363696128974284e-15
3686.490566037736,3.1618045768042994e-15
3686.6415094339623,5.488134868427397e-15
3686.7924528301887,-5.787069316542182e-15
3686.943396226415,5.484386032999415e-15
3687.0943396226417,3.586175363527916e-15
3687.245283018868,-6.399114147343674e-15
3687.396226415094,9.289004874277196e-15
3687.5471698113206,-1.6928496835801931e-15
3687.698113207547,-2.6631128179658017e-15
3687.8490566037735,8.951766905223799e-15
3688.0,-4.294599585289441e-15
3688.1509433962265,6.869810065738261e-16
3688.301886792453,6.869719982577806e-15
3688.4528301886794,-4.2796372781848e-15
3688.603773584906,2.24716454972548e-15
3688.754716981132,4.769062826112969e-15
3688.9056603773583,-2.6854470377405434e-15
3689.056603773585,1.4662515726314649e-15
3689.2075471698113,5.501907650298134e-15
3689.3584905660377,-5.1047415567849776e-15
3689.509433962264,7.033348664491679e-15
3689.6603773584907,-3.188595932099351e-15
3689.811320754717,4.6206378520279575e-15
3689.9622641509436,-8.034543311995587e-16
3690.1132075471696,7.276758500501656e-16
3690.264150943396,4.6675186747678824e-15
3690.4150943396226,-3.346553191296922e-15
3690.566037735849,3.5019860779361733e-15
3690.7169811320755,3.961923347826185e-15
3690.867924528302,-6.398474691917971e-15
3691.0188679245284,1.0170954401845527e-14
3691.169811320755,-4.1748094658993896e-15
3691.3207547169814,2.3161975392903627e-16
3691.4716981132074,6.74652276339513e-15
3691.622641509434,-3.4651970876486527e-15
3691.7735849056603,4.681597994534342e-17
3691.9245283018868,8.55304154836697e-15
3692.0754716981132,-7.845790363455435e-15
3692.2264150943397,6.36558593771745e-15
3692.377358490566,1.8397665898345547e-15
3692.5283018867926,-2.115271887640709e-15
3692.6792452830186,1.317830581414449e-15
3692.830188679245,8.382916961785878e-15
3692.9811320754716,-1.2903455515887777e-14
3693.132075471698,1.744849874704522e-14
3693.2830188679245,-1.1634307159776933e-14
3693.433962264151,7.606849190449832e-15
3693.5849056603774,-9.616148813220438e-17
3693.735849056604,8.503788552944279e-16
3693.8867924528304,1.8826769139483878e-16
3694.0377358490564,3.727490345393154e-15
3694.188679245283,-1.3843971181291557e-15
3694.3396226415093,2.4461082387983137e-15
3694.490566037736,2.2626562352924913e-16
3694.6415094339623,4.0815829446703064e-15
3694.7924528301887,-5.1183069133249595e-15
3694.943396226415,9.3157850848617e-15
3695.0943396226417,-5.779596196902268e-15
3695.245283018868,4.702666282661864e-15
3695.396226415094,6.638487866689419e-16
3695.5471698113206,-2.812526498487444e-16
3695.698113207547,4.325827620629338e-15
3695.8490566037735,-4.513503444365499e-15
3696.0,8.440182494264376e-15
3696.1509433962265,-4.619839056914362e-15
3696.301886792453,1.8303148131903332e-15
3696.4528301886794,5.638220092319835e-15
3696.603773584906,-4.790059208679337e-15
3696.754716981132,3.8687780171902456e-15
3696.9056603773583,2.5341645122353377e-15
3697.056603773585,-1.1707604062818304e-15
3697.2075471698113,-1.2562995130236021e-16
3697.3584905660377,7.341468576291099e-15
3697.509433962264,-8.0514667645968e-15
3697.6603773584907,1.0238383055504746e-14
3697.811320754717,-7.0726429672427205e-15
3697.9622641509436,9.360853521007336e-15
3698.1132075471696,-8.4021810385308e-15
3698.264150943396,1.1602706067543411e-14
3698.4150943396226,-9.051742456644276e-15
3698.566037735849,9.061753145130019e-15
3698.7169811320755,-3.5495393138323705e-15
3698.867924528302,2.968882754873041e-15
3699.0188679245284,-8.282980211823383e-16
3699.169811320755,5.873966156423171e-15
3699.3207547169814,-6.246746490162409e-15
3699.4716981132074,6.2727224072782944e-15
3699.622641509434,3.161256978491072e-15
3699.7735849056603,-8.597344105671606e-15
3699.9245283018868,1.197012810915262e-14
3700.0754716981132,-2.5667510430023628e-15
3700.2264150943397,-6.6346273299712744e-15
3700.377358490566,1.6368718354014342e-14
3700.5283018867926,-1.3437312126573234e-14
3700.6792452830186,7.807368629420314e-15
3700.830188679245,2.9562018620271527e-15
3700.9811320754716,-5.305652823915982e-15
3701.132075471698,6.950689138274161e-15
3701.2830188679245,-2.7418681535510093e-15
3701.433962264151,4.2219086765000666e-15
3701.5849056603774,-3.6079625957204066e-15
3701.735849056604,7.145686845907964e-15
3701.8867924528304,-3.98306200947714e-15
3702.0377358490564,9.034696095626018e-16
3702.188679245283,9.495465039943388e-15
3702.3396226415093,-1.5699646166654893e-14
3702.490566037736,2.1361828844490454e-14
3702.6415094339623,-1.5630239486239577e-14
3702.7924528301887,8.055426341990177e-15
3702.943396226415,4.635970405992021e-15
3703.0943396226417,-9.577079859788794e-15
3703.245283018868,1.3085046463686473e-14
3703.396226415094,-8.585330407698267e-15
3703.5471698113206,6.745910677208346e-15
3703.698113207547,-1.6697349368786659e-15
3703.8490566037735,2.58617273540463e-15
3704.0,-1.974967122260701e-15
3704.1509433962265,6.981504196297325e-15
3704.301886792453,-7.582914260482335e-15
3704.4528301886794,9.2921852183494e-15
3704.603773584906,-3.2496472441207715e-15
3704.754716981132,-1.2122420440731653e-15
3704.9056603773583,8.655141485080935e-15
3705.056603773585,-8.526729927302204e-15
3705.2075471698113,8.556196686520131e-15
3705.3584905660377,-3.247332121406604e-15
3705.509433962264,2.5236632171638402e-15
3705.6603773584907,9.147391905960429e-16
3705.811320754717,1.469313160424217e-16
3705.9622641509436,2.0641384077972183e-15
3706.1132075471696,1.66112492070161e-16
3706.264150943396,1.7701858315947727e-15
3706.4150943396226,-1.7969264795610376e-15
3706.566037735849,7.930741851506916e-15
3706.7169811320755,-1.105912950210184e-14
3706.867924528302,1.6652683683570583e-14
3707.0188679245284,-1.6042890083693457e-14
3707.169811320755,1.648592591203033e-14
3707.3207547169814,-1.0054506217019417e-14
3707.4716981132074,4.142401800736382e-15
3707.622641509434,6.777767613249742e-15
3707.7735849056603,-1.1028875572683348e-14
3707.9245283018868,1.2296742470297815e-14
3708.0754716981132,-3.2039908782284587e-15
3708.2264150943397,-4.620262827538571e-15
3708.377358490566,1.3141569887776728e-14
3708.5283018867926,-1.2026790047084745e-14
3708.6792452830186,9.091098116878862e-15
3708.830188679245,5.503891131458719e-16
3708.9811320754716,-6.687700529488357e-15
3709.132075471698,1.3470293083485285e-14
3709.2830188679245,-1.106325740414211e-14
3709.433962264151,6.603143504320321e-15
3709.5849056603774,3.637654105249043e-15
3709.735849056604,-7.26080733843239e-15
3709.8867924528304,8.276689774952101e-15
3710.0377358490564,-7.647674059072598e-16
3710.188679245283,-3.4675620593547543e-15
3710.3396226415093,6.8076259010447844e-15
3710.490566037736,-9.252810173312957e-16
3710.6415094339623,-3.74684272608874e-15
3710.7924528301887,8.920241294349289e-15
3710.943396226415,-4.858961640733641e-15
3711.0943396226417,1.033321914566615e-15
3711.245283018868,4.037459836830689e-15
3711.396226415094,4.1765747830113606e-17
3711.5471698113206,-4.098069723086398e-15
3711.698113207547,8.694260466603283e-15
3711.8490566037735,-2.0467830039493457e-15
3712.0,-7.419131128985015e-15
3712.1509433962265,1.9128081979054807e-14
3712.301886792453,-1.8702199789036405e-14
3712.4528301886794,1.1482129252186977e-14
3712.603773584906,3.488423525789698e-15
3712.754716981132,-1.0489519780437271e-14
3712.9056603773583,1.0640801158181217e-14
3713.056603773585,1.3161775221232764e-15
3713.2075471698113,-1.1382182845968076e-14
3713.3584905660377,1.898766272125742e-14
3713.509433962264,-1.5693971337256937e-14
3713.6603773584907,1.2346773053525952e-14
3713.811320754717,-7.528775051507108e-15
3713.9622641509436,9.206098160565862e-15
3714.1132075471696,-7.922622641294078e-15
3714.264150943396,7.232234176307742e-15
3714.4150943396226,-9.769718211453442e-16
3714.566037735849,-7.220018031067528e-16
3714.7169811320755,1.4471448158803861e-15
3714.867924528302,4.5253040338096125e-15
3715.0188679245284,-7.000204943434955e-15
3715.169811320755,9.553681195419272e-15
3715.3207547169814,-5.925797169862479e-15
3715.4716981132074,4.68764708017553e-15
3715.622641509434,-1.1145670102517514e-15
3715.7735849056603,2.0715140726571688e-15
3715.9245283018868,-9.509663841388745e-16
3716.0754716981132,3.4571326095962083e-15
3716.2264150943397,-2.127878785526336e-15
3716.377358490566,2.2952522632433503e-15
3716.5283018867926,2.1473700906568683e-15
3716.6792452830186,-3.4229085014054706e-15
3716.830188679245,6.243376546827722e-15
3716.9811320754716,-4.119312552469089e-15
3717.132075471698,4.3636516157700374e-15
3717.2830188679245,-1.957452304381611e-15
3717.433962264151,3.227626489804759e-15
3717.5849056603774,-1.2551881366563613e-15
3717.735849056604,1.772203819239224e-15
3717.8867924528304,5.2725775602751265e-16
3718.0377358490564,1.739032848277883e-15
3718.188679245283,-2.570974897182097e-15
3718.3396226415093,6.4358288273548655e-15
3718.490566037736,-5.2591656675867544e-15
3718.6415094339623,4.184194421527777e-15
3718.7924528301887,2.110258914657182e-15
3718.943396226415,-6.114657611834187e-15
3719.0943396226417,1.212314555797047e-14
3719.245283018868,-1.2488566151533937e-14
3719.396226415094,1.1703361277184927e-14
3719.5471698113206,-3.702007986943701e-15
3719.698113207547,-3.659039405318083e-15
3719.8490566037735,1.272049724338164e-14
3720.0,-1.450925256428144e-14
3720.1509433962265,1.4015110798292501e-14
3720.301886792453,-6.932721769440137e-15
3720.4528301886794,1.345508509218865e-15
3720.603773584906,6.713138003426858e-15
3720.754716981132,-1.0101966431071357e-14
3720.9056603773583,1.319994816985873e-14
3721.056603773585,-9.506456639023279e-15
3721.2075471698113,5.589580430540631e-15
3721.3584905660377,1.5949394069045512e-15
3721.509433962264,-3.4367285284106027e-15
3721.6603773584907,4.249696666351688e-15
3721.811320754717,3.3077353268170327e-16
3721.9622641509436,-1.6133499532176537e-15
3722.1132075471696,2.4122798013998604e-15
3722.264150943396,2.730066005533429e-15
3722.4150943396226,-4.723880765876777e-15
3722.566037735849,5.224948148906971e-15
3722.7169811320755,1.1522151815457724e-15
3722.867924528302,-4.5304947998995456e-15
3723.0188679245284,6.3782336991885544e-15
3723.169811320755,-1.893116485476853e-15
3723.3207547169814,8.388242531976637e-16
3723.4716981132074,-1.1792495213313143e-15
3723.622641509434,7.389091388322262e-15
3723.7735849056603,-9.936778814700659e-15
3723.9245283018868,1.0646464881833953e-14
3724.0754716981132,-4.325322293280854e-15
3724.2264150943397,-2.5779860547974904e-16
3724.377358490566,4.849567002066673e-15
3724.5283018867926,-3.627173635447686e-15
3724.6792452830186,4.195953924864311e-15
3724.830188679245,-3.6683263941430975e-15
3724.9811320754716,7.062090915481986e-15
3725.132075471698,-6.669968523127736e-15
3725.2830188679245,5.2537222084092826e-15
3725.433962264151,2.2804859206328858e-15
3725.5849056603774,-7.891392569728517e-15
3725.735849056604,1.2898592952511656e-14
3725.8867924528304,-1.0206302551506155e-14
3726.0377358490564,5.999434083274461e-15
3726.188679245283,1.5450930955378231e-15
3726.3396226415093,-4.119586379734963e-15
3726.490566037736,5.063794109323813e-15
3726.6415094339623,2.2751800508247766e-17
3726.7924528301887,-3.561964141977422e-15
3726.943396226415,7.371028407188678e-15
3727.0943396226417,-4.871361063049786e-15
3727.245283018868,2.0118231859644734e-15
3727.396226415094,3.3828370181185278e-15
3727.5471698113206,-4.231184163477453e-15
3727.698113207547,5.2111059236618075e-15
3727.8490566037735,-2.8037558755348997e-15
3728.0,3.0730896288052836e-15
3728.1509433962265,-1.3459696216930842e-15
3728.301886792453,1.9152181278256145e-15
3728.4528301886794,-4.842179037746069e-17
3728.603773584906,1.4311735370722156e-15
3728.754716981132,-1.924473042605948e-15
3728.9056603773583,5.233875496685516e-15
3729.056603773585,-4.79686021459756e-15
3729.2075471698113,4.808856492701461e-15
3729.3584905660377,-2.1345642158840742e-15
3729.509433962264,2.763350639457582e-15
3729.6603773584907,-1.0970205256454978e-15
3729.811320754717,-3.9297288226759436e-16
3729.9622641509436,6.411673719917024e-15
3730.1132075471696,-9.709701874675456e-15
3730.264150943396,1.2170154531947189e-14
3730.4150943396226,-9.336073556682281e-15
3730.566037735849,7.862101829402213e-15
3730.7169811320755,-4.7866242840210375e-15
3730.867924528302,4.276075694490717e-15
3731.0188679245284,-1.0037901029171992e-15
3731.169811320755,-4.529367271681058e-16
3731.3207547169814,3.4040715484264862e-15
3731.4716981132074,-2.6622402536113528e-15
3731.622641509434,2.907312648586302e-15
3731.7735849056603,-6.986930073863182e-16
3731.9245283018868,9.494118873607882e-16
3732.0754716981132,7.474879588696168e-16
3732.2264150943397,-2.993344582299338e-16
3732.377358490566,1.7292874804080174e-15
3732.5283018867926,-2.5065550861694617e-16
3732.6792452830186,2.5907247801468814e-16
3732.830188679245,1.1489060173396653e-15
3732.9811320754716,1.6191434801674912e-15
3733.132075471698,-4.0120202252192166e-15
3733.2830188679245,7.804681448937766e-15
3733.433962264151,-6.395390507202294e-15
3733.5849056603774,3.7329151250482065e-15
3733.735849056604,1.986987337247171e-15
3733.8867924528304,-3.880704426258429e-15
3734.0377358490564,4.916735519469067e-15
3734.188679245283,-2.0290243499309612e-15
3734.3396226415093,1.0774490197457219e-15
3734.490566037736,7.902389482142874e-16
3734.6415094339623,4.187591615407376e-16
3734.7924528301887,2.871906624933575e-18
3734.943396226415,1.1867193346192218e-15
3735.0943396226417,2.550761301492422e-16
3735.245283018868,-2.185216853166165e-16
3735.396226415094,2.071608244891145e-15
3735.5471698113206,-1.3008308437168516e-15
3735.698113207547,1.5399209011853274e-15
3735.8490566037735,4.176182791267033e-16
3736.0,6.507094057094663e-16
3736.1509433962265,-1.7863925973183898e-15
3736.301886792453,5.84844694002349e-15
3736.4528301886794,-6.878640808264767e-15
3736.603773584906,7.34402249996302e-15
3736.754716981132,-4.252444210613318e-15
3736.9056603773583,3.019558184557815e-15
3737.056603773585,-9.305058884714384e-16
3737.2075471698113,1.6627744898063382e-15
3737.3584905660377,-1.061223776974903e-15
3737.509433962264,2.02475219553578e-15
3737.6603773584907,-1.861005292636412e-16
3737.811320754717,-7.128359091799765e-16
3737.9622641509436,2.9816042543304793e-15
3738.1132075471696,-1.8066739702810793e-15
3738.264150943396,1.1325029420644885e-15
3738.4150943396226,4.895786284593843e-16
3738.566037735849,2.5192526955513033e-15
3738.7169811320755,-6.563615097874393e-15
3738.867924528302,1.2462492349712462e-14
3739.0188679245284,-1.34697787504585e-14
3739.169811320755,1.187618972538894e-14
3739.3207547169814,-6.107828044727542e-15
3739.4716981132074,2.5167277385753154e-15
3739.622641509434,9.774354162284856e-16
3739.7735849056603,-1.7309983074931886e-15
3739.9245283018868,3.945940023165232e-15
3740.0754716981132,-3.755365917005685e-15
3740.2264150943397,3.4278940881369845e-15
3740.377358490566,1.9428029754459615e-16
3740.5283018867926,-2.4414693696627173e-15
3740.6792452830186,5.6274438215381485e-15
3740.830188679245,-6.770976315210729e-15
3740.9811320754716,9.464343365705248e-15
3741.132075471698,-9.695313886178502e-15
3741.2830188679245,9.282733659461203e-15
3741.433962264151,-4.841886612125072e-15
3741.5849056603774,1.1932923911186642e-15
3741.735849056604,2.5157296804246766e-15
3741.8867924528304,-2.055331944794804e-15
3742.0377358490564,1.2625557389006765e-15
3742.188679245283,1.2715197148924288e-15
3742.3396226415093,-1.2252347784578713e-15
3742.490566037736,1.580289255927608e-15
3742.6415094339623,-1.508620638555169e-16
3742.7924528301887,8.782332599789663e-16
3742.943396226415,-9.594971188176522e-16
3743.0943396226417,2.659414188180617e-15
3743.245283018868,-1.9930637278101432e-15
3743.396226415094,1.684817454377322e-15
3743.5471698113206,2.6762544819127578e-17
3743.698113207547,1.417023178880767e-15
3743.8490566037735,-3.5013163032314935e-15
3744.0,7.472906702702922e-15
3744.1509433962265,-7.891876389050976e-15
3744.301886792453,5.9366405847082075e-15
3744.4528301886794,6.460448185848562e-16
3744.603773584906,-6.347677654971097e-15
3744.754716981132,1.0598919995996554e-14
3744.9056603773583,-8.532220766435135e-15
3745.056603773585,3.2667049376833588e-15
3745.2075471698113,5.105049567807024e-15
3745.3584905660377,-9.96578544669723e-15
3745.509433962264,1.14821070808889e-14
3745.6603773584907,-7.729750505835928e-15
3745.811320754717,4.7055966150277754e-15
3745.9622641509436,-2.573476517633966e-15
3746.1132075471696,3.808520243626385e-15
3746.264150943396,-3.3488162417289994e-15
3746.4150943396226,1.8795931210392975e-15
3746.566037735849,2.6311108423702664e-15
3746.7169811320755,-5.272130820640266e-15
3746.867924528302,6.540336320815787e-15
3747.0188679245284,-3.727620982545004e-15
3747.169811320755,1.1017439208088543e-15
3747.3207547169814,1.2526193255503486e-15
3747.4716981132074,6.90044770321426e-16
3747.622641509434,-3.666952237968632e-15
3747.7735849056603,7.334047655642305e-15
3747.9245283018868,-6.503675153946843e-15
3748.0754716981132,2.8202692661908562e-15
3748.2264150943397,4.223198913318885e-15
3748.377358490566,-8.954720343765001e-15
3748.5283018867926,1.1309731859458683e-14
3748.6792452830186,-9.091671415326912e-15
3748.830188679245,6.629742269357321e-15
3748.9811320754716,-3.341104989380278e-15
3749.132075471698,1.898806815416898e-15
3749.2830188679245,-1.5516013181560853e-16
3749.433962264151,9.61779749569943e-16
3749.5849056603774,-1.9876494672546394e-15
3749.735849056604,3.3106674369815e-15
3749.8867924528304,-8.587338025947122e-17
3750.0377358490564,-5.383914830293073e-15
3750.188679245283,1.1450412348055225e-14
3750.3396226415093,-1.1737432208128922e-14
3750.490566037736,7.827954687809944e-15
3750.6415094339623,-1.2556245876013553e-15
3750.7924528301887,-1.7422001039694798e-15
3750.943396226415,2.445124121243955e-15
3751.0943396226417,-1.3332909112606741e-15
3751.245283018868,2.9002643042093266e-15
3751.396226415094,-4.759389018460085e-15
3751.5471698113206,6.348182490027972e-15
3751.698113207547,-3.701364540044583e-15
3751.8490566037735,-6.845033483556552e-16
3752.0,6.05248738662219e-15
3752.1509433962265,-7.385579590456272e-15
3752.301886792453,5.2555887699903926e-15
3752.4528301886794,7.210211405263048e-16
3752.603773584906,-5.016411908183002e-15
3752.754716981132,6.021543125682596e-15
3752.9056603773583,-8.944409836339718e-16
3753.056603773585,-6.130847012485876e-15
3753.2075471698113,1.2420745415421155e-14
3753.3584905660377,-1.2778889916654715e-14
3753.509433962264,9.357238245485058e-15
3753.6603773584907,-4.128547867405399e-15
3753.811320754717,2.534079206474784e-15
3753.9622641509436,-3.234819940046013e-15
3754.1132075471696,4.983926392436931e-15
3754.264150943396,-2.676464349377456e-15
3754.4150943396226,-2.570693035736157e-15
3754.566037735849,9.391562387915236e-15
3754.7169811320755,-1.1903650424283238e-14
3754.867924528302,9.834322027917452e-15
3755.0188679245284,-3.5115411831347755e-15
3755.169811320755,-1.4376661109228778e-15
3755.3207547169814,3.853923892771165e-15
3755.4716981132074,-2.5456775093274366e-15
3755.622641509434,1.4433143658818017e-15
3755.7735849056603,-6.554484851525577e-16
3755.9245283018868,1.0933008073210448e-15
3756.0754716981132,3.4346364163615377e-16
3756.2264150943397,-2.3943777757229946e-15
3756.377358490566,4.9176184958774814e-15
3756.5283018867926,-4.876040963986945e-15
3756.6792452830186,3.6947736515362135e-15
3756.830188679245,-1.0101507821609836e-15
3756.9811320754716,-8.231252159017794e-16
3757.132075471698,2.5030247657742213e-15
3757.2830188679245,-2.1065300162499634e-15
3757.433962264151,1.3175149440550473e-15
3757.5849056603774,-5.882471389811394e-16
3757.735849056604,3.128267142484176e-15
3757.8867924528304,-7.410450111510441e-15
3758.0377358490564,1.2306041608748342e-14
3758.188679245283,-1.425231214089135e-14
3758.3396226415093,1.392838977674972e-14
3758.490566037736,-1.050306720275523e-14
3758.6415094339623,5.856053367026685e-15
3758.7924528301887,-4.3233452710351564e-16
3758.943396226415,-1.8450382814584997e-15
3759.0943396226417,5.690695277585707e-16
3759.245283018868,3.694170536442881e-15
3759.396226415094,-6.059111281258473e-15
3759.5471698113206,5.719923001670695e-15
3759.698113207547,-3.2098913682018696e-15
3759.8490566037735,2.596023922297305e-15
3760.0,-3.711676226422246e-15
3760.1509433962265,5.613017468075017e-15
3760.301886792453,-4.418548627292718e-15
3760.4528301886794,2.5715736458443182e-16
3760.603773584906,5.903014987369234e-15
3760.754716981132,-9.618251152926857e-15
3760.9056603773583,9.315057899730334e-15
3761.056603773585,-3.8263174164797886e-15
3761.2075471698113,-3.6538995660684574e-15
3761.3584905660377,1.0459284424140313e-14
3761.509433962264,-1.2565449899168442e-14
3761.6603773584907,1.0111430897409594e-14
3761.811320754717,-4.3260514041712605e-15
3761.9622641509436,-3.7601909274811663e-16
3762.1132075471696,2.383852350118401e-15
3762.264150943396,-1.006003959645616e-15
3762.4150943396226,-7.486394616240026e-16
3762.566037735849,1.5857157436874773e-15
3762.7169811320755,-5.441678888797953e-16
3762.867924528302,2.3514121859179004e-16
3763.0188679245284,-1.6984055150025685e-15
3763.169811320755,5.296447375341783e-15
3763.3207547169814,-7.784782783644928e-15
3763.4716981132074,7.624148778924758e-15
3763.622641509434,-4.266794328165461e-15
3763.7735849056603,6.053862384801942e-16
3763.9245283018868,2.031679612194076e-15
3764.0754716981132,-2.675004472878774e-15
3764.2264150943397,2.5758851502562605e-15
3764.377358490566,-1.0561133100080076e-15
3764.5283018867926,-1.8320983085142075e-15
3764.6792452830186,6.003001146223061e-15
3764.830188679245,-8.308859058426481e-15
3764.9811320754716,6.923288994229269e-15
3765.132075471698,-1.945845989938361e-15
3765.2830188679245,-2.190071549275615e-15
3765.433962264151,2.353348655346076e-15
3765.5849056603774,1.5987852117022857e-15
3765.735849056604,-5.008440094977793e-15
3765.8867924528304,4.703444924889972e-15
3766.0377358490564,-9.469394789504557e-16
3766.188679245283,-1.7612517153314814e-15
3766.3396226415093,1.1251120860312842e-15
3766.490566037736,1.7806002391592874e-15
3766.6415094339623,-2.7843318425880547e-15
3766.7924528301887,4.665441685956638e-16
3766.943396226415,3.632487944992867e-15
3767.0943396226417,-5.810657143095436e-15
3767.245283018868,5.1285552104984796e-15
3767.396226415094,-3.045145894937308e-15
3767.5471698113206,2.4416205802742115e-15
3767.698113207547,-3.3285542198576028e-15
3767.8490566037735,3.54732391713042e-15
3768.0,-6.561946268172912e-16
3768.1509433962265,-3.6772920860539946e-15
3768.301886792453,5.403885323551969e-15
3768.4528301886794,-1.6390408301803245e-15
3768.603773584906,-5.1080893590723965e-15
3768.754716981132,9.567829612663737e-15
3768.9056603773583,-8.038614559661986e-15
3769.056603773585,2.2392283856996386e-15
3769.2075471698113,3.09910297203284e-15
3769.3584905660377,-4.157584847645663e-15
3769.509433962264,1.6341658061509442e-15
3769.6603773584907,6.829858876600535e-16
3769.811320754717,5.47300496415144e-16
3769.9622641509436,-4.62225779636019e-15
3770.1132075471696,7.862521884221437e-15
3770.264150943396,-7.269753549287853e-15
3770.4150943396226,3.607484858303082e-15
3770.566037735849,-2.990249291515737e-16
3770.7169811320755,8.329869477838068e-17
3770.867924528302,-2.734050135305145e-15
3771.0188679245284,5.573810747315956e-15
3771.169811320755,-5.707686720900611e-15
3771.3207547169814,1.7952179417722265e-15
3771.4716981132074,4.986693793331054e-15
3771.622641509434,-1.1972830003494547e-14
3771.7735849056603,1.6590975501817112e-14
3771.9245283018868,-1.8382994628461928e-14
3772.0754716981132,1.8202520742824038e-14
3772.2264150943397,-1.6594190198888784e-14
3772.377358490566,1.2103339680056973e-14
3772.5283018867926,-3.8084838631485206e-15
3772.6792452830186,-6.261714505546006e-15
3772.830188679245,1.2453741794361784e-14
3772.9811320754716,-1.0736614860209265e-14
3773.132075471698,2.3782155181148483e-15
3773.2830188679245,5.9283613219063e-15
3773.433962264151,-8.710255815429908e-15
3773.5849056603774,5.451820723139344e-15
3773.735849056604,-6.279713156809275e-16
3773.8867924528304,-2.491075296497892e-15
3774.0377358490564,3.748386824622012e-15
3774.188679245283,-5.493545716985161e-15
3774.3396226415093,7.510972163467941e-15
3774.490566037736,-7.43550443570828e-15
3774.6415094339623,2.5487697106095132e-15
3774.7924528301887,5.249760150554264e-15
3774.943396226415,-1.1343758310718984e-14
3775.0943396226417,1.1063126651693629e-14
3775.245283018868,-5.178175305141192e-15
3775.396226415094,-2.059279954821473e-15
3775.5471698113206,5.272371182562876e-15
3775.698113207547,-3.853372949070351e-15
3775.8490566037735,6.583824240223321e-16
3776.0,-3.8301457943349157e-16
3776.1509433962265,3.465362594546269e-15
3776.301886792453,-7.326310816217919e-15
3776.4528301886794,7.512234599374406e-15
3776.603773584906,-3.6085963213021634e-15
3776.754716981132,-2.2183374333595836e-15
3776.9056603773583,5.666401787347168e-15
3777.056603773585,-5.714795848648872e-15
3777.2075471698113,3.1106824583837244e-15
3777.3584905660377,-1.0411699868587242e-15
3777.509433962264,4.289851384578279e-16
3777.6603773584907,-1.5416044910586026e-15
3777.811320754717,2.2936928380965215e-15
3777.9622641509436,-2.3274279616062052e-15
3778.1132075471696,1.151735852836279e-15
3778.264150943396,-4.635694787265562e-16
3778.4150943396226,3.511063985055503e-16
3778.566037735849,-1.3829255074662452e-15
3778.7169811320755,1.91952468569495e-15
3778.867924528302,-1.918970354407943e-15
3779.0188679245284,7.508334111521487e-16
3779.169811320755,-1.8129894814359232e-16
3779.3207547169814,3.7018999715339656e-16
3779.4716981132074,-1.9748176473457572e-15
3779.622641509434,2.841361718970372e-15
3779.7735849056603,-2.4210752084087417e-15
3779.9245283018868,1.171671199283066e-16
3780.0754716981132,9.596489168407723e-16
3780.2264150943397,6.429728186627866e-16
3780.377358490566,-5.415818541229617e-15
3780.5283018867926,8.918867455577412e-15
3780.6792452830186,-8.30132852969074e-15
3780.830188679245,2.504052761909616e-15
3780.9811320754716,3.3361805335684667e-15
3781.132075471698,-5.239118504226463e-15
3781.2830188679245,1.2242651286881012e-15
3781.433962264151,3.864192648314088e-15
3781.5849056603774,-5.83434892542777e-15
3781.735849056604,1.8244359178936606e-15
3781.8867924528304,4.339117334448769e-15
3782.0377358490564,-8.876248917787928e-15
3782.188679245283,7.998912742453317e-15
3782.3396226415093,-4.153030405808278e-15
3782.490566037736,5.672275026955978e-16
3782.6415094339623,-1.79799986012879e-15
3782.7924528301887,6.264003333832153e-15
3782.943396226415,-1.0835488383797295e-14
3783.0943396226417,1.0100824824969799e-14
3783.245283018868,-4.787578559289114e-15
3783.396226415094,-2.1420454303199673e-15
3783.5471698113206,4.465920410591472e-15
3783.698113207547,-1.7042101797337948e-15
3783.8490566037735,-4.2968930038156e-15
3784.0,7.277323868531702e-15
3784.1509433962265,-5.175347094567016e-15
3784.301886792453,-2.4350444226771184e-15
3784.4528301886794,1.0022037718962222e-14
3784.603773584906,-1.3826049587469094e-14
3784.754716981132,1.0266591323073391e-14
3784.9056603773583,-2.7632949540601687e-15
3785.056603773585,-4.59306050574767e-15
3785.2075471698113,5.830602338506182e-15
3785.3584905660377,-1.8868685637430094e-15
3785.509433962264,-4.3451767974235155e-15
3785.6603773584907,6.034281012111981e-15
3785.811320754717,-1.8710660192020054e-15
3785.9622641509436,-7.220267443600385e-15
3786.1132075471696,1.4118116418664432e-14
3786.264150943396,-1.5292965082608712e-14
3786.4150943396226,9.528686712678126e-15
3786.566037735849,-3.775162355167809e-15
3786.7169811320755,2.7566847853931316e-15
3786.867924528302,-8.74322096716007e-15
3787.0188679245284,1.470645048092348e-14
3787.169811320755,-1.5181214436627617e-14
3787.3207547169814,6.797904386512794e-15
3787.4716981132074,4.354356232180116e-15
3787.622641509434,-1.2947607798559211e-14
3787.7735849056603,1.395097194601691e-14
3787.9245283018868,-1.0477782861073794e-14
3788.0754716981132,5.251901559244252e-15
3788.2264150943397,-3.061754467178703e-15
3788.377358490566,2.8641331309324633e-15
3788.5283018867926,-4.7287974933911224e-15
3788.6792452830186,5.2574138439711026e-15
3788.830188679245,-5.041167946265416e-15
3788.9811320754716,2.641318103120889e-15
3789.132075471698,-9.337195593970235e-16
3789.2830188679245,1.4511286847713677e-16
3789.433962264151,-2.9484686495569858e-15
3789.5849056603774,6.489451221605614e-15
3789.735849056604,-9.354895595319813e-15
3789.8867924528304,7.393852231409049e-15
3790.0377358490564,-2.8265711386007022e-15
3790.188679245283,-2.7049051212274105e-15
3790.3396226415093,4.194168734849974e-15
3790.490566037736,-3.042174444199845e-15
3790.6415094339623,4.109511719412575e-16
3790.7924528301887,-1.237804735414091e-15
3790.943396226415,3.9783265407348925e-15
3791.0943396226417,-7.3825706771882e-15
3791.245283018868,6.451550587089979e-15
3791.396226415094,-2.7322611411441743e-15
3791.5471698113206,-2.7542310364879116e-15
3791.698113207547,5.062122024314742e-15
3791.8490566037735,-5.246966387002546e-15
3792.0,3.1274635512290326e-15
3792.1509433962265,-2.542064427699746e-15
3792.301886792453,2.026914369900804e-15
3792.4528301886794,-2.4073520800698035e-15
3792.603773584906,1.0803412960961903e-15
3792.754716981132,-8.830667018202137e-16
3792.9056603773583,1.5098100493811926e-15
3793.056603773585,-4.935701138792313e-15
3793.2075471698113,7.011437417107007e-15
3793.3584905660377,-7.129687751454107e-15
3793.509433962264,2.9752662778617197e-15
3793.6603773584907,1.238001121325992e-15
3793.811320754717,-4.72181992571029e-15
3793.9622641509436,4.469841710950032e-15
3794.1132075471696,-3.6002577615527026e-15
3794.264150943396,1.796829064244211e-15
3794.4150943396226,-1.769993478704006e-15
3794.566037735849,9.939221749345853e-16
3794.7169811320755,-1.0931783851044586e-15
3794.867924528302,6.155202684358653e-16
3795.0188679245284,-2.57787313960901e-15
3795.169811320755,4.5847594944255066e-15
3795.3207547169814,-6.916498907278554e-15
3795.4716981132074,5.792289010169665e-15
3795.622641509434,-3.5160974734069358e-15
3795.7735849056603,-3.170779043583714e-16
3795.9245283018868,2.1188849445058817e-15
3796.0754716981132,-3.9406190942143536e-15
3796.2264150943397,3.921846567545171e-15
3796.377358490566,-3.599200458122395e-15
3796.5283018867926,-1.9215569637498822e-16
3796.6792452830186,4.405958404891349e-15
3796.830188679245,-7.964732358320291e-15
3796.9811320754716,5.509554888283597e-15
3797.132075471698,7.926484266605243e-17
3797.2830188679245,-6.1370136973563875e-15
3797.433962264151,5.423620842110056e-15
3797.5849056603774,-3.5160255032891873e-16
3797.735849056604,-5.4542784367277594e-15
3797.8867924528304,3.52289887518849e-15
3798.0377358490564,3.8449804219434215e-15
3798.188679245283,-1.2220299080815367e-14
3798.3396226415093,1.2240679980804735e-14
3798.490566037736,-5.753435109878264e-15
3798.6415094339623,-3.460641772039304e-15
3798.7924528301887,6.680287098309863e-15
3798.943396226415,-5.2122518767145654e-15
3799.0943396226417,3.7654214531967455e-16
3799.245283018868,1.6532220767839875e-15
3799.396226415094,-2.712055133166446e-15
3799.5471698113206,2.4588427396836094e-15
3799.698113207547,-5.329058334768307e-15
3799.8490566037735,8.744957046982766e-15
3800.0,-1.2915820596775878e-14
3800.1509433962265,1.3155853784787114e-14
3800.301886792453,-1.187824771132461e-14
3800.4528301886794,8.565928337665332e-15
3800.603773584906,-7.351902737897411e-15
3800.754716981132,5.5500015419326386e-15
3800.9056603773583,-4.795282796200968e-15
3801.056603773585,2.9097614019868337e-15
3801.2075471698113,-3.834156464094328e-15
3801.3584905660377,5.280073972481931e-15
3801.509433962264,-7.69668628363595e-15
3801.6603773584907,5.962002790393186e-15
3801.811320754717,-2.6664096736178166e-15
3801.9622641509436,-1.916715242658105e-15
3802.1132075471696,2.5145668305649872e-15
3802.264150943396,-2.0162559494176432e-15
3802.4150943396226,4.418713256648039e-16
3802.566037735849,-2.404998441972487e-15
3802.7169811320755,4.6747026639065926e-15
3802.867924528302,-7.670334225553901e-15
3803.0188679245284,7.178837423370453e-15
3803.169811320755,-6.2179849386664685e-15
3803.3207547169814,3.627382225960758e-15
3803.4716981132074,-3.2898350052496046e-15
3803.622641509434,2.5661399286631473e-15
3803.7735849056603,-3.4818904631643942e-15
3803.9245283018868,2.7277019908695426e-15
3804.0754716981132,-3.0346200011021677e-15
3804.2264150943397,2.0287738194398245e-15
3804.377358490566,-2.7133022266970297e-15
3804.5283018867926,2.1795150735538496e-15
3804.6792452830186,-2.8742213362786163e-15
3804.830188679245,1.888879181552125e-15
3804.9811320754716,-2.292735758937773e-15
3805.132075471698,1.6870152456379057e-15
3805.2830188679245,-2.980108406169853e-15
3805.433962264151,2.8802613450751462e-15
3805.5849056603774,-3.539857904189649e-15
3805.735849056604,1.9166396016336315e-15
3805.8867924528304,-1.703355753870853e-15
3806.0377358490564,1.458604907571874e-15
3806.188679245283,-4.569163491308946e-15
3806.3396226415093,6.67220524084567e-15
3806.490566037736,-8.386782549686959e-15
3806.6415094339623,6.239425499335009e-15
3806.7924528301887,-5.018805681590203e-15
3806.943396226415,3.781207136175405e-15
3807.0943396226417,-5.0339770967907446e-15
3807.245283018868,3.449470427593172e-15
3807.396226415094,-8.157490433495334e-16
3807.5471698113206,-3.788051681969675e-15
3807.698113207547,3.932691150255041e-15
3807.8490566037735,-1.5456099977311503e-15
3808.0,-3.631553703939425e-15
3808.1509433962265,4.545331874621849e-15
3808.301886792453,-2.6183050358501844e-15
3808.4528301886794,-3.142317724527205e-15
3808.603773584906,6.098492751463881e-15
3808.754716981132,-7.142973273554613e-15
3808.9056603773583,3.774699688673462e-15
3809.056603773585,-1.4180045960977212e-15
3809.2075471698113,-7.668929854721882e-16
3809.3584905660377,-9.829624495672454e-16
3809.509433962264,2.2650249593238194e-15
3809.6603773584907,-3.7568602056485005e-15
3809.811320754717,7.428261763619148e-16
3809.9622641509436,2.692963988624947e-15
3810.1132075471696,-6.605331918115613e-15
3810.264150943396,5.187871674848618e-15
3810.4150943396226,-1.7642285340322092e-15
3810.566037735849,-4.016915053567872e-15
3810.7169811320755,5.957902848314089e-15
3810.867924528302,-6.34848879469349e-15
3811.0188679245284,3.404569846539112e-15
3811.169811320755,-2.4195476851179584e-15
3811.3207547169814,1.2120637432142606e-15
3811.4716981132074,-2.589760564721881e-15
3811.622641509434,2.2624904514417002e-15
3811.7735849056603,-2.848498016562174e-15
3811.9245283018868,1.2848852462706395e-15
3812.0754716981132,-1.4881106787577e-15
3812.2264150943397,6.365499835574387e-16
3812.377358490566,-1.9102976141904302e-15
3812.5283018867926,1.493607998897227e-15
3812.6792452830186,-2.233532925824814e-15
3812.830188679245,8.323800189904447e-16
3812.9811320754716,-1.1193177586916328e-15
3813.132075471698,3.2485539856635763e-16
3813.2830188679245,-1.843682081991012e-15
3813.433962264151,1.6659998377633171e-15
3813.5849056603774,-2.3005562453668065e-15
3813.735849056604,3.0850809782436615e-16
3813.8867924528304,-2.6437973430525e-16
3814.0377358490564,2.440652805415351e-16
3814.188679245283,-3.733925660607468e-15
3814.3396226415093,5.602743245987525e-15
3814.490566037736,-7.0894371656495836e-15
3814.6415094339623,3.773540081435829e-15
3814.7924528301887,3.0467623320355545e-16
3814.943396226415,-6.777769619381021e-15
3815.0943396226417,9.7280958938149e-15
3815.245283018868,-1.0562324413672884e-14
3815.396226415094,5.819957900805602e-15
3815.5471698113206,-1.7879666958076377e-15
3815.698113207547,-1.4331489028697942e-15
3815.8490566037735,-7.142645761034071e-16
3816.0,2.2391252184661004e-15
3816.1509433962265,-3.3090186984082626e-15
3816.301886792453,-3.781195013436686e-16
3816.4528301886794,3.111385891488619e-15
3816.603773584906,-6.116679475801771e-15
3816.754716981132,5.721550702046138e-15
3816.9056603773583,-7.018996848798851e-15
3817.056603773585,7.328499323819356e-15
3817.2075471698113,-9.125864912366442e-15
3817.3584905660377,6.499505401654728e-15
3817.509433962264,-1.832668642536209e-15
3817.6603773584907,-6.671007122782645e-15
3817.811320754717,1.0903324286376827e-14
3817.9622641509436,-1.0351281452451561e-14
3818.1132075471696,1.0288464037622218e-15
3818.264150943396,8.958619892638596e-15
3818.4150943396226,-1.653594230178677e-14
3818.566037735849,1.3527981350845052e-14
3818.7169811320755,-4.710825713412869e-15
3818.867924528302,-7.435817420882544e-15
3819.0188679245284,1.2660703948649913e-14
3819.169811320755,-1.2801002914500536e-14
3819.3207547169814,7.654003587339053e-15
3819.4716981132074,-5.585881869438731e-15
3819.622641509434,4.143943218470414e-15
3819.7735849056603,-4.763548478711667e-15
3819.9245283018868,1.4593792288048885e-15
3820.0754716981132,1.2037335183185687e-15
3820.2264150943397,-4.118331538869741e-15
3820.377358490566,1.8065839323640646e-15
3820.5283018867926,8.911497409310765e-16
3820.6792452830186,-5.113289687987496e-15
3820.830188679245,4.932256195594565e-15
3820.9811320754716,-3.697362888544033e-15
3821.132075471698,-1.338276002419211e-15
3821.2830188679245,4.529225873256807e-15
3821.433962264151,-8.125299745418971e-15
3821.5849056603774,7.701077287139437e-15
3821.735849056604,-7.676650765977465e-15
3821.8867924528304,5.3056050128874786e-15
3822.0377358490564,-5.293382986171158e-15
3822.188679245283,3.906739241148727e-15
3822.3396226415093,-4.7142022251309055e-15
3822.490566037736,3.503529609496588e-15
3822.6415094339623,-4.1400694604493726e-15
3822.7924528301887,2.8663371508183024e-15
3822.943396226415,-3.745217469174204e-15
3823.0943396226417,2.8313442674385454e-15
3823.245283018868,-3.926648995148873e-15
3823.396226415094,2.9232446645928106e-15
3823.5471698113206,-3.720430113545556e-15
3823.698113207547,2.458193582998962e-15
3823.8490566037735,-3.35873102673088e-15
3824.0,2.6397900149018525e-15
3824.1509433962265,-4.194091275251581e-15
3824.301886792453,3.527340445885746e-15
3824.4528301886794,-4.134953762119289e-15
3824.603773584906,2.1656651009210452e-15
3824.754716981132,-2.802102577495691e-15
3824.9056603773583,3.178227362538182e-15
3825.056603773585,-7.0711164655331906e-15
3825.2075471698113,8.523827934975925e-15
3825.3584905660377,-9.619180586569881e-15
3825.509433962264,5.913246680572514e-15
3825.6603773584907,-2.8231124457083523e-15
3825.811320754717,-1.9010018760590765e-15
3825.9622641509436,2.7181660692243593e-15
3826.1132075471696,-2.7756262826812826e-15
3826.264150943396,-2.1176468215616872e-15
3826.4150943396226,6.1549275400121994e-15
3826.566037735849,-1.0232203977899199e-14
3826.7169811320755,7.642860710176555e-15
3826.867924528302,-3.2680899499624923e-15
3827.0188679245284,-2.9295182285908146e-15
3827.169811320755,2.6468077727444847e-15
3827.3207547169814,2.5331759160647326e-16
3827.4716981132074,-6.074804114063767e-15
3827.622641509434,6.146483761873075e-15
3827.7735849056603,-3.58224560077699e-15
3827.9245283018868,-2.9025104121696217e-15
3828.0754716981132,5.070152738082739e-15
3828.2264150943397,-5.421766050092223e-15
3828.377358490566,1.2593951302111625e-15
3828.5283018867926,1.4279740361778126e-16
3828.6792452830186,-1.156312697467787e-15
3828.830188679245,-1.7462563169020328e-15
3828.9811320754716,1.6595655011364627e-15
3829.132075471698,-8.242568915883462e-16
3829.2830188679245,-4.323707184488665e-15
3829.433962264151,6.395488627241909e-15
3829.5849056603774,-6.9902687721836925e-15
3829.735849056604,1.9388232720689297e-15
3829.8867924528304,1.72079722117056e-15
3830.0377358490564,-5.5212316475450385e-15
3830.188679245283,4.356013640676101e-15
3830.3396226415093,-3.757011787139507e-15
3830.490566037736,9.32466499612084e-16
3830.6415094339623,-9.938170376782396e-16
3830.7924528301887,-3.9249597119381343e-16
3830.943396226415,-1.0948433165194956e-15
3831.0943396226417,8.87422240419337e-16
3831.245283018868,-2.53821189999766e-15
3831.396226415094,4.2589373741024994e-16
3831.5471698113206,1.3423515682358938e-15
3831.698113207547,-5.713356864573532e-15
3831.8490566037735,5.684539318050719e-15
3832.0,-3.837198500777013e-15
3832.1509433962265,-3.710737121056948e-15
3832.301886792453,9.321729920500183e-15
3832.4528301886794,-1.351240803603937e-14
3832.603773584906,9.931441006799013e-15
3832.754716981132,-4.797217467204026e-15
3832.9056603773583,-2.2598893705801988e-15
3833.056603773585,3.382096578657632e-15
3833.2075471698113,-2.89748651863555e-15
3833.3584905660377,-9.49686971558163e-16
3833.509433962264,5.8149594811059e-16
3833.6603773584907,1.9419064910404052e-17
3833.811320754717,-2.876665414966847e-15
3833.9622641509436,4.2336128833234677e-16
3834.1132075471696,2.9230579042665623e-15
3834.264150943396,-8.238999512227849e-15
3834.4150943396226,6.856924724297634e-15
3834.566037735849,-2.702502792268904e-15
3834.7169811320755,-4.939610165816236e-15
3834.867924528302,6.359470591956195e-15
3835.0188679245284,-4.360344283132251e-15
3835.169811320755,-2.6202501159966523e-15
3835.3207547169814,4.683218790993528e-15
3835.4716981132074,-3.0890318520586537e-15
3835.622641509434,-5.759248089215113e-15
3835.7735849056603,1.2488017319920354e-14
3835.9245283018868,-1.6625457363871415e-14
3836.0754716981132,1.1666584485208071e-14
3836.2264150943397,-5.1857747423204026e-15
3836.377358490566,-1.883283782269515e-15
3836.5283018867926,9.608050304751878e-16
3836.6792452830186,2.3049109058808524e-15
3836.830188679245,-7.876897470038584e-15
3836.9811320754716,6.873879638138525e-15
3837.132075471698,-3.891192314960302e-15
3837.2830188679245,-2.3628235145428107e-15
3837.433962264151,3.678594495573697e-15
3837.5849056603774,-4.1283216832408336e-15
3837.735849056604,8.897712581025095e-16
3837.8867924528304,-8.307081319718974e-16
3838.0377358490564,-4.1735227267902247e-16
3838.188679245283,-8.457948545944939e-16
3838.3396226415093,-1.0154207153093647e-15
3838.490566037736,7.170999606536272e-16
3838.6415094339623,-1.845581790568585e-15
3838.7924528301887,-6.01321167042764e-16
3838.943396226415,1.7892315442076967e-16
3839.0943396226417,2.265710463029555e-16
3839.245283018868,-5.227339624034456e-15
3839.396226415094,7.154861979158939e-15
3839.5471698113206,-7.872605914748195e-15
3839.698113207547,2.3628613282470218e-15
3839.8490566037735,1.5389924142933987e-15
3840.0,-5.260116617422977e-15
3840.1509433962265,2.993710647552654e-15
3840.301886792453,-1.7128118124510673e-15
3840.4528301886794,-6.410433390773152e-16
3840.603773584906,-1.5887491787188055e-15
3840.754716981132,1.4428438557558742e-15
3840.9056603773583,-1.2948237175252859e-15
3841.056603773585,-3.792354084088758e-15
3841.2075471698113,5.910677223502448e-15
3841.3584905660377,-6.8371397654632575e-15
3841.509433962264,1.4110696495583039e-15
3841.6603773584907,2.4388576216001298e-15
3841.811320754717,-6.330092913778705e-15
3841.9622641509436,4.431369173271645e-15
3842.1132075471696,-3.608126310213963e-15
3842.264150943396,1.2228074421624625e-15
3842.4150943396226,-2.79849777438601e-15
3842.566037735849,1.9113810420826797e-15
3842.7169811320755,-2.261929521531085e-15
3842.867924528302,-4.646161169148271e-16
3843.0188679245284,-9.280342913444937e-16
3843.169811320755,2.4664939915249246e-15
3843.3207547169814,-7.45630900140002e-15
3843.4716981132074,7.350602295107105e-15
3843.622641509434,-4.906490848723298e-15
3843.7735849056603,-3.7123925626893356e-15
3843.9245283018868,9.077558834501171e-15
3844.0754716981132,-1.2119449653702313e-14
3844.2264150943397,7.348142914238226e-15
3844.377358490566,-3.5036986837416887e-15
3844.5283018867926,-3.1361824448657257e-16
3844.6792452830186,-1.9922866664635536e-15
3844.830188679245,2.458793137688991e-15
3844.9811320754716,-2.4448572459052875e-15
3845.132075471698,-4.237395610058923e-15
3845.2830188679245,9.556540568018052e-15
3845.433962264151,-1.4158225256179222e-14
3845.5849056603774,1.0526766766203214e-14
3845.735849056604,-5.560290337020127e-15
3845.8867924528304,-1.7091138366350611e-15
3846.0377358490564,2.883588139313556e-15
3846.188679245283,-3.1429515470585625e-15
3846.3396226415093,-2.9767501542578876e-16
3846.490566037736,-5.599336895938753e-17
3846.6415094339623,-7.129665259577948e-16
3846.7924528301887,-1.2608977097897278e-15
3846.943396226415,-4.678602053909973e-16
3847.0943396226417,3.3620945448879377e-16
3847.245283018868,-2.1311602017107597e-15
3847.396226415094,-2.1193916987584098e-16
3847.5471698113206,2.709245686394566e-16
3847.698113207547,-1.14028148454301e-15
3847.8490566037735,-3.2442767987136086e-15
3848.0,5.6914469591604764e-15
3848.1509433962265,-8.18502682425901e-15
3848.301886792453,3.402274883754989e-15
3848.4528301886794,2.1481243649952316e-15
3848.603773584906,-9.887059685781497e-15
3848.754716981132,1.066492218024161e-14
3848.9056603773583,-9.004658832915821e-15
3849.056603773585,2.252515197575403e-15
3849.2075471698113,6.444221819196838e-16
3849.3584905660377,-3.760216000050178e-15
3849.509433962264,3.172033517826589e-15
3849.6603773584907,-5.900530056826072e-15
3849.811320754717,6.1201595279704965e-15
3849.9622641509436,-7.228672654988848e-15
3850.1132075471696,2.7365457466732302e-15
3850.264150943396,6.896685475787828e-16
3850.4150943396226,-5.8006301021938535e-15
3850.566037735849,5.2696525303303965e-15
3850.7169811320755,-4.774438202265998e-15
3850.867924528302,9.552240491651292e-16
3851.0188679245284,-1.4677594258623468e-15
3851.169811320755,1.6914116392411392e-15
3851.3207547169814,-6.31068613429424e-15
3851.4716981132074,7.936050311019028e-15
3851.622641509434,-9.586561359984085e-15
3851.7735849056603,4.097795068785228e-15
3851.9245283018868,2.173224574181891e-15
3852.0754716981132,-1.0926143207114313e-14
3852.2264150943397,1.2247252443502797e-14
3852.377358490566,-1.0141531574461701e-14
3852.5283018867926,1.988866483540057e-15
3852.6792452830186,1.422732921168597e-15
3852.830188679245,-2.2168269845496913e-15
3852.9811320754716,-3.9730854575121955e-15
3853.132075471698,7.00793629668671e-15
3853.2830188679245,-8.475974321069166e-15
3853.433962264151,2.6450184308957153e-15
3853.5849056603774,1.5979052890197084e-15
3853.735849056604,-6.136034208217201e-15
3853.8867924528304,4.11864920310706e-15
3854.0377358490564,-2.7333818526465316e-15
3854.188679245283,-9.317589490416501e-16
3854.3396226415093,-3.822955059617296e-16
3854.490566037736,5.472803378022416e-16
3854.6415094339623,-3.0333540646425647e-15
3854.7924528301887,3.1117421246020874e-16
3854.943396226415,1.757179896702473e-15
3855.0943396226417,-6.465186814376611e-15
3855.245283018868,5.555476723754563e-15
3855.396226415094,-3.89243367729754e-15
3855.5471698113206,-2.7492907562925644e-15
3855.698113207547,5.980832463528811e-15
3855.8490566037735,-8.872044119910695e-15
3856.0,4.5687918565895085e-15
3856.1509433962265,-1.506151509297239e-16
3856.301886792453,-6.318196725234731e-15
3856.4528301886794,4.992510556133973e-15
3856.603773584906,-3.4229148102935863e-16
3856.754716981132,-1.0072089733684464e-14
3856.9056603773583,1.4592001031532238e-14
3857.056603773585,-1.4888729417798373e-14
3857.2075471698113,6.322509136767022e-15
3857.3584905660377,-2.0830737915253817e-16
3857.509433962264,-3.758791749607422e-15
3857.6603773584907,-1.2219475111070846e-15
3857.811320754717,5.480938537198999e-15
3857.9622641509436,-9.47766381935691e-15
3858.1132075471696,4.707733583345399e-15
3858.264150943396,1.338910473091015e-15
3858.4150943396226,-9.845227556775427e-15
3858.566037735849,1.072774987659865e-14
3858.7169811320755,-8.832933681232705e-15
3858.867924528302,1.0364869704833252e-15
3859.0188679245284,2.700072096495014e-15
3859.169811320755,-5.830044359610222e-15
3859.3207547169814,3.169097744698429e-15
3859.4716981132074,-3.081642230723336e-15
3859.622641509434,1.501719964881965e-15
3859.7735849056603,-3.9874227304996494e-15
3859.9245283018868,2.883071333677548e-15
3860.0754716981132,-2.9800821233736655e-15
3860.2264150943397,-5.515756886991423e-16
3860.377358490566,-8.097011678909624e-16
3860.5283018867926,2.4359176121499185e-15
3860.6792452830186,-8.033781758799886e-15
3860.830188679245,7.484169085417503e-15
3860.9811320754716,-4.895398647864111e-15
3861.132075471698,-2.8655478792399138e-15
3861.2830188679245,4.925989444393593e-15
3861.433962264151,-5.002200083667124e-15
3861.5849056603774,-7.323663802183012e-16
3861.735849056604,2.6367144338514913e-15
3861.8867924528304,-5.466711212877953e-15
3862.0377358490564,4.817481179176909e-15
3862.188679245283,-8.100436086875037e-15
3862.3396226415093,8.221675117789411e-15
3862.490566037736,-8.916728787193192e-15
3862.6415094339623,3.8189091816951096e-15
3862.7924528301887,-1.5897680041154632e-15
3862.943396226415,-8.854476774310786e-16
3863.0943396226417,-2.497004577927586e-15
3863.245283018868,3.1028359891523852e-15
3863.396226415094,-5.128431917887838e-15
3863.5471698113206,3.2559345808126873e-15
3863.698113207547,-5.0197363615116465e-15
3863.8490566037735,3.572579037276886e-15
3864.0,-2.6030811193742967e-15
3864.1509433962265,-4.449142136782506e-15
3864.301886792453,8.094931962029159e-15
3864.4528301886794,-1.00315476632603e-14
3864.603773584906,3.019632062965654e-15
3864.754716981132,3.5454158019756953e-15
3864.9056603773583,-1.1373873316854507e-14
3865.056603773585,1.2097212304602619e-14
3865.2075471698113,-1.2061044893403147e-14
3865.3584905660377,5.7099478352482656e-15
3865.509433962264,3.130083094971667e-16
3865.6603773584907,-1.0395006532307587e-14
3865.811320754717,1.450656157071675e-14
3865.9622641509436,-1.5268182397205905e-14
3866.1132075471696,6.40732367678247e-15
3866.264150943396,1.6945523234426662e-15
3866.4150943396226,-9.779830884082277e-15
3866.566037735849,8.613820133617332e-15
3866.7169811320755,-5.218800235499371e-15
3866.867924528302,-3.822868151211903e-15
3867.0188679245284,9.476509395620894e-15
3867.169811320755,-1.589968231737246e-14
3867.3207547169814,1.518579975933775e-14
3867.4716981132074,-1.3094641446452483e-14
3867.622641509434,5.10263438474369e-15
3867.7735849056603,-1.3868426140921311e-15
3867.9245283018868,-1.0312017499230178e-15
3868.0754716981132,-4.001830550950405e-15
3868.2264150943397,6.437962445816548e-15
3868.377358490566,-8.607516199774256e-15
3868.5283018867926,3.3531405055151725e-15
3868.6792452830186,2.1095706887024187e-16
3868.830188679245,-4.857315656092731e-15
3868.9811320754716,2.8149871872672554e-15
3869.132075471698,-1.9366595661880153e-15
3869.2830188679245,-1.5647353418386546e-15
3869.433962264151,-9.917680266310234e-17
3869.5849056603774,-3.156036775294209e-16
3869.735849056604,-1.4848393834051011e-15
3869.8867924528304,-2.0535355764738547e-15
3870.0377358490564,3.278151086124988e-15
3870.188679245283,-6.280845911794799e-15
3870.3396226415093,3.832759325067753e-15
3870.490566037736,-3.8944426583955695e-15
3870.6415094339623,1.517016251380354e-15
3870.7924528301887,-2.435292246036094e-15
3870.943396226415,-1.7126529716008078e-15
3871.0943396226417,4.441116656268337e-15
3871.245283018868,-9.752630710978698e-15
3871.396226415094,8.99664739645196e-15
3871.5471698113206,-9.22609135973302e-15
3871.698113207547,5.8745887426133906e-15
3871.8490566037735,-5.93221364813425e-15
3872.0,1.4558500157378009e-15
3872.1509433962265,1.8439288527874627e-15
3872.301886792453,-8.974217699413027e-15
3872.4528301886794,1.0719121354193594e-14
3872.603773584906,-1.239786063109807e-14
3872.754716981132,8.203774040566364e-15
3872.9056603773583,-5.8831370745159985e-15
3873.056603773585,-1.0397194966431913e-15
3873.2075471698113,6.3901579210151126e-15
3873.3584905660377,-1.593364552128332e-14
3873.509433962264,1.992420058219035e-14
3873.6603773584907,-2.096710326459901e-14
3873.811320754717,1.0882056288358632e-14
3873.9622641509436,1.6809144918968447e-16
3874.1132075471696,-1.1462756157101457e-14
3874.264150943396,1.01434352378966e-14
3874.4150943396226,-2.732020972713619e-15
3874.566037735849,-1.107394061868257e-14
3874.7169811320755,1.6322146561949066e-14
3874.867924528302,-1.5715830111893326e-14
3875.0188679245284,5.5411136251828256e-15
3875.169811320755,5.493689223105835e-16
3875.3207547169814,-4.3082488036578415e-15
3875.4716981132074,-4.4088123117483285e-16
3875.622641509434,2.2866273690531345e-15
3875.7735849056603,-3.507919470982788e-15
3875.9245283018868,-3.402795622289349e-15
3876.0754716981132,8.466080190499197e-15
3876.2264150943397,-1.3908686706867576e-14
3876.377358490566,1.0287839829704698e-14
3876.5283018867926,-5.151139145186151e-15
3876.6792452830186,-4.72531538435048e-15
3876.830188679245,8.33792604855889e-15
3876.9811320754716,-1.0377897310119461e-14
3877.132075471698,5.492697487442338e-15
3877.2830188679245,-4.1741474774583366e-15
3877.433962264151,1.961676473840084e-15
3877.5849056603774,-4.6330223455327226e-15
3877.735849056604,2.3306949090513434e-15
3877.8867924528304,-6.39253629623673e-16
3878.0377358490564,-5.08725716166715e-15
3878.188679245283,4.4632802405600354e-15
3878.3396226415093,-3.35154771108435e-15
3878.490566037736,-2.5698462779675437e-15
3878.6415094339623,2.7454953818273326e-15
3878.7924528301887,-2.6068051556199425e-15
3878.943396226415,-3.3635735768216282e-15
3879.0943396226417,5.665996375806163e-15
3879.245283018868,-9.275783772904355e-15
3879.396226415094,6.302255143693649e-15
3879.5471698113206,-3.913896230527874e-15
3879.698113207547,-3.032313606312459e-15
3879.8490566037735,4.394723590041945e-15
3880.0,-4.6454197417479656e-15
3880.1509433962265,-2.6134260853667243e-15
3880.301886792453,6.405607255480603e-15
3880.4528301886794,-9.437495608187534e-15
3880.603773584906,3.856172190049326e-15
3880.754716981132,-2.217469183031346e-16
3880.9056603773583,-3.5231151869458035e-15
3881.056603773585,-2.0673307663356613e-15
3881.2075471698113,7.798731034187397e-15
3881.3584905660377,-1.570663858740804e-14
3881.509433962264,1.4842635601088295e-14
3881.6603773584907,-1.2792220632110119e-14
3881.811320754717,6.582541832525819e-15
3881.9622641509436,-6.9305431976678694e-15
3882.1132075471696,6.446687498210555e-15
3882.264150943396,-8.818585535928384e-15
3882.4150943396226,4.2165058370746745e-15
3882.566037735849,-8.401922048465356e-16
3882.7169811320755,-4.398538658325806e-15
3882.867924528302,1.1758621412733293e-15
3883.0188679245284,2.3768394254541475e-15
3883.169811320755,-9.003200110298989e-15
3883.3207547169814,7.569845078587432e-15
3883.4716981132074,-5.211934538004998e-15
3883.622641509434,-1.7726590293514698e-15
3883.7735849056603,2.5136320527434592e-15
3883.9245283018868,-3.435350909787814e-15
3884.0754716981132,-6.658662254196839e-16
3884.2264150943397,2.726602796577089e-16
3884.377358490566,-2.384080584600135e-15
3884.5283018867926,1.165618877357331e-15
3884.6792452830186,-4.904018926575169e-15
3884.830188679245,5.724050283824661e-15
3884.9811320754716,-9.30619352123876e-15
3885.132075471698,7.215116957888245e-15
3885.2830188679245,-6.9767958220603596e-15
3885.433962264151,2.4609891805957765e-15
3885.5849056603774,-2.1981928990779453e-15
3885.735849056604,-4.688449361922991e-16
3885.8867924528304,-1.7228649795077362e-15
3886.0377358490564,5.238743212241824e-16
3886.188679245283,-1.9560160588131557e-15
3886.3396226415093,-2.1493128641400202e-15
3886.490566037736,3.805993230239915e-15
3886.6415094339623,-8.676027894067983e-15
3886.7924528301887,7.854061517606595e-15
3886.943396226415,-8.62474218919175e-15
3887.0943396226417,4.760967911827543e-15
3887.245283018868,-5.093841230755808e-15
3887.396226415094,2.7625243184276213e-15
3887.5471698113206,-4.798761673852479e-15
3887.698113207547,2.9791615377727453e-15
3887.8490566037735,-4.384764233017575e-15
3888.0,1.7845320714038895e-15
3888.1509433962265,-3.2010261015706155e-15
3888.301886792453,1.439603122687798e-15
3888.4528301886794,-3.7815374931380106e-15
3888.603773584906,2.1618098860629557e-15
3888.754716981132,-3.716838268748415e-15
3888.9056603773583,1.0923537182495676e-15
3889.056603773585,-2.493215889769567e-15
3889.2075471698113,9.483588606785291e-16
3889.3584905660377,-3.87066790049319e-15
3889.509433962264,2.7284495801583643e-15
3889.6603773584907,-4.107687161023232e-15
3889.811320754717,5.827038190109497e-16
3889.9622641509436,-1.4575932201050582e-15
3890.1132075471696,9.50675240300456e-16
3890.264150943396,-6.5269038716409274e-15
3890.4150943396226,7.984473238931245e-15
3890.566037735849,-9.99587748865316e-15
3890.7169811320755,4.1676840350196434e-15
3890.867924528302,-3.4248748049761975e-16
3891.0188679245284,-5.64022588950193e-15
3891.169811320755,3.666061387073927e-15
3891.3207547169814,-1.724059566363137e-15
3891.4716981132074,-4.9844188769422955e-15
3891.622641509434,5.343706907124316e-15
3891.7735849056603,-5.7825604094255986e-15
3891.9245283018868,2.2604920300572437e-16
3892.0754716981132,9.510626928306836e-16
3892.2264150943397,-4.581195659206147e-15
3892.377358490566,3.982536165143132e-15
3892.5283018867926,-7.734682293396398e-15
3892.6792452830186,6.931541552417189e-15
3892.830188679245,-7.469637918191687e-15
3892.9811320754716,1.4497410749598647e-15
3893.132075471698,9.877663698151627e-16
3893.2830188679245,-5.1417720865371755e-15
3893.433962264151,3.076175784144305e-15
3893.5849056603774,-4.733026728434196e-15
3893.735849056604,3.916727621667223e-15
3893.8867924528304,-7.780878304341208e-15
3894.0377358490564,6.278957640938519e-15
3894.188679245283,-5.9954283805555245e-15
3894.3396226415093,-2.0190807625482348e-16
3894.490566037736,2.3745851824963786e-15
3894.6415094339623,-6.461650681544338e-15
3894.7924528301887,3.426406355091005e-15
3894.943396226415,-1.505040687866276e-15
3895.0943396226417,-5.185543428048315e-15
3895.245283018868,5.707395706336921e-15
3895.396226415094,-6.19509551050261e-15
3895.5471698113206,-3.5611908611822727e-16
3895.698113207547,2.8840327551573773e-15
3895.8490566037735,-6.7520951402877105e-15
3896.0,3.798614589456559e-15
3896.1509433962265,-3.994311530554889e-15
3896.301886792453,1.2397613788743194e-15
3896.4528301886794,-3.7237359748628604e-15
3896.603773584906,2.0335381569890692e-15
3896.754716981132,-3.1296239268716315e-15
3896.9056603773583,-4.3830673181545216e-16
3897.056603773585,-1.2363786900267826e-15
3897.2075471698113,9.560383300045679e-16
3897.3584905660377,-5.138347605178478e-15
3897.509433962264,2.6252204168439466e-15
3897.6603773584907,-4.54773875766147e-16
3897.811320754717,-6.55043637193458e-15
3897.9622641509436,5.198124635754586e-15
3898.1132075471696,-9.16438993285433e-16
3898.264150943396,-1.1825945951696789e-14
3898.4150943396226,1.8057098806972485e-14
3898.566037735849,-1.9673627133128968e-14
3898.7169811320755,7.699020253312458e-15
3898.867924528302,3.619667554080824e-15
3899.0188679245284,-1.363119358757283e-14
3899.169811320755,9.314725964130611e-15
3899.3207547169814,-1.9796146054531085e-15
3899.4716981132074,-8.754607662579161e-15
3899.622641509434,9.137120059878771e-15
3899.7735849056603,-8.271581965586645e-15
3899.9245283018868,2.5044575490576434e-15
3900.0754716981132,-3.155756268115161e-15
3900.2264150943397,1.1073208724349352e-15
3900.377358490566,-2.2071619537638745e-15
3900.5283018867926,-2.6596779146426293e-15
3900.6792452830186,3.560846924706203e-15
3900.830188679245,-6.7147906534113796e-15
3900.9811320754716,3.2652686070107167e-15
3901.132075471698,-2.9634345269257587e-15
3901.2830188679245,-6.737673855353458e-16
3901.433962264151,-1.488570899937763e-15
3901.5849056603774,2.7335828615824017e-16
3901.735849056604,-2.6910499060973026e-15
3901.8867924528304,-2.5964176361739307e-16
3902.0377358490564,-6.228359730889791e-16
3902.188679245283,-1.7405989795636326e-15
3902.3396226415093,-1.4337453772824147e-15
3902.490566037736,2.6858675275547407e-16
3902.6415094339623,-1.3267656019091813e-15
3902.7924528301887,-3.9994595562675305e-15
3902.943396226415,4.963342155769582e-15
3903.0943396226417,-7.308242533230777e-15
3903.245283018868,1.8521613666986596e-15
3903.396226415094,9.059283877271332e-16
3903.5471698113206,-6.604249155388881e-15
3903.698113207547,5.109361472652909e-15
3903.8490566037735,-5.410318593982289e-15
3904.0,6.162854756814342e-16
3904.1509433962265,-9.574632673219685e-16
3904.301886792453,-1.2442563959053635e-15
3904.4528301886794,-2.4517614505314437e-15
3904.603773584906,2.1659584773085924e-15
3904.754716981132,-4.537837491498209e-15
3904.9056603773583,-2.186890150173185e-16
3905.056603773585,2.3020397720287557e-15
3905.2075471698113,-7.217706872061184e-15
3905.3584905660377,3.751619034524614e-15
3905.509433962264,-1.0235478875847379e-15
3905.6603773584907,-6.36990056260174e-15
3905.811320754717,6.4099658261940485e-15
3905.9622641509436,-7.145357426788267e-15
3906.1132075471696,2.2753090347415365e-15
3906.264150943396,-3.750296278373792e-15
3906.4150943396226,3.8596957097033465e-15
3906.566037735849,-9.12920906379696e-15
3906.7169811320755,7.694683512566074e-15
3906.867924528302,-7.784621095490936e-15
3907.0188679245284,3.2166545218177098e-15
3907.169811320755,-5.230453455000889e-15
3907.3207547169814,4.150984973043819e-15
3907.4716981132074,-5.445524922441633e-15
3907.622641509434,-1.2303267385466544e-15
3907.7735849056603,4.066795627527811e-15
3907.9245283018868,-6.974899104068802e-15
3908.0754716981132,-2.147966674054134e-16
3908.2264150943397,3.934275697873615e-15
3908.377358490566,-6.397049066695918e-15
3908.5283018867926,-3.0582488313925976e-15
3908.6792452830186,9.995838391007162e-15
3908.830188679245,-1.5292080977315804e-14
3908.9811320754716,6.856876519296857e-15
3909.132075471698,1.9536848763357333e-15
3909.2830188679245,-1.1837080685714455e-14
3909.433962264151,8.114161583900127e-15
3909.5849056603774,-4.981668366098681e-16
3909.735849056604,-1.3292657290773753e-14
3909.8867924528304,1.6037435614586065e-14
3910.0377358490564,-1.2799915899281437e-14
3910.188679245283,-1.635481092809479e-15
3910.3396226415093,9.048983008049909e-15
3910.490566037736,-1.1062970848755424e-14
3910.6415094339623,-7.469929907356807e-16
3910.7924528301887,9.274309579706556e-15
3910.943396226415,-1.5088095106811483e-14
3911.0943396226417,7.264739650049158e-15
3911.245283018868,-6.483398290319807e-16
3911.396226415094,-6.088483115096454e-15
3911.5471698113206,7.241813510117195e-16
3911.698113207547,4.105454605958289e-15
3911.8490566037735,-1.0893963906837322e-14
3912.0,6.0232532866005266e-15
3912.1509433962265,4.791902431587026e-16
3912.301886792453,-1.210449132273818e-14
3912.4528301886794,1.2968417488777448e-14
3912.603773584906,-9.465905878960982e-15
3912.754716981132,-3.9065929080402444e-15
3912.9056603773583,1.0211159032255802e-14
3913.056603773585,-1.29807997511051e-14
3913.2075471698113,3.971979111483234e-15
3913.3584905660377,9.173809627351276e-16
3913.509433962264,-4.674936029070154e-15
3913.6603773584907,-2.3374249484101592e-15
3913.811320754717,5.435124382266324e-15
3913.9622641509436,-8.183872944851868e-15
3914.1132075471696,6.637319395542857e-16
3914.264150943396,2.99285638112066e-15
3914.4150943396226,-6.808561442846197e-15
3914.566037735849,7.439947153666113e-16
3914.7169811320755,1.7098059957933744e-15
3914.867924528302,-5.358306513361203e-15
3915.0188679245284,2.957214290530582e-17
3915.169811320755,2.096573659817186e-15
3915.3207547169814,-7.555518721106551e-15
3915.4716981132074,6.3889193152767196e-15
3915.622641509434,-8.966784316872145e-15
3915.7735849056603,6.325328013160904e-15
3915.9245283018868,-7.497092571024501e-15
3916.0754716981132,2.7754712850376672e-15
3916.2264150943397,-2.081754448077402e-15
3916.377358490566,-3.5024567038561694e-15
3916.5283018867926,4.0633110013836754e-15
3916.6792452830186,-8.368650480959446e-15
3916.830188679245,5.95365790699456e-15
3916.9811320754716,-6.392097222024097e-15
3917.132075471698,1.6371413206607357e-15
3917.2830188679245,-2.8390761794461426e-15
3917.433962264151,4.561750684097192e-16
3917.5849056603774,-2.6490645934807723e-15
3917.735849056604,-1.3742749225294975e-15
3917.8867924528304,1.811346851763904e-15
3918.0377358490564,-7.040080760725246e-15
3918.188679245283,6.100638280683894e-15
3918.3396226415093,-7.73888371895313e-15
3918.490566037736,2.2370399426295225e-15
3918.6415094339623,-4.611273977262075e-16
3918.7924528301887,-5.042680807654968e-15
3918.943396226415,2.551202086023828e-15
3919.0943396226417,-1.3024613494485251e-15
3919.245283018868,-6.810530332866934e-15
3919.396226415094,9.247050023307274e-15
3919.5471698113206,-1.3501858113528713e-14
3919.698113207547,9.436014071446471e-15
3919.8490566037735,-8.00806674746213e-15
3920.0,8.712171579421809e-16
3920.1509433962265,1.4704901344672828e-15
3920.301886792453,-8.305838070041861e-15
3920.4528301886794,8.381052842190385e-15
3920.603773584906,-9.271870106089967e-15
3920.754716981132,8.001403367678391e-17
3920.9056603773583,7.299183820068055e-15
3921.056603773585,-1.8117873620811107e-14
3921.2075471698113,1.848695800740437e-14
3921.3584905660377,-1.7915659581033294e-14
3921.509433962264,9.915441310963369e-15
3921.6603773584907,-8.513330423023301e-15
3921.811320754717,4.991386567814696e-15
3921.9622641509436,-6.746335858316382e-15
3922.1132075471696,3.5767035757065165e-16
3922.264150943396,4.9108140279638e-15
3922.4150943396226,-1.5745986935208508e-14
3922.566037735849,1.7298207006122817e-14
3922.7169811320755,-1.699123662421945e-14
3922.867924528302,6.529561499874616e-15
3923.0188679245284,-5.080754440123034e-16
3923.169811320755,-7.105202861854738e-15
3923.3207547169814,5.322089000365307e-15
3923.4716981132074,-6.0823887959165294e-15
3923.622641509434,1.810595929376644e-15
3923.7735849056603,-3.7289580587560745e-15
3923.9245283018868,1.2980123098353341e-15
3924.0754716981132,-3.7792386039375366e-15
3924.2264150943397,9.03888255118335e-16
3924.377358490566,-3.3334166887191295e-15
3924.5283018867926,1.2317693236235292e-15
3924.6792452830186,-4.232388487198487e-15
3924.830188679245,1.2902091028559834e-15
3924.9811320754716,-2.5999227551046745e-15
3925.132075471698,-5.890891226530003e-16
3925.2830188679245,-3.5067032586891094e-15
3925.433962264151,4.3445369976964614e-15
3925.5849056603774,-9.640516120806855e-15
3925.735849056604,6.580805052765811e-15
3925.8867924528304,-5.284800559877423e-15
3926.0377358490564,-2.0553122062937787e-15
3926.188679245283,2.298501952091156e-15
3926.3396226415093,-4.780524251539328e-15
3926.490566037736,4.194138797830979e-16
3926.6415094339623,-1.4168976457113155e-15
3926.7924528301887,-1.653513725897967e-15
3926.943396226415,-1.177039058491755e-15
3927.0943396226417,-1.2626761993246155e-15
3927.245283018868,-1.0864511679867299e-15
3927.396226415094,-1.8496374982065065e-15
3927.5471698113206,-7.061313494840956e-16
3927.698113207547,-1.7317522318095696e-15
3927.8490566037735,-8.36222246326611e-16
3928.0,-2.244717014667518e-15
3928.1509433962265,1.6499022672811504e-16
3928.301886792453,-2.761757169743954e-15
3928.4528301886794,-5.900859617750602e-16
3928.603773584906,-1.3239262664031444e-15
3928.754716981132,-9.491093716322903e-16
3928.9056603773583,-3.29918743945372e-15
3929.056603773585,2.221212526208234e-15
3929.2075471698113,-4.435161909446132e-15
3929.3584905660377,-9.709009993476275e-16
3929.509433962264,8.205422367692326e-16
3929.6603773584907,-1.8455320932586778e-15
3929.811320754717,-7.359837641493237e-15
3929.9622641509436,1.1618818795523057e-14
3930.1132075471696,-1.4941773490070687e-14
3930.264150943396,4.47591770480602e-15
3930.4150943396226,4.267485365443239e-15
3930.566037735849,-1.4156937267058671e-14
3930.7169811320755,1.0547445153666148e-14
3930.867924528302,-6.621858697072441e-15
3931.0188679245284,-2.5926084453987566e-15
3931.169811320755,2.5283973531022656e-15
3931.3207547169814,-4.0723539609732225e-15
3931.4716981132074,-1.0164565184605859e-15
3931.622641509434,-9.424675492640388e-17
3931.7735849056603,-2.7316581923651713e-15
3931.9245283018868,-1.1818788305762747e-15
3932.0754716981132,7.205846680236071e-16
3932.2264150943397,-5.792947544550224e-15
3932.377358490566,4.135932345345175e-15
3932.5283018867926,-5.7020574142601264e-15
3932.6792452830186,3.0380190524975985e-16
3932.830188679245,-2.770035504587436e-16
3932.9811320754716,-4.620106434572588e-15
3933.132075471698,3.9907800154096095e-15
3933.2830188679245,-8.866351988199526e-15
3933.433962264151,7.120567167528254e-15
3933.5849056603774,-8.21543152858397e-15
3933.735849056604,1.4261892690000612e-15
3933.8867924528304,1.4457505723743147e-16
3934.0377358490564,-5.213847829674078e-15
3934.188679245283,2.377412951366712e-15
3934.3396226415093,-4.029623822964033e-15
3934.490566037736,6.787532386430684e-16
3934.6415094339623,-3.471198664950758e-15
3934.7924528301887,3.806010306277e-16
3934.943396226415,-1.9962328063010935e-15
3935.0943396226417,-1.5639553901980223e-15
3935.245283018868,-2.4690729601370657e-15
3935.396226415094,2.9811559500821027e-15
3935.5471698113206,-8.667563429403046e-15
3935.698113207547,5.633308913285962e-15
3935.8490566037735,-4.4998841531959754e-15
3936.0,-3.556285637847126e-15
3936.1509433962265,4.211757914080579e-15
3936.301886792453,-7.050986839648567e-15
3936.4528301886794,1.7689950858088262e-15
3936.603773584906,-1.9656295451370165e-15
3936.754716981132,-1.3339001320683633e-15
3936.9056603773583,-3.576960914823688e-15
3937.056603773585,3.798842992103258e-15
3937.2075471698113,-8.131690855742599e-15
3937.3584905660377,4.2241454258357286e-15
3937.509433962264,-4.3619520493717806e-15
3937.6603773584907,-1.212857757653897e-15
3937.811320754717,1.0339547060086426e-15
3937.9622641509436,-7.007758920513302e-15
3938.1132075471696,6.834305294185067e-15
3938.264150943396,-9.155928194477325e-15
3938.4150943396226,1.2577044049709375e-15
3938.566037735849,2.8486494394988946e-15
3938.7169811320755,-9.511724543679745e-15
3938.867924528302,4.6331206261313896e-15
3939.0188679245284,-2.0756069181899046e-15
3939.169811320755,-4.348600926664455e-15
3939.3207547169814,2.0782966961738042e-16
3939.4716981132074,1.2389852709986367e-15
3939.622641509434,-6.879966345773231e-15
3939.7735849056603,1.959611136864691e-15
3939.9245283018868,1.457332660724098e-15
3940.0754716981132,-1.1171442343900514e-14
3940.2264150943397,1.1695428399432433e-14
3940.377358490566,-1.292877811770518e-14
3940.5283018867926,4.492708630270835e-15
3940.6792452830186,-7.061995644639076e-16
3940.830188679245,-7.320848351937644e-15
3940.9811320754716,6.425871557067075e-15
3941.132075471698,-7.953216333398506e-15
3941.2830188679245,8.9007809394712e-16
3941.433962264151,1.9048045882640836e-15
3941.5849056603774,-1.0245340982826077e-14
3941.735849056604,1.0342829239099545e-14
3941.8867924528304,-1.246210450566525e-14
3942.0377358490564,5.1805235582234665e-15
3942.188679245283,-2.2358921902573187e-15
3942.3396226415093,-5.20680600587535e-15
3942.490566037736,3.003025619443163e-15
3942.6415094339623,-2.467770679768033e-15
3942.7924528301887,-5.908236558224569e-15
3942.943396226415,6.524290256471028e-15
3943.0943396226417,-8.51574566468359e-15
3943.245283018868,7.083831444865888e-16
3943.396226415094,1.6682122656621824e-15
3943.5471698113206,-7.093863055734963e-15
3943.698113207547,2.966456070381183e-15
3943.8490566037735,-3.1946576235611912e-15
3944.0,-1.3520508065065857e-15
3944.1509433962265,-2.3294229650979917e-15
3944.301886792453,1.0575917378918256e-15
3944.4528301886794,-4.458525354519507e-15
3944.603773584906,-4.671102276746588e-16
3944.754716981132,2.31820507174979e-16
3944.9056603773583,-3.68706465190975e-15
3945.056603773585,-2.6879574926477214e-15
3945.2075471698113,4.443961355626095e-15
3945.3584905660377,-8.814266070430482e-15
3945.509433962264,1.373748600705249e-15
3945.6603773584907,3.002857278864701e-15
3945.811320754717,-1.0683155755250327e-14
3945.9622641509436,6.268456635183423e-15
3946.1132075471696,-3.635598499681643e-15
3946.264150943396,-4.528984901917431e-15
3946.4150943396226,2.7172479304286316e-15
3946.566037735849,-3.51940319903563e-15
3946.7169811320755,-2.119259053661051e-15
3946.867924528302,-5.504789499086287e-16
3947.0188679245284,-7.034514802910225e-16
3947.169811320755,-4.057087812073541e-15
3947.3207547169814,5.243433474966525e-16
3947.4716981132074,-1.1753293614976471e-15
3947.622641509434,-3.549616350383625e-15
3947.7735849056603,-1.1495569053894788e-15
3947.9245283018868,2.5343642850971743e-15
3948.0754716981132,-9.273807733427131e-15
3948.2264150943397,5.484286308713679e-15
3948.377358490566,-3.3901935893890573e-15
3948.5283018867926,-5.646370493235033e-15
3948.6792452830186,5.072883222504697e-15
3948.830188679245,-6.270959937446334e-15
3948.9811320754716,-7.911236789025762e-17
3949.132075471698,-2.4435860727184978e-15
3949.2830188679245,2.513860344542911e-15
3949.433962264151,-9.647000286809817e-15
3949.5849056603774,7.22696094645724e-15
3949.735849056604,-5.933728692444809e-15
3949.8867924528304,-4.4830037182463565e-15
3950.0377358490564,7.123121087377942e-15
3950.188679245283,-1.146088566039119e-14
3950.3396226415093,5.700795701819137e-15
3950.490566037736,-5.507524956285059e-15
3950.6415094339623,4.59539447891037e-16
3950.7924528301887,-2.588816170970241e-15
3950.943396226415,-1.947613741634124e-15
3951.0943396226417,2.3866110418354106e-16
3951.245283018868,-3.456484314411443e-15
3951.396226415094,-9.365283549709204e-16
3951.5471698113206,-2.205844319548392e-15
3951.698113207547,2.989402829781652e-15
3951.8490566037735,-1.3792674995001806e-14
3952.0,1.7677310566980364e-14
3952.1509433962265,-2.1701464346867914e-14
3952.301886792453,1.0731221640227812e-14
3952.4528301886794,-1.0754871852908309e-15
3952.603773584906,-1.2139670614045263e-14
3952.754716981132,9.64789933198261e-15
3952.9056603773583,-3.974869756388472e-15
3953.056603773585,-1.1407329849799459e-14
3953.2075471698113,1.5650412852494143e-14
3953.3584905660377,-1.7427347611233975e-14
3953.509433962264,6.047005735816135e-15
3953.6603773584907,-3.4860336274471015e-16
3953.811320754717,-7.420878807522175e-15
3953.9622641509436,3.478341165137019e-15
3954.1132075471696,-3.5988786525858175e-15
3954.264150943396,-1.5678053004760884e-15
3954.4150943396226,-2.01483918486745e-15
3954.566037735849,-4.156744262190283e-16
3954.7169811320755,-1.701807890694818e-15
3954.867924528302,-4.759767794900816e-15
3955.0188679245284,4.606803324610897e-15
3955.169811320755,-8.647643139456203e-15
3955.3207547169814,3.636921746490634e-15
3955.4716981132074,-3.8967831629762645e-15
3955.622641509434,-2.1039148744235417e-15
3955.7735849056603,6.576387880584947e-17
3955.9245283018868,-2.3614469491629704e-15
3956.0754716981132,-3.2531600977585813e-15
3956.2264150943397,9.037191424744539e-16
3956.377358490566,-1.104887492690661e-15
3956.5283018867926,-8.634783414981386e-15
3956.6792452830186,1.0993101521171311e-14
3956.830188679245,-1.4956128154909755e-14
3956.9811320754716,7.008125180980509e-15
3957.132075471698,-4.010803947236321e-15
3957.2830188679245,-3.0883845028796463e-15
3957.433962264151,-1.4571025461203097e-16
3957.5849056603774,-1.5106527861522232e-15
3957.735849056604,-2.6556001597668154e-15
3957.8867924528304,-1.2226950509761288e-15
3958.0377358490564,-1.5640928201242888e-15
3958.188679245283,-1.014566699185497e-15
3958.3396226415093,-3.608407419494042e-15
3958.490566037736,-2.8140786433556075e-17
3958.6415094339623,-4.598002016732126e-16
3958.7924528301887,-6.581775124445124e-15
3958.943396226415,4.48819699321781e-15
3959.0943396226417,-4.51575519853229e-15
3959.245283018868,-5.751060778585591e-15
3959.396226415094,9.092513344812114e-15
3959.5471698113206,-1.5006783812012265e-14
3959.698113207547,8.826761128889235e-15
3959.8490566037735,-6.371274192324371e-15
3960.0,-2.023510627940851e-15
3960.1509433962265,5.3498901738532e-16
3960.301886792453,-3.195178873235536e-15
3960.4528301886794,-1.5172763603749069e-15
3960.603773584906,-1.2617184666966209e-15
3960.754716981132,-2.3376760069317236e-15
3960.9056603773583,-4.486804209233329e-16
3961.056603773585,-3.8661198383960334e-15
3961.2075471698113,5.939021577096606e-16
3961.3584905660377,-2.950271946297968e-15
3961.509433962264,-1.34805584526044e-15
3961.6603773584907,-3.6882227855862555e-15
3961.811320754717,5.0924503361519926e-15
3961.9622641509436,-1.3866047021785322e-14
3962.1132075471696,1.1346014976054768e-14
3962.264150943396,-8.207799040633085e-15
3962.4150943396226,-6.82912052942321e-15
3962.566037735849,1.2689512569373342e-14
3962.7169811320755,-1.6419103650955007e-14
3962.867924528302,3.624092458308164e-15
3963.0188679245284,5.465990391484262e-15
3963.169811320755,-1.6112843008023472e-14
3963.3207547169814,1.0318802716368826e-14
3963.4716981132074,-5.132042576150225e-15
3963.622641509434,-6.087510778522742e-15
3963.7735849056603,4.409111037060052e-15
3963.9245283018868,-4.5971873517301e-15
3964.0754716981132,-2.255600343732207e-15
3964.2264150943397,-2.2669584567743426e-15
3964.377358490566,4.4649510501663e-15
3964.5283018867926,-1.4542823303952865e-14
3964.6792452830186,1.3969588179754354e-14
3964.830188679245,-1.5017983426821636e-14
3964.9811320754716,5.6053741730996316e-15
3965.132075471698,-3.3700191441973124e-15
3965.2830188679245,-3.3262216799486384e-15
3965.433962264151,8.429493313872863e-17
3965.5849056603774,-1.810778847498937e-15
3965.735849056604,-4.630209946278664e-15
3965.8867924528304,3.862646984215797e-15
3966.0377358490564,-8.554568261550864e-15
3966.188679245283,3.767954677596115e-15
3966.3396226415093,-4.501087099942539e-15
3966.490566037736,-1.8246066628967447e-15
3966.6415094339623,3.014096179752256e-16
3966.7924528301887,-5.7646422311458206e-15
3966.943396226415,4.319352825888254e-15
3967.0943396226417,-9.140456003261654e-15
3967.245283018868,4.29764391760592e-15
3967.396226415094,-3.920500120362139e-15
3967.5471698113206,-4.3709892919261946e-15
3967.698113207547,3.690877427514493e-15
3967.8490566037735,-7.304427540157697e-15
3968.0,1.8629522377618837e-15
3968.1509433962265,-3.7731072559952774e-15
3968.301886792453,-4.835636818365789e-17
3968.4528301886794,-4.5661151162735925e-15
3968.603773584906,1.785079920674699e-15
3968.754716981132,-4.872545698713627e-15
3968.9056603773583,-3.8109914671888805e-16
3969.056603773585,-2.3211629962603215e-15
3969.2075471698113,1.6814597979172935e-16
3969.3584905660377,-7.282105312775163e-15
3969.509433962264,6.5041475560278316e-15
3969.6603773584907,-9.78294444324277e-15
3969.811320754717,2.332609109107972e-15
3969.9622641509436,-1.0978772280986489e-15
3970.1132075471696,-5.705224629545293e-15
3970.264150943396,2.2853999475316795e-15
3970.4150943396226,-4.184238417081154e-15
3970.566037735849,-1.5140365505460082e-15
3970.7169811320755,-1.1202768661951824e-15
3970.867924528302,-2.3575083133267982e-15
3971.0188679245284,-2.2872659812083993e-15
3971.169811320755,-4.924776536267415e-16
3971.3207547169814,-3.2391537357858596e-15
3971.4716981132074,-1.641571633923664e-15
3971.622641509434,-3.4091880485829923e-16
3971.7735849056603,-3.899496773747812e-15
3971.9245283018868,-1.804945033778259e-15
3972.0754716981132,1.855341783799378e-15
3972.2264150943397,-8.28326566617602e-15
3972.377358490566,3.650177768050617e-15
3972.5283018867926,-2.9844995116473324e-15
3972.6792452830186,-5.7856023476803154e-15
3972.830188679245,4.6643683163701425e-15
3972.9811320754716,-7.788013439737668e-15
3973.132075471698,1.9273681586122717e-15
3973.2830188679245,-4.437082124210221e-15
3973.433962264151,1.1933802749029498e-15
3973.5849056603774,-6.056001293548881e-15
3973.735849056604,2.2198619444091903e-15
3973.8867924528304,-4.3793524968643426e-15
3974.0377358490564,-7.607695167465732e-16
3974.188679245283,-4.097112552756021e-15
3974.3396226415093,3.953743909318628e-15
3974.490566037736,-1.1291974388886087e-14
3974.6415094339623,7.764566065395979e-15
3974.7924528301887,-7.628937788494331e-15
3974.943396226415,-2.0450980304119073e-15
3975.0943396226417,2.3842027514650727e-15
3975.245283018868,-6.066033495662231e-15
3975.396226415094,-1.7603212955130484e-15
3975.5471698113206,2.78818097441472e-15
3975.698113207547,-8.797198931737432e-15
3975.8490566037735,3.3187655118893074e-15
3976.0,-3.499874589451034e-15
3976.1509433962265,-3.24685444597124e-15
3976.301886792453,8.099370967135025e-16
3976.4528301886794,-5.909118866593494e-15
3976.603773584906,4.1614506600530885e-15
3976.754716981132,-9.647377705937954e-15
3976.9056603773583,4.569988086566321e-15
3977.056603773585,-3.8473073884207575e-15
3977.2075471698113,-5.407966846353419e-15
3977.3584905660377,4.2277305564176734e-15
3977.509433962264,-6.985541334444353e-15
3977.6603773584907,6.634235016465103e-16
3977.811320754717,-4.355670262515197e-15
3977.9622641509436,3.5009612709339495e-15
3978.1132075471696,-1.0938054806150394e-14
3978.264150943396,7.377278737728349e-15
3978.4150943396226,-7.317323675556914e-15
3978.566037735849,-2.3087612657546013e-15
3978.7169811320755,2.045669668878422e-15
3978.867924528302,-5.615495753763675e-15
3979.0188679245284,-1.378182382047272e-15
3979.169811320755,1.8772884340034678e-16
3979.3207547169814,-4.252406138002186e-15
3979.4716981132074,-1.7527272185427474e-15
3979.622641509434,-6.381717867471514e-16
3979.7735849056603,-1.7591387537062912e-15
3979.9245283018868,-6.585335821511845e-15
3980.0754716981132,6.645414635963585e-15
3980.2264150943397,-1.0687043214748006e-14
3980.377358490566,2.1971645152384458e-15
3980.5283018867926,4.4669553385885084e-17
3980.6792452830186,-7.55327972512444e-15
3980.830188679245,2.1110631697045714e-15
3980.9811320754716,-1.059908180732365e-15
3981.132075471698,-7.608672012490911e-15
3981.2830188679245,4.6043047499727285e-15
3981.433962264151,-5.164862567301508e-15
3981.5849056603774,-4.790705236422043e-15
3981.735849056604,6.282048909226434e-15
3981.8867924528304,-1.2898027965010798e-14
3982.0377358490564,7.603589170066969e-15
3982.188679245283,-6.819981128076251e-15
3982.3396226415093,-3.9413682834044806e-15
3982.490566037736,6.020806994708788e-15
3982.6415094339623,-1.279365111305221e-14
3982.7924528301887,6.848490518663112e-15
3982.943396226415,-5.607224675882692e-15
3983.0943396226417,-3.890005206384678e-15
3983.245283018868,2.545476895928903e-15
3983.396226415094,-5.863071247221961e-15
3983.5471698113206,-6.729650713447052e-16
3983.698113207547,-1.6557686008237703e-15
3983.8490566037735,-2.1079573707204766e-15
3984.0,-3.529284146705784e-15
3984.1509433962265,2.3548126258605e-16
3984.301886792453,-2.9148440662212225e-15
3984.4528301886794,-3.915857789081109e-15
3984.603773584906,1.0681933951708695e-15
3984.754716981132,-2.6861137374273194e-15
3984.9056603773583,-6.349831415233337e-15
3985.056603773585,5.109953840793728e-15
3985.2075471698113,-6.332632019335371e-15
3985.3584905660377,-5.228400607653356e-15
3985.509433962264,7.813301324400122e-15
3985.6603773584907,-1.3597912298465444e-14
3985.811320754717,6.558889339203327e-15
3985.9622641509436,-7.068718749738475e-15
3986.1132075471696,1.4499335980398451e-15
3986.264150943396,-5.691784783096099e-15
3986.4150943396226,7.081433016268936e-16
3986.566037735849,-1.7490686468069923e-15
3986.7169811320755,-6.3678856323060986e-15
3986.867924528302,3.892512738244647e-15
3987.0188679245284,-5.5309604450746114e-15
3987.169811320755,-4.041111057600845e-15
3987.3207547169814,4.2156853377167144e-15
3987.4716981132074,-8.374876907867688e-15
3987.622641509434,-1.7777131944998526e-16
3987.7735849056603,1.4916431491660385e-15
3987.9245283018868,-8.765191548561422e-15
3988.0754716981132,3.9969419362009755e-15
3988.2264150943397,-5.534996610189894e-15
3988.377358490566,-9.23775925628183e-16
3988.5283018867926,-2.8892070610035486e-15
3988.6792452830186,-3.05138581641461e-16
3988.830188679245,-4.9233038254698284e-15
3988.9811320754716,5.50477244174391e-16
3989.132075471698,-3.547434833720545e-15
3989.2830188679245,-1.9847273030131867e-15
3989.433962264151,-2.0421101715992454e-15
3989.5849056603774,-1.0957732740057854e-15
3989.735849056604,-4.674239987459384e-15
3989.8867924528304,8.424886102970117e-16
3990.0377358490564,-3.674085723191222e-15
3990.188679245283,-2.904137925522377e-15
3990.3396226415093,-6.165624077686868e-16
3990.490566037736,-1.130210018336306e-15
3990.6415094339623,-7.801925221225774e-15
3990.7924528301887,6.51994565381579e-15
3990.943396226415,-9.068100541116458e-15
3991.0943396226417,-9.601428703947272e-16
3991.245283018868,1.9155397978747914e-15
3991.396226415094,-6.9104008429503645e-15
3991.5471698113206,-1.1175658416010114e-15
3991.698113207547,7.404454570829728e-16
3991.8490566037735,-5.295730563867026e-15
3992.0,-2.5798142434506173e-15
3992.1509433962265,2.4403253226745734e-15
3992.301886792453,-9.085351736885113e-15
3992.4528301886794,5.453590533808541e-15
3992.603773584906,-1.0638633074345345e-14
3992.754716981132,7.643830738822203e-15
3992.9056603773583,-1.2297357121697057e-14
3993.056603773585,5.429274251389228e-15
3993.2075471698113,-4.76334608987835e-15
3993.3584905660377,-4.540291931319406e-15
3993.509433962264,1.6238714215395323e-15
3993.6603773584907,-2.6241563547440934e-15
3993.811320754717,-7.805001128272107e-15
3993.9622641509436,7.583298775738457e-15
3994.1132075471696,-1.1003587012865179e-14
3994.264150943396,1.2498015253406237e-15
3994.4150943396226,-1.6766525329342724e-16
3994.566037735849,-5.914668826676934e-15
3994.7169811320755,-9.733702569131932e-16
3994.867924528302,-2.276811170718928e-16
3995.0188679245284,-4.593042729947078e-15
3995.169811320755,-2.252964013843938e-15
3995.3207547169814,-9.863250530984369e-16
3995.4716981132074,5.281717094210864e-16
3995.622641509434,-1.3393329253083353e-14
3995.7735849056603,1.584807862187652e-14
3995.9245283018868,-1.9515831989198337e-14
3996.0754716981132,5.699998420864775e-15
3996.2264150943397,2.2749827979521514e-15
3996.377358490566,-1.5020925084086835e-14
3996.5283018867926,1.1108814569458646e-14
3996.6792452830186,-1.0639997914399559e-14
3996.830188679245,8.850422315238908e-16
3996.9811320754716,-3.701278795918198e-15
3997.132075471698,9.948198011250883e-16
3997.2830188679245,-7.402917196702205e-15
3997.433962264151,1.59421830074052e-15
3997.5849056603774,-1.5241637648062185e-15
3997.735849056604,-7.636695283192436e-15
3997.8867924528304,4.060228382518672e-15
3998.0377358490564,-4.797087983399267e-15
3998.188679245283,-5.946612261809114e-15
3998.3396226415093,6.0469619098365744e-15
3998.490566037736,-1.0680998566584603e-14
3998.6415094339623,1.5434834893831926e-15
3998.7924528301887,7.691804635920065e-17
3998.943396226415,-8.051749049795131e-15
3999.0943396226417,1.6052031304493943e-15
3999.245283018868,-5.239795999326354e-16
3999.396226415094,-8.960168405018549e-15
3999.5471698113206,4.779269884248987e-15
3999.698113207547,-5.612857509367935e-15
3999.8490566037735,-3.0273328996428157e-15
4000.0,-8.977683084012102e-16
4000.1509433962265,-7.198113381232345e-16
4000.301886792453,-8.06136586571807e-15
4000.4528301886794,6.489703558156141e-15
4000.603773584906,-1.258496977578149e-14
4000.754716981132,8.347237888579365e-15
4000.9056603773583,-1.248408501120652e-14
4001.056603773585,6.5688098848438146e-15
4001.2075471698113,-9.74413566810213e-15
4001.3584905660377,3.9768234773203736e-15
4001.509433962264,-7.589558863482966e-15
4001.6603773584907,1.2638994247703458e-15
4001.811320754717,-3.678111260727805e-15
4001.9622641509436,-2.979690832591917e-15
4002.1132075471696,-4.2003141050692807e-16
4002.264150943396,-5.393159063252844e-15
4002.4150943396226,2.3003069200550805e-15
4002.566037735849,-8.507488994595078e-15
4002.7169811320755,3.678481192256703e-15
4002.867924528302,-5.341267734286253e-15
4003.0188679245284,-4.9386611719624046e-15
4003.169811320755,6.1389110667304745e-15
4003.3207547169814,-1.4320388545090676e-14
4003.4716981132074,8.831183303814728e-15
4003.622641509434,-8.716751437836308e-15
4003.7735849056603,-2.907050152160383e-15
4003.9245283018868,4.012564584939812e-15
4004.0754716981132,-1.0900144406918612e-14
4004.2264150943397,3.864397137900599e-15
4004.377358490566,-3.574178335540855e-15
4004.5283018867926,-6.1595523460266355e-15
4004.6792452830186,4.208449554705228e-15
4004.830188679245,-9.333955501092043e-15
4004.9811320754716,3.3947316352526216e-15
4005.132075471698,-6.617989937519264e-15
4005.2830188679245,7.028895752585159e-16
4005.433962264151,-5.553338124947681e-15
4005.5849056603774,2.4063579396525023e-15
4005.735849056604,-9.916680342302172e-15
4005.8867924528304,7.425603314668729e-15
4006.0377358490564,-1.2778838176383874e-14
4006.188679245283,6.4223028417848985e-15
4006.3396226415093,-8.753925407962693e-15
4006.490566037736,2.0362104543236653e-15
4006.6415094339623,-6.25178874482142e-15
4006.7924528301887,1.2606083261659474e-15
4006.943396226415,-5.0526488797648035e-15
4007.0943396226417,-2.412474794567216e-15
4007.245283018868,1.0162732971335949e-15
4007.396226415094,-8.529459275548394e-15
4007.5471698113206,3.752233668041233e-15
4007.698113207547,-5.563028460247627e-15
4007.8490566037735,-4.19725518837888e-15
4008.0,3.196979265746454e-15
4008.1509433962265,-8.540008267195588e-15
4008.301886792453,2.9471019888504216e-16
4008.4528301886794,-3.637974787560701e-18
4008.603773584906,-8.919364918991947e-15
4008.754716981132,4.379333994934095e-15
4008.9056603773583,-5.642183418924714e-15
4009.056603773585,-4.757231429145768e-15
4009.2075471698113,3.4606502316563723e-15
4009.3584905660377,-7.672310167618394e-15
4009.509433962264,-1.7659707363887506e-15
4009.6603773584907,1.8505670013111706e-15
4009.811320754717,-9.129273420516524e-15
4009.9622641509436,2.9997688310106646e-15
4010.1132075471696,-5.260769155302677e-15
4010.264150943396,-1.2263383301750678e-15
4010.4150943396226,-4.412672667734397e-15
4010.566037735849,6.54961205274204e-16
4010.7169811320755,-4.952023923786379e-15
4010.867924528302,-3.272013014993177e-15
4011.0188679245284,1.9024436110529632e-15
4011.169811320755,-7.866428500095998e-15
4011.3207547169814,-1.5486281887729856e-16
4011.4716981132074,6.199920110493727e-16
4011.622641509434,-1.0472575585043958e-14
4011.7735849056603,6.9065419640482e-15
4011.9245283018868,-9.247177147270109e-15
4012.0754716981132,-8.055101257429762e-16
4012.2264150943397,-8.928855902908595e-16
4012.377358490566,-2.102010989584316e-15
4012.5283018867926,-1.0233733721429993e-14
4012.6792452830186,1.2256342307198208e-14
4012.830188679245,-1.7415886629122617e-14
4012.9811320754716,3.580604466699598e-15
4013.132075471698,3.570136874510739e-15
4013.2830188679245,-1.6138967931685754e-14
4013.433962264151,9.641086679264922e-15
4013.5849056603774,-7.20180346398402e-15
4013.735849056604,-4.956815974746871e-15
4013.8867924528304,1.4447419432773813e-15
4014.0377358490564,-2.714666823424921e-15
4014.188679245283,-7.510108477273763e-15
4014.3396226415093,4.424505304157247e-15
4014.490566037736,-7.695394251322786e-15
4014.6415094339623,-5.765762238115547e-16
4014.7924528301887,-2.8997644649593602e-15
4014.943396226415,-2.318985893135069e-15
4015.0943396226417,-2.520123406194451e-15
4015.245283018868,-4.335982875836222e-15
4015.396226415094,1.5675134255473769e-15
4015.5471698113206,-8.74395703028506e-15
4015.698113207547,5.0844465227961205e-15
4015.8490566037735,-1.1691214840420547e-14
4016.0,7.408894848655879e-15
4016.1509433962265,-1.1723725391118953e-14
4016.301886792453,3.169188156580644e-15
4016.4528301886794,-3.585767905508162e-15
4016.603773584906,-5.487232657368627e-15
4016.754716981132,1.1537098331547319e-15
4016.9056603773583,-4.18162161558509e-15
4017.056603773585,-4.0938031917323305e-15
4017.2075471698113,-2.7024466627906837e-16
4017.3584905660377,-2.3019216667264606e-15
4017.509433962264,-7.500273327677646e-15
4017.6603773584907,4.890693989479078e-15
4017.811320754717,-7.491829408082133e-15
4017.9622641509436,-5.889626135935349e-15
4018.1132075471696,9.965468709715719e-15
4018.264150943396,-1.92891974936409e-14
4018.4150943396226,8.916870536523283e-15
4018.566037735849,-2.9102623453921247e-15
4018.7169811320755,-1.1447748907715829e-14
4018.867924528302,5.841312289721232e-15
4019.0188679245284,-2.0200274268856106e-15
4019.169811320755,-1.3368827533702593e-14
4019.3207547169814,1.0951896889355047e-14
4019.4716981132074,-1.0696166052527235e-14
4019.622641509434,-2.597703055811353e-15
4019.7735849056603,3.3059943889194205e-16
4019.9245283018868,-2.051845503827993e-15
4020.0754716981132,-8.992479437856838e-15
4020.2264150943397,5.460834461510524e-15
4020.377358490566,-7.004046938766765e-15
4020.5283018867926,-4.483334044091226e-15
4020.6792452830186,2.865173034603965e-15
4020.830188679245,-7.73646929727061e-15
4020.9811320754716,-6.226805288123344e-16
4021.132075471698,-2.3913945688884216e-15
4021.2830188679245,-3.234015796957731e-15
4021.433962264151,-3.2798411837442926e-15
4021.5849056603774,-1.4186849295356338e-15
4021.735849056604,-3.4299735759162337e-15
4021.8867924528304,-3.1880612495165917e-15
4022.0377358490564,-1.6201010483475646e-15
4022.188679245283,-3.361765964661724e-15
4022.3396226415093,-2.868051685594784e-15
4022.490566037736,-2.5466650777582586e-15
4022.6415094339623,-1.884404358189619e-15
4022.7924528301887,-4.642376780210219e-15
4022.943396226415,-9.936187383637254e-16
4023.0943396226417,-2.9931154991373656e-15
4023.245283018868,-3.502040757340902e-15
4023.396226415094,-3.3788092221801705e-15
4023.5471698113206,1.555701043315499e-15
4023.698113207547,-1.0234197591853272e-14
4023.8490566037735,4.5095264360984695e-15
4024.0,-6.007072260051894e-15
4024.1509433962265,-4.67004555407004e-15
4024.301886792453,2.2483889143265455e-15
4024.4528301886794,-7.531721738304536e-15
4024.603773584906,-2.4284331062116856e-16
4024.754716981132,-3.3167700752340204e-15
4024.9056603773583,-2.6302975488310665e-15
4025.056603773585,-3.657874847869305e-15
4025.2075471698113,-1.2631958027061032e-15
4025.3584905660377,-3.988239920069463e-15
4025.509433962264,-2.5431407514596384e-15
4025.6603773584907,-2.311522232949584e-15
4025.811320754717,-3.094210005361692e-15
4025.9622641509436,-3.261790894636023e-15
4026.1132075471696,-1.8563696842657964e-15
4026.264150943396,-3.2134605800085633e-15
4026.4150943396226,-3.6026164175511336e-15
4026.566037735849,-1.2435000996704449e-15
4026.7169811320755,-3.693254074271138e-15
4026.867924528302,-3.606989445768548e-15
4027.0188679245284,-1.2359889361415429e-15
4027.169811320755,-2.579893989390325e-15
4027.3207547169814,-6.855819635425724e-15
4027.4716981132074,4.113683139694795e-15
4027.622641509434,-9.071768277240015e-15
4027.7735849056603,-7.789992602166564e-16
4027.9245283018868,3.4403103802986916e-17
4028.0754716981132,-8.351705051890926e-15
4028.2264150943397,2.301817882465569e-15
4028.377358490566,-6.116611173561758e-15
4028.5283018867926,-9.113820053304044e-16
4028.6792452830186,-4.6497251108581955e-15
4028.830188679245,-6.90009691371476e-16
4028.9811320754716,-4.925523985605681e-15
4029.132075471698,-1.3245550287241341e-15
4029.2830188679245,-4.1731247937926e-15
4029.433962264151,-9.562571273195368e-16
4029.5849056603774,-5.5576386993335525e-15
4029.735849056604,-3.70480234280905e-16
4029.8867924528304,-3.95319648888729e-15
4030.0377358490564,-2.8763279787565417e-15
4030.188679245283,-4.132962558076462e-15
4030.3396226415093,2.0351488569769104e-15
4030.490566037736,-1.1217324161209353e-14
4030.6415094339623,5.426540438527766e-15
4030.7924528301887,-7.017765854639166e-15
4030.943396226415,-4.496894993065022e-15
4031.0943396226417,2.1797660279913797e-15
4031.245283018868,-7.27801182225863e-15
4031.396226415094,-1.9762133615260696e-15
4031.5471698113206,-1.0387938481618623e-15
4031.698113207547,-4.359938584235645e-15
4031.8490566037735,-4.424962385602113e-15
4032.0,4.945479596623314e-16
4032.1509433962265,-3.803452645731368e-15
4032.301886792453,-8.24528073789992e-15
4032.4528301886794,7.089480578056778e-15
4032.603773584906,-1.0846345070188196e-14
4032.754716981132,-3.6834051861436035e-15
4032.9056603773583,6.598959715720854e-15
4033.056603773585,-1.3967771167258222e-14
4033.2075471698113,5.672331722932363e-16
4033.3584905660377,4.64712978603969e-15
4033.509433962264,-1.7279126937879582e-14
4033.6603773584907,9.949723869176897e-15
4033.811320754717,-8.971006613006405e-15
4033.9622641509436,-3.480665092217533e-15
4034.1132075471696,4.1271593178717476e-16
4034.264150943396,-6.263662766292955e-15
4034.4150943396226,-5.53050087958345e-16
4034.566037735849,-4.230224361597191e-15
4034.7169811320755,-3.279320825966139e-15
4034.867924528302,-2.166937496084353e-15
4035.0188679245284,-6.266812285499175e-16
4035.169811320755,-1.214073782809799e-14
4035.3207547169814,1.2146480343729495e-14
4035.4716981132074,-1.771117625262035e-14
4035.622641509434,4.1468988114074255e-15
4035.7735849056603,-9.674935596347758e-16
4035.9245283018868,-8.439498900850501e-15
4036.0754716981132,-2.538394326836546e-15
4036.2264150943397,5.943080347821534e-15
4036.377358490566,-1.8974776915344955e-14
4036.5283018867926,1.3381118933026665e-14
4036.6792452830186,-1.3754929159176996e-14
4036.830188679245,-6.528598072693134e-16
4036.9811320754716,2.4104066549322533e-15
4037.132075471698,-1.3406679773105543e-14
4037.2830188679245,8.072003482388552e-15
4037.433962264151,-1.035084652247033e-14
4037.5849056603774,-2.0808839892541175e-15
4037.735849056604,1.1407527135773777e-15
4037.8867924528304,-7.840532928358057e-15
4038.0377358490564,-1.8891235754514832e-15
4038.188679245283,-6.552348723009251e-17
4038.3396226415093,-6.524706733220901e-15
4038.490566037736,-3.585189137277867e-15
4038.6415094339623,3.087433196936291e-15
4038.7924528301887,-1.2439127812864325e-14
4038.943396226415,5.476766443559322e-15
4039.0943396226417,-8.401896623680486e-15
4039.245283018868,2.5615739620280815e-16
4039.396226415094,-7.789756221688753e-15
4039.5471698113206,5.352367888075191e-15
4039.698113207547,-1.4148411682420669e-14
4039.8490566037735,7.0800759685720935e-15
4040.0,-9.36733367908019e-15
4040.1509433962265,-9.020419778973295e-16
4040.301886792453,-3.060504564022766e-15
4040.4528301886794,-3.553265679467257e-15
4040.603773584906,-2.875144426157612e-15
4040.754716981132,-2.4827967204515387e-15
4040.9056603773583,-6.129687943238212e-15
4041.056603773585,3.782555126272401e-15
4041.2075471698113,-1.2930366890359976e-14
4041.3584905660377,5.853843955679538e-15
4041.509433962264,-7.344477512977805e-15
4041.6603773584907,-3.965428960806987e-15
4041.811320754717,-1.0698540882476006e-15
4041.9622641509436,-1.7494263550781084e-15
4042.1132075471696,-9.106142788292457e-15
4042.264150943396,4.2102475938312416e-15
4042.4150943396226,-7.32614229688665e-15
4042.566037735849,-3.989183399989586e-15
4042.7169811320755,8.282339618614282e-16
4042.867924528302,-6.70009398132173e-15
4043.0188679245284,-2.106860803702075e-15
4043.169811320755,-2.2248677728291934e-15
4043.3207547169814,-4.316541466691364e-15
4043.4716981132074,-2.379234035870522e-15
4043.622641509434,-4.774828609779084e-15
4043.7735849056603,7.556049872773441e-16
4043.9245283018868,-9.366801238347127e-15
4044.0754716981132,3.7909733761246564e-15
4044.2264150943397,-9.257365470191937e-15
4044.377358490566,9.657023156971163e-16
4044.5283018867926,-4.850701781818062e-15
4044.6792452830186,-3.7328351997053536e-15
4044.830188679245,-2.0958636129276453e-15
4044.9811320754716,-2.5101166753240156e-15
4045.132075471698,-6.226755001213208e-15
4045.2830188679245,-6.835071152440305e-16
4045.433962264151,-3.675162484152774e-16
4045.5849056603774,-1.418540420021504e-14
4045.735849056604,1.3398563158383955e-14
4045.8867924528304,-1.82421125721567e-14
4046.0377358490564,2.913932387380729e-15
4046.188679245283,1.8590767831467804e-15
4046.3396226415093,-1.5543091189412617e-14
4046.490566037736,9.727615965740421e-15
4046.6415094339623,-1.246628174993454e-14
4046.7924528301887,1.9242008939565952e-15
4046.943396226415,-6.104374366699482e-15
4047.0943396226417,-1.0555473001079304e-15
4047.245283018868,-5.474667257321743e-15
4047.396226415094,-8.180679986565267e-16
4047.5471698113206,-5.4889807069963405e-15
4047.698113207547,-2.224360437355419e-15
4047.8490566037735,-1.956042599178634e-15
4048.0,-7.169501543271928e-15
4048.1509433962265,2.3065167332201914e-15
4048.301886792453,-8.926629174979849e-15
4048.4528301886794,1.25335227221941e-15
4048.603773584906,-6.299694455160704e-15
4048.754716981132,-1.4027573310766376e-15
4048.9056603773583,-4.618638165893392e-15
4049.056603773585,-1.9498805342996922e-15
4049.2075471698113,-4.887958140102325e-15
4049.3584905660377,-1.519225321867801e-15
4049.509433962264,-4.792955278375559e-15
4049.6603773584907,-2.603333727800113e-15
4049.811320754717,-3.065041423088989e-15
4049.9622641509436,-3.844650061641672e-15
4050.1132075471696,-3.549116929172953e-15
4050.264150943396,-1.793643096908527e-15
4050.4150943396226,-5.0099765119896445e-15
4050.566037735849,-3.709222975912962e-15
4050.7169811320755,5.648139835696508e-16
4050.867924528302,-9.527669329557403e-15
4051.0188679245284,1.9771369434450484e-15
4051.169811320755,-5.024331275289079e-15
4051.3207547169814,-5.508317412295292e-15
4051.4716981132074,9.461881005086333e-16
4051.622641509434,-7.990868626916643e-15
4051.7735849056603,1.0000017419723512e-15
4051.9245283018868,-6.935167919518012e-15
4052.0754716981132,-1.8096419372027746e-15
4052.2264150943397,-1.5265888844660958e-15
4052.377358490566,-7.966486998415287e-15
4052.5283018867926,8.898625324265389e-16
4052.6792452830186,-3.614826297737507e-15
4052.830188679245,-8.32727317903039e-15
4052.9811320754716,4.503218964590961e-15
4053.132075471698,-1.0431246297519838e-14
4053.2830188679245,1.0230193419614972e-15
4053.433962264151,-6.702095998610373e-15
4053.5849056603774,2.017664198151434e-15
4053.735849056604,-1.2378612857740734e-14
4053.8867924528304,7.276733515956032e-15
4054.0377358490564,-1.1595182617032036e-14
4054.188679245283,-1.2196617577396357e-15
4054.3396226415093,7.182641661780499e-16
4054.490566037736,-9.853993001836632e-15
4054.6415094339623,-1.1646647421848106e-15
4054.7924528301887,3.1001151792146338e-15
4054.943396226415,-1.685365692069158e-14
4055.0943396226417,9.023446991885841e-15
4055.245283018868,-7.082891642011923e-15
4055.396226415094,-9.652080477488533e-15
4055.5471698113206,6.62328667618389e-15
4055.698113207547,-1.0003122722520035e-14
4055.8490566037735,-2.974940515950437e-15
4056.0,-6.214313349294446e-16
4056.1509433962265,-4.955777633961601e-15
4056.301886792453,-6.123478877931688e-15
4056.4528301886794,3.628696857943826e-15
4056.603773584906,-1.3211066410926503e-14
4056.754716981132,6.139036353836802e-15
4056.9056603773583,-9.995686712548559e-15
4057.056603773585,-1.542130591152435e-15
4057.2075471698113,-1.6494815538462415e-15
4057.3584905660377,-6.41978101411297e-15
4057.509433962264,-1.5531898629012467e-15
4057.6603773584907,-4.638753325367176e-15
4057.811320754717,-9.658204531729882e-16
4057.9622641509436,-8.677602222791479e-15
4058.1132075471696,2.9638046768247963e-15
4058.264150943396,-8.327425384854916e-15
4058.4150943396226,-1.6927514706092224e-15
4058.566037735849,-3.610548196472895e-15
4058.7169811320755,-2.8732110743234037e-15
4058.867924528302,-4.921061676816465e-15
4059.0188679245284,-3.900178181625752e-15
4059.169811320755,1.933785971623351e-15
4059.3207547169814,-1.474441580142289e-14
4059.4716981132074,1.0382296619912427e-14
4059.622641509434,-1.5231890853563396e-14
4059.7735849056603,2.810441482059187e-15
4059.9245283018868,-4.889379955386764e-15
4060.0754716981132,-4.499678933699402e-15
4060.2264150943397,-2.5590607261337604e-15
4060.377358490566,-3.861465900223314e-15
4060.5283018867926,-4.020002858665345e-15
4060.6792452830186,-1.4169511412582308e-15
4060.830188679245,-8.479551981883225e-15
4060.9811320754716,3.788848465232885e-15
4061.132075471698,-1.084468713770244e-14
4061.2830188679245,6.09952219156547e-16
4061.433962264151,-3.332427476463175e-15
4061.5849056603774,-6.979292659507626e-15
4061.735849056604,3.7571297806317875e-16
4061.8867924528304,-5.9203925976203296e-15
4062.0377358490564,-3.5263004111161605e-15
4062.188679245283,-2.0513286007563164e-15
4062.3396226415093,-5.371675771907521e-15
4062.490566037736,-2.8108105539296876e-15
4062.6415094339623,-3.0453793240519418e-15
4062.7924528301887,-4.313727280514709e-15
4062.943396226415,-4.980679445472652e-15
4063.0943396226417,1.418339212970959e-15
4063.245283018868,-1.146642517527286e-14
4063.396226415094,3.9621353356700515e-15
4063.5471698113206,-7.602105469177198e-15
4063.698113207547,-4.5034812708165895e-15
4063.8490566037735,5.711230286404621e-16
4064.0,-7.801261910046237e-15
4064.1509433962265,-2.556123943453502e-15
4064.301886792453,-6.829023191041623e-16
4064.4528301886794,-9.139154017148117e-15
4064.603773584906,1.9654803671745863e-15
4064.754716981132,-7.65282684821853e-15
4064.9056603773583,-1.9303313739693237e-15
4065.056603773585,-3.013743715643831e-15
4065.2075471698113,-5.8786213348473915e-15
4065.3584905660377,-1.9192211754946113e-15
4065.509433962264,-2.9303624198395636e-15
4065.6603773584907,-6.0577538947952925e-15
4065.811320754717,-4.047742774005567e-15
4065.9622641509436,3.96254371792444e-15
4066.1132075471696,-1.8123640543667497e-14
4066.264150943396,1.1114295835295436e-14
4066.4150943396226,-1.120623280385413e-14
4066.566037735849,-5.924002392682255e-15
4066.7169811320755,3.566881451032149e-15
4066.867924528302,-7.831264738095336e-15
4067.0188679245284,-8.136201399646033e-15
4067.169811320755,8.458469182929462e-15
4067.3207547169814,-1.7979644044782252e-14
4067.4716981132074,7.208892565537293e-15
4067.622641509434,-9.877513456019257e-15
4067.7735849056603,2.067996029844754e-17
4067.9245283018868,-7.707421049990392e-15
4068.0754716981132,8.004186845205233e-16
4068.2264150943397,-7.020795153785959e-15
4068.377358490566,-3.3834911769841523e-15
4068.5283018867926,-9.908139571491542e-16
4068.6792452830186,-8.221733580331747e-15
4068.830188679245,2.788740712652196e-16
4068.9811320754716,-5.01383442680417e-15
4069.132075471698,-6.687917336632356e-15
4069.2830188679245,2.918487770296498e-15
4069.433962264151,-1.1329513176260088e-14
4069.5849056603774,3.75626787371992e-16
4069.735849056604,-9.805403682159977e-16
4069.8867924528304,-1.3374552032508986e-14
4070.0377358490564,8.003443383064863e-15
4070.188679245283,-1.1086431375455029e-14
4070.3396226415093,-4.791077843698615e-15
4070.490566037736,3.8745059021454475e-15
4070.6415094339623,-1.291928143997087e-14
4070.7924528301887,2.770045476963982e-15
4070.943396226415,-7.332647212798279e-15
4071.0943396226417,-1.6432873933141567e-15
4071.245283018868,-5.366171175672224e-15
4071.396226415094,-3.813169988947084e-15
4071.5471698113206,-9.622572851257581e-16
4071.698113207547,-9.276792251554756e-15
4071.8490566037735,2.4650816632190336e-15
4072.0,-8.911312468123821e-15
4072.1509433962265,-7.371609312596907e-16
4072.301886792453,-5.521570122548748e-15
4072.4528301886794,-2.2789017052410606e-15
4072.603773584906,-6.064406616607848e-15
4072.754716981132,-1.0224737536757332e-15
4072.9056603773583,-6.482653706035844e-15
4073.056603773585,-2.045693514250893e-15
4073.2075471698113,-4.844973998924846e-15
4073.3584905660377,-2.854567473117405e-15
4073.509433962264,-5.738158054120214e-15
4073.6603773584907,-1.01315307410982e-15
4073.811320754717,-6.6177444278040725e-15
4073.9622641509436,-2.496444054778293e-15
4074.1132075471696,-3.865862670262704e-15
4074.264150943396,-3.3122538471495003e-15
4074.4150943396226,-7.493038220769004e-15
4074.566037735849,3.5101383970613572e-15
4074.7169811320755,-1.2678520870793001e-14
4074.867924528302,1.7695547083242278e-15
4075.0188679245284,-2.4673157063462598e-15
4075.169811320755,-1.2700478408253902e-14
4075.3207547169814,7.914767607390613e-15
4075.4716981132074,-1.2031077250360354e-14
4075.622641509434,-3.960965378517265e-15
4075.7735849056603,3.6674564390491975e-15
4075.9245283018868,-1.410657399611972e-14
4076.0754716981132,3.3713542320215183e-15
4076.2264150943397,-5.120177730785921e-15
4076.377358490566,-9.16715344720394e-15
4076.5283018867926,6.246870483075277e-15
4076.6792452830186,-1.6082371700043834e-14
4076.830188679245,5.770991237066979e-15
4076.9811320754716,-6.462430514901639e-15
4077.132075471698,-1.0805972565559656e-14
4077.2830188679245,9.86736010032485e-15
4077.433962264151,-1.868548418746688e-14
4077.5849056603774,6.013725619063586e-15
4077.735849056604,-7.230112753140062e-15
4077.8867924528304,-5.174740279963007e-15
4078.0377358490564,-2.0737519860998696e-15
4078.188679245283,-3.893727809904898e-15
4078.3396226415093,-6.3462861828479684e-15
4078.490566037736,-5.318075571640527e-16
4078.6415094339623,-6.954707308975457e-15
4078.7924528301887,-2.30626864950325e-15
4078.943396226415,-4.6770556450554675e-15
4079.0943396226417,-2.7555845173168976e-15
4079.245283018868,-7.582646858696669e-15
4079.396226415094,2.5388292166575463e-15
4079.5471698113206,-1.206433563245939e-14
4079.698113207547,3.365885534915358e-15
4079.8490566037735,-9.421060610887005e-15
4080.0,-3.6708221155830177e-16
4080.1509433962265,-6.491151617965879e-15
4080.301886792453,-2.3178164661878996e-15
4080.4528301886794,-5.316087401265404e-15
4080.603773584906,-2.6150286862369383e-15
4080.754716981132,-5.554251241225038e-15
4080.9056603773583,-3.3363504746513663e-15
4081.056603773585,-2.579176271796531e-15
4081.2075471698113,-8.106291441945812e-15
4081.3584905660377,1.804377426968201e-15
4081.509433962264,-1.0141757459931269e-14
4081.6603773584907,1.0662553421789803e-15
4081.811320754717,-7.635196359902593e-15
4081.9622641509436,-1.9331185010729293e-15
4082.1132075471696,-5.272215537339907e-15
4082.264150943396,-2.755098170865918e-15
4082.4150943396226,-6.392031517895033e-15
4082.566037735849,-8.653837970628402e-16
4082.7169811320755,-6.492368671099048e-15
4082.867924528302,-4.5181018401389415e-15
4083.0188679245284,-2.0577947587698964e-16
4083.169811320755,-9.276386997148085e-15
4083.3207547169814,-1.651373280051836e-15
4083.4716981132074,-7.120971384757279e-17
4083.622641509434,-1.5224402009069354e-14
4083.7735849056603,1.0759584718187395e-14
4083.9245283018868,-1.688373355958229e-14
4084.0754716981132,1.948615416669025e-15
4084.2264150943397,-3.0001898494496867e-15
4084.377358490566,-8.143799928105971e-15
4084.5283018867926,-3.0588625342423174e-15
4084.6792452830186,9.206988678860024e-16
4084.830188679245,-1.3127863136587824e-14
4084.9811320754716,3.3429309081443218e-15
4085.132075471698,-5.946640905634415e-15
4085.2830188679245,-7.1062083949249e-15
4085.433962264151,-1.0753242090144722e-15
4085.5849056603774,-3.396368941599695e-15
4085.735849056604,-8.26223825418263e-15
4085.8867924528304,-1.5571926009410137e-16
4086.0377358490564,-5.483655770740648e-15
4086.188679245283,-4.7255758710978874e-15
4086.3396226415093,-4.004433005319181e-15
4086.490566037736,-3.2804564099645588e-15
4086.6415094339623,-3.667404834421414e-15
4086.7924528301887,-9.29696144382896e-15
4086.943396226415,6.356399592828407e-15
4087.0943396226417,-1.7133205678041718e-14
4087.245283018868,6.710328194241449e-15
4087.396226415094,-1.0185296830084851e-14
4087.5471698113206,-2.985750895776417e-15
4087.698113207547,-2.076478555494579e-15
4087.8490566037735,-8.502945001506093e-15
4088.0,1.8059397250924363e-15
4088.1509433962265,-1.0585851025536363e-14
4088.301886792453,-4.975114965650064e-16
4088.4528301886794,-1.5274123218893298e-15
4088.603773584906,-1.4424664682971736e-14
4088.754716981132,9.81594385048865e-15
4088.9056603773583,-1.4873214291609265e-14
4089.056603773585,-2.4857203366734864e-15
4089.2075471698113,2.5311945453350765e-15
4089.3584905660377,-1.33781143775284e-14
4089.509433962264,4.837399889070646e-16
4089.6603773584907,-1.7905405387817337e-15
4089.811320754717,-1.1428747310779663e-14
4089.9622641509436,3.2078747592323777e-15
4090.1132075471696,-9.026194749724084e-15
4090.264150943396,-1.947336061437939e-15
4090.4150943396226,-6.216400506711255e-15
4090.566037735849,-4.988876487436863e-16
4090.7169811320755,-1.0319992746358825e-14
4090.867924528302,2.967998640669697e-15
4091.0188679245284,-1.1292043795057595e-14
4091.169811320755,2.7803566707774823e-15
4091.3207547169814,-1.290018420945845e-14
4091.4716981132074,6.4656785755580016e-15
4091.622641509434,-1.4569092698208987e-14
4091.7735849056603,1.153123684549222e-15
4091.9245283018868,-2.167330570561027e-15
4092.0754716981132,-1.243858075166428e-14
4092.2264150943397,5.462964920094838e-15
4092.377358490566,-1.184744005967754e-14
4092.5283018867926,4.0305665084124694e-16
4092.6792452830186,-7.866483439177647e-15
4092.830188679245,-4.238859054971527e-16
4092.9811320754716,-7.933866990650351e-15
4093.132075471698,-2.3910595427710285e-15
4093.2830188679245,-4.714699235562004e-15
4093.433962264151,-2.7060176687616806e-15
4093.5849056603774,-9.921509079600319e-15
4093.735849056604,4.715820225119709e-15
4093.8867924528304,-1.2336787391112078e-14
4094.0377358490564,-2.0446949902024233e-15
4094.188679245283,-5.314454577996722e-16
4094.3396226415093,-9.463035209717054e-15
4094.490566037736,-3.3329896226290015e-15
4094.6415094339623,-4.924271354343658e-16
4094.7924528301887,-8.172224927047267e-15
4094.943396226415,-6.3616677954338746e-15
4095.0943396226417,5.0055078166847355e-15
4095.245283018868,-1.742412288601526e-14
4095.396226415094,7.185682793182741e-15
4095.5471698113206,-1.1197705387969387e-14
4095.698113207547,-2.198876693425481e-15
4095.8490566037735,-4.256708787627889e-15
4096.0,-3.619416907649937e-15
4096.1509433962265,-7.718698322954324e-15
4096.301886792453,6.917213642483065e-17
4096.452830188679,-5.707692840674158e-15
4096.603773584906,-9.703237432502516e-15
4096.754716981132,6.925528661041401e-15
4096.905660377359,-1.6810215220909395e-14
4097.056603773585,3.70600711942713e-15
4097.207547169812,-6.099552765813551e-15
4097.358490566037,-7.049300715132455e-15
4097.509433962264,-1.106252767217846e-15
4097.66037735849,-5.910320289582893e-15
4097.811320754717,-4.805404053302089e-15
4097.962264150943,-3.3870731531391247e-15
4098.11320754717,-4.858597543328399e-15
4098.264150943396,-4.9764045742318744e-15
4098.415094339623,-3.1691183423728388e-15
4098.566037735849,-5.625092329403166e-15
4098.7169811320755,-4.141402580569966e-15
4098.867924528302,-3.4408309000632435e-15
4099.018867924528,-5.784505423092374e-15
4099.169811320755,-4.780411091831967e-15
4099.320754716981,-7.996092648500305e-16
4099.471698113208,-1.0735301622320567e-14
4099.622641509434,1.5076340796675299e-15
4099.773584905661,-6.724106209198087e-15
4099.924528301887,-7.199780586142052e-15
4100.075471698113,1.8623676220102337e-15
4100.226415094339,-1.1250697635283143e-14
4100.377358490566,6.111580037083953e-17
4100.528301886792,-5.987762487256456e-15
4100.679245283019,-4.1571040614277346e-15
4100.830188679245,-6.693196442492211e-15
4100.981132075472,1.641438954734764e-15
4101.132075471698,-1.3425072251926018e-14
4101.2830188679245,3.671981105874773e-15
4101.433962264151,-8.345999566239848e-15
4101.584905660377,-5.702725542076191e-15
4101.735849056604,-4.2736385194083893e-16
4101.88679245283,-8.12691579014551e-15
4102.037735849057,-3.2092603124944357e-15
4102.188679245283,-3.869035878041502e-15
4102.33962264151,-5.1830946682794316e-15
4102.490566037736,-5.130765200478049e-15
4102.641509433963,-3.2068688156387614e-15
4102.792452830188,-4.269291482167769e-15
4102.943396226415,-8.009638317434608e-15
4103.094339622641,1.5714991674381822e-15
4103.245283018868,-1.0444262070929016e-14
4103.396226415094,-1.5315567446386218e-15
4103.547169811321,-3.595290610305057e-15
4103.698113207547,-8.612305417827473e-15
4103.8490566037735,1.2268085513146978e-15
4104.0,-1.0265164157886021e-14
4104.1509433962265,-1.0566822583041364e-15
4104.301886792453,-3.759503926185229e-15
4104.452830188679,-9.202457917535093e-15
4104.603773584906,8.527849188814955e-17
4104.754716981132,-4.231286632846737e-15
4104.905660377359,-1.1335822792565753e-14
4105.056603773585,5.020483293360827e-15
4105.207547169812,-1.1303931013482141e-14
4105.358490566037,-3.101350367749093e-15
4105.509433962264,-3.2843479549551148e-15
4105.66037735849,-4.472898289367914e-15
4105.811320754717,-6.690814560012187e-15
4105.962264150943,-4.205846398882066e-15
4106.11320754717,2.5605046914914227e-16
4106.264150943396,-1.2341077821636542e-14
4106.415094339623,-1.4259050117495444e-15
4106.566037735849,2.903312012581669e-15
4106.7169811320755,-2.0813343798708867e-14
4106.867924528302,1.0878637376525782e-14
4107.018867924528,-9.479878686434356e-15
4107.169811320755,-1.285497235276309e-14
4107.320754716981,1.067491173888201e-14
4107.471698113208,-1.7608978678409976e-14
4107.622641509434,7.785954490559824e-16
4107.773584905661,-3.503034193877139e-15
4107.924528301887,-7.91503849660202e-15
4108.075471698113,-1.7200745323893198e-15
4108.226415094339,-7.718978440261984e-15
4108.377358490566,1.143872036762411e-16
4108.528301886792,-1.0212865813651998e-14
4108.679245283019,-1.558798858120966e-15
4108.830188679245,-1.80553510705859e-15
4108.981132075472,-1.3671244992508552e-14
4109.132075471698,7.39130784422957e-15
4109.2830188679245,-1.5405745717010842e-14
4109.433962264151,2.5263685590001428e-15
4109.584905660377,-8.396217162002137e-15
4109.735849056604,-2.952285512283701e-15
4109.88679245283,-5.714153889037564e-15
4110.037735849057,-2.8876049081773757e-15
4110.188679245283,-7.889103543107808e-15
4110.33962264151,-8.479245022836309e-16
4110.490566037736,-6.355795477050828e-15
4110.641509433963,-7.426266120526935e-15
4110.792452830188,1.6914484959313256e-15
4110.943396226415,-1.0392992208030588e-14
4111.094339622641,-3.605025482962437e-15
4111.245283018868,-1.2836211543045076e-15
4111.396226415094,-8.002335309441018e-15
4111.547169811321,-5.9298996270175035e-15
4111.698113207547,1.2363563338177629e-15
4111.8490566037735,-1.0916186819266256e-14
4112.0,-2.7093469268565694e-15
4112.1509433962265,-2.1574221912879746e-15
4112.301886792453,-6.8079450476268735e-15
4112.452830188679,-9.48888074171907e-15
4112.603773584906,9.436483958343402e-15
4112.754716981132,-2.337074732507002e-14
4112.905660377359,9.029623629299468e-15
4113.056603773585,-6.638628144803293e-15
4113.207547169812,-1.2708100773477292e-14
4113.358490566037,3.5486111034769976e-15
4113.509433962264,-3.7230431161201005e-15
4113.66037735849,-1.6235830417379317e-14
4113.811320754717,9.570780867221132e-15
4113.962264150943,-1.2028196213503301e-14
4114.11320754717,-8.053999612511798e-15
4114.264150943396,4.482063581958377e-15
4114.415094339623,-1.1061027745745792e-14
4114.566037735849,-7.442626079004233e-15
4114.7169811320755,6.836267767104869e-15
4114.867924528302,-1.9708752362113238e-14
4115.018867924528,7.063597702462253e-15
4115.169811320755,-9.7562896176864e-15
4115.320754716981,-5.788745996393545e-15
4115.471698113208,-1.3090286770799704e-15
4115.622641509434,-6.7579955039403505e-15
4115.773584905661,-5.88938783019896e-15
4115.924528301887,-1.6917290319150491e-15
4116.075471698113,-6.697854804423359e-15
4116.226415094339,-6.454700945156583e-15
4116.377358490566,4.1579566430228316e-16
4116.528301886792,-1.03192540489389e-14
4116.679245283019,-3.2227918623175113e-15
4116.830188679245,5.956920124138648e-16
4116.981132075472,-1.640183917495676e-14
4117.132075471698,9.002092430002933e-15
4117.2830188679245,-1.5663612218846666e-14
4117.433962264151,4.800377466232812e-16
4117.584905660377,-5.432680452143931e-15
4117.735849056604,-5.5483253978303375e-15
4117.88679245283,-4.980902499759131e-15
4118.037735849057,-3.802023466975506e-15
4118.188679245283,-5.12212984766573e-15
4118.33962264151,-5.139843972755236e-15
4118.490566037736,-6.213273860644131e-15
4118.641509433963,8.774909064109589e-16
4118.792452830188,-1.3871760915604743e-14
4118.943396226415,2.9483285873765474e-15
4119.094339622641,-6.3364133624170344e-15
4119.245283018868,-1.0418141765637621e-14
4119.396226415094,4.067514606902878e-15
4119.547169811321,-1.1268080471382915e-14
4119.698113207547,-4.763152299224337e-15
4119.8490566037735,2.335395753792347e-15
4120.0,-1.7396352293956257e-14
4120.1509433962265,9.619024399001263e-15
4120.301886792453,-1.64246929346754e-14
4120.452830188679,-5.49879578412523e-16
4120.603773584906,-4.465884819464601e-17
4120.754716981132,-1.608334443738445e-14
4120.905660377359,7.166840916852843e-15
4121.056603773585,-1.2338699957668548e-14
4121.207547169812,-3.667745816411397e-15
4121.358490566037,-1.4956458878310026e-15
4121.509433962264,-9.383105259643173e-15
4121.66037735849,-1.7027666351205384e-15
4121.811320754717,-5.722345012084671e-15
4121.962264150943,-5.640282868609623e-15
4122.11320754717,-3.9115180996392165e-15
4122.264150943396,-4.309593049251876e-15
4122.415094339623,-7.529627180502479e-15
4122.566037735849,-1.5367394735140408e-15
4122.7169811320755,-5.731239213368231e-15
4122.867924528302,-8.660573487629495e-15
4123.018867924528,2.253990996078087e-15
4123.169811320755,-1.0631489229983091e-14
4123.320754716981,-4.882382310148955e-15
4123.471698113208,9.947159256908061e-16
4123.622641509434,-1.1989296074571812e-14
4123.773584905661,-1.7972112076884424e-15
4123.924528301887,-2.7540892889580085e-15
4124.075471698113,-8.30007513700023e-15
4124.226415094339,-5.627812418299059e-15
4124.377358490566,2.3176314472687236e-15
4124.528301886792,-1.600321286168223e-14
4124.679245283019,5.140071195778427e-15
4124.830188679245,-1.070515669571677e-14
4124.981132075472,-1.9465227159922957e-15
4125.132075471698,-9.522982216177727e-15
4125.2830188679245,4.822506406849229e-15
4125.433962264151,-1.850616362065841e-14
4125.584905660377,7.363844943432345e-15
4125.735849056604,-1.1107834982588639e-14
4125.88679245283,-4.673726775005974e-15
4126.037735849057,-4.053479736639062e-15
4126.188679245283,-1.6946631667255396e-15
4126.33962264151,-1.3048395488169166e-14
4126.490566037736,4.260525439613528e-15
4126.641509433963,-1.0366335778975626e-14
4126.792452830188,-4.785516083643147e-15
4126.943396226415,-2.0412455324105745e-15
4127.094339622641,-7.258713149061573e-15
4127.245283018868,-4.995826358645018e-15
4127.396226415094,-3.0048570893278943e-15
4127.547169811321,-7.248874790496502e-15
4127.698113207547,-2.8526364916350637e-15
4127.8490566037735,-7.21097823154776e-15
4128.0,-2.010075250512277e-15
4128.1509433962265,-8.115400359976131e-15
4128.301886792453,-2.212328451807537e-15
4128.452830188679,-7.568833284378588e-15
4128.603773584906,-7.614480724259964e-16
4128.754716981132,-1.2026482966714668e-14
4128.905660377359,4.3738616259829966e-15
4129.056603773585,-1.4205426298775305e-14
4129.207547169812,2.27613110048963e-15
4129.358490566037,-9.857311336353934e-15
4129.509433962264,-1.3388573922228677e-15
4129.66037735849,-8.548405752309264e-15
4129.811320754717,-8.00773085314774e-16
4129.962264150943,-9.105942161439985e-15
4130.11320754717,-2.1962371664937887e-15
4130.264150943396,-5.694052638990741e-15
4130.415094339623,-4.96246711736883e-15
4130.566037735849,-6.516985857828765e-15
4130.7169811320755,-1.4836201612214746e-15
4130.867924528302,-7.454871087299648e-15
4131.018867924528,-7.570254515422969e-15
4131.169811320755,3.978851369927723e-15
4131.320754716981,-1.689069128251783e-14
4131.471698113208,3.761245170291845e-15
4131.622641509434,-5.755525232528255e-15
4131.773584905661,-1.2507348995802004e-14
4131.924528301887,6.724459202547476e-15
4132.075471698113,-1.5093534601250565e-14
4132.226415094339,-4.894012086277843e-16
4132.377358490566,-3.4353226749609367e-15
4132.528301886792,-9.898365306605915e-15
4132.679245283019,-7.844352928972873e-16
4132.830188679245,-5.233288198083347e-15
4132.981132075472,-9.444309701508423e-15
4133.132075471698,1.9037457580347875e-15
4133.2830188679245,-1.0653112001255225e-14
4133.433962264151,-3.2025454934572468e-15
4133.584905660377,-2.983791331048613e-15
4133.735849056604,-8.792193597096982e-15
4133.88679245283,-1.4827930948841676e-15
4134.037735849057,-7.58637599917753e-15
4134.188679245283,-3.0680166496083076e-15
4134.33962264151,-6.3224709750550856e-15
4134.490566037736,-5.026355443166024e-15
4134.641509433963,-3.395113248591384e-15
4134.792452830188,-6.712188199751153e-15
4134.943396226415,-5.882578590412951e-15
4135.094339622641,-6.895297911270719e-16
4135.245283018868,-1.0049083625292299e-14
4135.396226415094,-3.903948534472113e-15
4135.547169811321,1.0934144175797471e-16
4135.698113207547,-1.4280210558251976e-14
4135.8490566037735,3.727687422015119e-15
4136.0,-9.948505114216093e-15
4136.1509433962265,-4.098283333969645e-15
4136.301886792453,-3.85279608216508e-15
4136.452830188679,-6.334181394454746e-15
4136.603773584906,-5.099530302352275e-15
4136.754716981132,-2.304393384408446e-15
4136.905660377359,-1.109231305481461e-14
4137.056603773585,3.2757643304533736e-15
4137.207547169812,-1.2712167798592139e-14
4137.358490566037,-9.905277908006815e-16
4137.509433962264,-4.591782918813112e-15
4137.66037735849,-8.182293649053662e-15
4137.811320754717,-2.1740647778242388e-15
4137.962264150943,-5.7607206622150095e-15
4138.11320754717,-6.271354844869677e-15
4138.264150943396,-3.4239371389835242e-15
4138.415094339623,-5.926503669754723e-15
4138.566037735849,-4.5883005305946054e-15
4138.7169811320755,-6.481312643452464e-15
4138.867924528302,-1.8343207405052473e-15
4139.018867924528,-9.12767904794946e-15
4139.169811320755,-2.191402577803347e-15
4139.320754716981,-5.943087724512156e-15
4139.471698113208,-3.876347096744067e-15
4139.622641509434,-1.054664243117704e-14
4139.773584905661,6.678903221372766e-15
4139.924528301887,-2.0363392958314917e-14
4140.075471698113,7.673603380284124e-15
4140.226415094339,-9.688244015867934e-15
4140.377358490566,-1.0028805990419813e-14
4140.528301886792,6.1572734155126114e-15
4140.679245283019,-1.668216050174661e-14
4140.830188679245,1.8472056973224525e-15
4140.981132075472,-5.284935121009807e-15
4141.132075471698,-1.0490750176969492e-14
4141.2830188679245,3.632920468454642e-15
4141.433962264151,-1.5523239883850383e-14
4141.584905660377,7.00603643362243e-15
4141.735849056604,-1.883420597328735e-14
4141.88679245283,8.492191160196117e-15
4142.037735849057,-1.4462808595899802e-14
4142.188679245283,-3.326842354588569e-15
4142.33962264151,1.7692878056426602e-17
4142.490566037736,-1.1252545280819706e-14
4142.641509433963,-4.806966270347875e-15
4142.792452830188,2.6558208336231566e-15
4142.943396226415,-1.526565243657251e-14
4143.094339622641,-2.0596536893761723e-15
4143.245283018868,4.477447388941794e-15
4143.396226415094,-2.295477354725832e-14
4143.547169811321,9.709385442303285e-15
4143.698113207547,-7.784118459580294e-15
4143.8490566037735,-1.3577379700854716e-14
4144.0,5.002856813883857e-15
4144.1509433962265,-7.941162859217189e-15
4144.301886792453,-9.372143031289752e-15
4144.452830188679,-2.04381267824686e-15
4144.603773584906,6.777080352848323e-16
4144.754716981132,-1.8349541432036288e-14
4144.905660377359,5.6447440918289105e-15
4145.056603773585,-3.4979421325117392e-15
4145.207547169812,-1.9662551279042502e-14
4145.358490566037,1.2876376132360523e-14
4145.509433962264,-1.5111677688405022e-14
4145.66037735849,-6.674846388975068e-15
4145.811320754717,1.918818155068799e-15
4145.962264150943,-9.012283287106354e-15
4146.11320754717,-6.694892963856951e-15
4146.264150943396,-3.16940456363976e-15
4146.415094339623,-1.4380223752411329e-15
4146.566037735849,-1.4182616586874413e-14
4146.7169811320755,2.762444862719563e-15
4146.867924528302,-4.9560386495354306e-15
4147.018867924528,-1.447999596298625e-14
4147.169811320755,8.587573780906367e-15
4147.320754716981,-1.6773592092370258e-14
4147.471698113208,1.3686118000837207e-15
4147.622641509434,-7.787306368843129e-15
4147.773584905661,-2.7841347653959724e-15
4147.924528301887,-9.483677034349473e-15
4148.075471698113,9.647439058209656e-16
4148.226415094339,-1.07439188292224e-14
4148.377358490566,-1.946710969682644e-15
4148.528301886792,-5.843052023230894e-15
4148.679245283019,-4.58916624180929e-15
4148.830188679245,-8.370206947055945e-15
4148.981132075472,1.8139372465496488e-15
4149.132075471698,-1.3667831027073246e-14
4149.2830188679245,1.4511020908922964e-15
4149.433962264151,-7.653701450046371e-15
4149.584905660377,-6.002186361777619e-15
4149.735849056604,-2.5701268462713716e-15
4149.88679245283,-8.879311679473503e-15
4150.037735849057,5.590507721524504e-16
4150.188679245283,-1.266005787159113e-14
4150.33962264151,1.937070621407573e-15
4150.490566037736,-8.535698197695378e-15
4150.641509433963,-6.8005640726921956e-15
4150.792452830188,-1.1526536121958512e-16
4150.943396226415,-1.0000351662475136e-14
4151.094339622641,-2.9494363225133664e-15
4151.245283018868,-4.8665968331447305e-15
4151.396226415094,-5.5013332201283106e-15
4151.547169811321,-6.652500444359856e-15
4151.698113207547,-2.4333980398354783e-15
4151.8490566037735,-5.930291609273961e-15
4152.0,-8.803040946148036e-15
4152.1509433962265,2.0160349742918688e-15
4152.301886792453,-1.1477521672568807e-14
4152.452830188679,-3.722256200527425e-15
4152.603773584906,-1.4361977262392208e-15
4152.754716981132,-1.0165606759181569e-14
4152.905660377359,-2.9897905118560417e-15
4153.056603773585,-3.4842796491638445e-15
4153.207547169812,-8.110694428791799e-15
4153.358490566037,-4.009254993271297e-15
4153.509433962264,-2.96116995900207e-15
4153.66037735849,-1.0713853415351157e-14
4153.811320754717,3.4931973634772095e-15
4153.962264150943,-1.5663857777633316e-14
4154.11320754717,4.198489987821053e-15
4154.264150943396,-9.517920444804659e-15
4154.415094339623,-7.150765861129517e-15
4154.566037735849,4.0644768714500436e-16
4154.7169811320755,-9.149265702192504e-15
4154.867924528302,-5.9548676562768425e-15
4155.018867924528,-4.5840342671775595e-16
4155.169811320755,-1.0233668153576883e-14
4155.320754716981,-1.9179258465281257e-15
4155.471698113208,-7.594681995489742e-15
4155.622641509434,-6.988060647538273e-16
4155.773584905661,-1.2790978307019419e-14
4155.924528301887,3.5982783319812866e-15
4156.075471698113,-1.1104304722839433e-14
4156.226415094339,-4.768297799929394e-15
4156.377358490566,-3.8851163259789357e-16
4156.528301886792,-1.1492231757499764e-14
4156.679245283019,-1.837105620949796e-15
4156.830188679245,-2.798478251921009e-15
4156.981132075472,-1.1930221400408337e-14
4157.132075471698,1.4683145781739514e-15
4157.2830188679245,-6.541372319611546e-15
4157.433962264151,-1.1199946117561226e-14
4157.584905660377,6.0775998283026175e-15
4157.735849056604,-1.6583961027998144e-14
4157.88679245283,2.7140044640308137e-15
4158.037735849057,-9.633524943676395e-15
4158.188679245283,-1.2163972233526856e-15
4158.33962264151,-1.0207411208589296e-14
4158.490566037736,-7.759517885962124e-16
4158.641509433963,-5.591915137922477e-15
4158.792452830188,-9.326773506771678e-15
4158.943396226415,1.546726661567597e-16
4159.094339622641,-6.970343808454185e-15
4159.245283018868,-8.192749355747216e-15
4159.396226415094,-5.27737353978526e-16
4159.547169811321,-6.5075296056192175e-15
4159.698113207547,-9.338978209710638e-15
4159.8490566037735,2.6813266883595925e-15
4160.0,-1.2725209342598513e-14
4160.1509433962265,-4.808450541343115e-16
4160.301886792453,-7.253603912137018e-15
4160.452830188679,-3.4253607072971984e-15
4160.603773584906,-8.284189275535248e-15
4160.754716981132,-8.249503524587636e-16
4160.905660377359,-9.02491603005856e-15
4161.056603773585,-3.0586465291998544e-15
4161.207547169812,-6.006483881573365e-15
4161.358490566037,-3.528385167366143e-15
4161.509433962264,-9.104742704189883e-15
4161.66037735849,2.7609994376717227e-16
4161.811320754717,-9.20615146969296e-15
4161.962264150943,-4.431074966494156e-15
4162.11320754717,-4.567298859015901e-15
4162.264150943396,-1.5752242215382038e-15
4162.415094339623,-1.722122218437462e-14
4162.566037735849,1.3622399884243788e-14
4162.7169811320755,-2.2656806989743933e-14
4162.867924528302,2.2931459138719137e-15
4163.018867924528,5.155283705099069e-16
4163.169811320755,-1.9325851087527393e-14
4163.320754716981,9.13632997120452e-15
4163.471698113208,-1.3801116366069973e-14
4163.622641509434,-1.6103016940795477e-15
4163.773584905661,-8.764394610897637e-15
4163.924528301887,2.9798478315165694e-15
4164.075471698113,-1.738240012611281e-14
4164.226415094339,6.329163962100434e-15
4164.377358490566,-1.1030460055118637e-14
4164.528301886792,-5.715184710097777e-15
4164.679245283019,-1.6220719294177039e-15
4164.830188679245,-7.18666950664616e-15
4164.981132075472,-6.4812455359925726e-15
4165.132075471698,-2.111385512251149e-15
4165.2830188679245,-6.956704979291874e-15
4165.433962264151,-5.669607496317367e-15
4165.584905660377,-4.4330602277064085e-15
4165.735849056604,-2.6945871585046136e-15
4165.88679245283,-1.1859976135964755e-14
4166.037735849057,3.0983383243951303e-15
4166.188679245283,-1.101956738024442e-14
4166.33962264151,-2.8077411901169257e-15
4166.490566037736,-6.477079336890253e-15
4166.641509433963,-2.089069068125877e-15
4166.792452830188,-9.04939684940029e-15
4166.943396226415,-5.002647721872493e-15
4167.094339622641,2.5839809924711293e-15
4167.245283018868,-1.9866156436811133e-14
4167.396226415094,9.86796787737343e-15
4167.547169811321,-1.2028582600741734e-14
4167.698113207547,-1.0840960142276836e-14
4167.8490566037735,1.0591027947889731e-14
4168.0,-2.3575432134708047e-14
4168.1509433962265,9.180340771937253e-15
4168.301886792453,-1.3462151190255283e-14
4168.452830188679,-1.702264152074268e-17
4168.603773584906,-1.0462571995811633e-14
4168.754716981132,3.4427940130923387e-17
4168.905660377359,-5.971640200485834e-15
4169.056603773585,-1.2685391154372393e-14
4169.207547169812,1.0196419738960857e-14
4169.358490566037,-2.2517421657931845e-14
4169.509433962264,6.842256851723955e-15
4169.66037735849,-7.416218840703018e-15
4169.811320754717,-1.1290002195793628e-14
4169.962264150943,3.807693817952436e-15
4170.11320754717,-1.085948586957929e-14
4170.264150943396,-5.409425513783458e-15
4170.415094339623,-2.928418818304527e-16
4170.566037735849,-1.112844121204081e-14
4170.7169811320755,-4.300377876462264e-16
4170.867924528302,-8.525630931289094e-15
4171.018867924528,-1.7908569559116134e-15
4171.169811320755,-9.017410798808528e-15
4171.320754716981,-1.6706851637955926e-15
4171.471698113208,-6.9531593262860725e-15
4171.622641509434,-4.497677505845157e-15
4171.773584905661,-7.034016413376351e-15
4171.924528301887,2.5377254087563316e-16
4172.075471698113,-1.3467805038595962e-14
4172.226415094339,2.736058821453984e-15
4172.377358490566,-8.902637314135656e-15
4172.528301886792,-6.450634929597247e-15
4172.679245283019,-7.996819111646127e-16
4172.830188679245,-9.370125668958216e-15
4172.981132075472,-2.7398771013887407e-15
4173.132075471698,-5.921681701932532e-15
4173.2830188679245,-4.731243185307279e-15
4173.433962264151,-5.880184879261289e-15
4173.584905660377,-4.11450042326005e-15
4173.735849056604,-6.035338151822036e-15
4173.88679245283,-4.287565113964527e-15
4174.037735849057,-6.2145893216931124e-15
4174.188679245283,-3.806168630458553e-15
4174.33962264151,-5.996324590833285e-15
4174.490566037736,-5.2584364396038634e-15
4174.641509433963,-4.688965930486324e-15
4174.792452830188,-3.865664621714102e-15
4174.943396226415,-9.52494050390945e-15
4175.094339622641,1.5286120782212187e-15
4175.245283018868,-1.0963903840764822e-14
4175.396226415094,-2.873009649072185e-15
4175.547169811321,-3.3201992840995586e-15
4175.698113207547,-9.195402084784116e-15
4175.8490566037735,-7.219562031986547e-16
4176.0,-9.079473591661358e-15
4176.1509433962265,-1.5520655397575407e-15
4176.301886792453,-7.683435857061966e-15
4176.452830188679,-4.701764971799524e-15
4176.603773584906,-3.585101282982827e-15
4176.754716981132,-5.416811823123667e-15
4176.905660377359,-1.0174266816939143e-14
4177.056603773585,6.038438356591681e-15
4177.207547169812,-1.736099927367244e-14
4177.358490566037,6.773121523901948e-16
4177.509433962264,3.90974441734691e-17
4177.66037735849,-1.9258409261572434e-14
4177.811320754717,1.1469571849231726e-14
4177.962264150943,-1.7405437278796128e-14
4178.11320754717,-5.638993665034708e-17
4178.264150943396,-4.277471240379614e-15
4178.415094339623,-8.252820970350131e-15
4178.566037735849,-2.0973524224769132e-15
4178.7169811320755,-8.003193783013799e-15
4178.867924528302,-8.250259290768263e-16
4179.018867924528,-1.129234793352369e-14
4179.169811320755,1.561907055626121e-15
4179.320754716981,-9.378235236954592e-15
4179.471698113208,-5.8033917284635375e-15
4179.622641509434,1.832365590251056e-15
4179.773584905661,-1.727088230379317e-14
4179.924528301887,8.907473854860236e-15
4180.075471698113,-1.566022145767153e-14
4180.226415094339,-2.4471165557606083e-15
4180.377358490566,9.293665741650225e-16
4180.528301886792,-1.601618050752284e-14
4180.679245283019,5.67740894191315e-15
4180.830188679245,-1.3108716158345244e-14
4180.981132075472,7.935173733224035e-16
4181.132075471698,-9.55325147557256e-15
4181.2830188679245,-3.4037957998842613e-15
4181.433962264151,-1.737036312840268e-15
4181.584905660377,-1.327138685045203e-14
4181.735849056604,4.632746741518387e-15
4181.88679245283,-1.230241993614877e-14
4182.037735849057,-2.1053517830958703e-15
4182.188679245283,-4.269439019187732e-15
4182.33962264151,-8.627801019772882e-15
4182.490566037736,5.767910200546209e-16
4182.641509433963,-1.1577326996973573e-14
4182.792452830188,-1.0585818705101948e-16
4182.943396226415,-5.990323315086557e-15
4183.094339622641,-8.704073939300615e-15
4183.245283018868,1.1367449540882252e-15
4183.396226415094,-1.0847980243762717e-14
4183.547169811321,-1.221183838851525e-15
4183.698113207547,-7.780752327514835e-15
4183.8490566037735,-1.4878249996908613e-15
4184.0,-1.0245936662788767e-14
4184.1509433962265,2.6494528965925233e-16
4184.301886792453,-8.142326434921294e-15
4184.452830188679,-4.381965925402401e-15
4184.603773584906,-6.7161197037251156e-15
4184.754716981132,2.2299376839060417e-15
4184.905660377359,-1.9066457008300273e-14
4185.056603773585,1.1191517261270548e-14
4185.207547169812,-1.631667341074501e-14
4185.358490566037,-2.8753279593311013e-15
4185.509433962264,2.6064858142310282e-17
4185.66037735849,-1.1732013743762295e-14
4185.811320754717,-1.055817074483169e-15
4185.962264150943,-6.041252499876235e-15
4186.11320754717,-4.817350842897443e-15
4186.264150943396,-5.415398361404658e-15
4186.415094339623,-6.450271396833106e-15
4186.566037735849,1.016101645689813e-15
4186.7169811320755,-1.5720153274731235e-14
4186.867924528302,6.08781453108001e-15
4187.018867924528,-1.0635388921721572e-14
4187.169811320755,-7.93446839308329e-15
4187.320754716981,3.7649596143302796e-15
4187.471698113208,-1.31997778816692e-14
4187.622641509434,-2.6635572795893233e-15
4187.773584905661,-1.6077660249200478e-15
4187.924528301887,-9.427364316363714e-15
4188.075471698113,-4.7089387106843106e-15
4188.226415094339,1.9327848504809683e-16
4188.377358490566,-1.3048425805901372e-14
4188.528301886792,2.0112608403072275e-15
4188.679245283019,-9.145869443913007e-15
4188.830188679245,-2.8818093714927334e-15
4188.981132075472,-7.0823017099213115e-15
4189.132075471698,-1.98247480223121e-15
4189.2830188679245,-8.349867162839725e-15
4189.433962264151,-2.5241341632320206e-15
4189.584905660377,-6.246930916550135e-15
4189.735849056604,-4.08140032537952e-15
4189.88679245283,-6.764652208311619e-15
4190.037735849057,-2.2454945581770818e-15
4190.188679245283,-7.454499894935243e-15
4190.33962264151,-4.174664908290153e-15
4190.490566037736,-4.5468369326686045e-15
4190.641509433963,-4.2883114021225e-15
4190.792452830188,-9.13063507743087e-15
4190.943396226415,2.267885133672269e-15
4191.094339622641,-1.2043495430826364e-14
4191.245283018868,-1.9028445791628256e-15
4191.396226415094,-2.695025660935931e-15
4191.547169811321,-1.0790979761940327e-14
4191.698113207547,1.0607918442770357e-15
4191.8490566037735,-8.882576455870284e-15
4192.0,-3.3511663212897472e-15
4192.1509433962265,-5.814320422979997e-15
4192.301886792453,-3.1281275364314507e-15
4192.452830188679,-8.555940403287463e-15
4192.603773584906,-3.841041643004057e-16
4192.754716981132,-8.743040961260021e-15
4192.905660377359,-3.363886725952587e-15
4193.056603773585,-5.105537114562698e-15
4193.207547169812,-3.0704990344768506e-15
4193.358490566037,-1.2010358686327716e-14
4193.509433962264,7.645497914943875e-15
4193.66037735849,-1.9310055721149204e-14
4193.811320754717,5.730797007250356e-15
4193.962264150943,-8.617450293977112e-15
4194.11320754717,-7.969842542241365e-15
4194.264150943396,2.083577960089238e-15
4194.415094339623,-1.2587981153112723e-14
4194.566037735849,-3.2768445690194746e-16
4194.7169811320755,-2.9590830717337315e-15
4194.867924528302,-1.5011749769096975e-14
4195.018867924528,1.0340128764180813e-14
4195.169811320755,-1.8496742343522535e-14
4195.320754716981,2.1771049630326674e-17
4195.471698113208,1.0305128434029473e-15
4195.622641509434,-1.8304585810644958e-14
4195.773584905661,9.613498502912931e-15
4195.924528301887,-1.595998200495238e-14
4196.075471698113,1.777397324883342e-15
4196.226415094339,-9.305267118559701e-15
4196.377358490566,-4.740900898156465e-16
4196.528301886792,-1.0295851573036587e-14
4196.679245283019,7.091485601596348e-16
4196.830188679245,-9.607675207048007e-15
4196.981132075472,-1.6284348564570098e-15
4197.132075471698,-7.318306339183131e-15
4197.2830188679245,-2.2582642456848817e-15
4197.433962264151,-8.57362120423569e-15
4197.584905660377,-3.820299082871652e-16
4197.735849056604,-9.151923894381868e-15
4197.88679245283,-2.120323871474662e-15
4198.037735849057,-6.12739625032109e-15
4198.188679245283,-3.4834268970237375e-15
4198.33962264151,-8.889330765291186e-15
4198.490566037736,2.481041838100727e-15
4198.641509433963,-1.3578907415795523e-14
4198.792452830188,1.9316902326448593e-15
4198.943396226415,-8.447580233412817e-15
4199.094339622641,-3.0523840646141005e-15
4199.245283018868,-7.360270510707177e-15
4199.396226415094,-1.3869804998341254e-15
4199.547169811321,-6.767094290803995e-15
4199.698113207547,-7.994055950904367e-15
4199.8490566037735,4.217833405122164e-15
4200.0,-1.6943205594977612e-14
4200.1509433962265,5.129024109183699e-15
4200.301886792453,-9.145566885267237e-15
4200.452830188679,-6.250379104168286e-15
4200.603773584906,-7.306553617455804e-16
4200.754716981132,-8.529766417291088e-15
4200.905660377359,-3.0019305946663932e-15
4201.056603773585,-5.41386998815015e-15
4201.207547169812,-4.45344938784888e-15
4201.358490566037,-5.614382027465996e-15
4201.509433962264,-3.881677579383851e-15
4201.66037735849,-5.676083797863662e-15
4201.811320754717,-4.1836082809100675e-15
4201.962264150943,-5.430233986283424e-15
4202.11320754717,-4.339434042644984e-15
4202.264150943396,-5.0632030169282886e-15
4202.415094339623,-4.814525962481598e-15
4202.566037735849,-5.101395521017839e-15
4202.7169811320755,-3.807183530243049e-15
4202.867924528302,-6.371075281297914e-15
4203.018867924528,-3.835937215699832e-15
4203.169811320755,-4.2875131961820556e-15
4203.320754716981,-6.201069911363862e-15
4203.471698113208,-4.9705766369951635e-15
4203.622641509434,-1.0209803427189113e-15
4203.773584905661,-1.1622049252087074e-14
4203.924528301887,1.529122169274994e-15
4204.075471698113,-6.864207491785888e-15
4204.226415094339,-8.129307250590839e-15
4204.377358490566,1.6419892650648578e-15
4204.528301886792,-1.0778960574440601e-14
4204.679245283019,-1.333112996549316e-15
4204.830188679245,-6.393404959664141e-15
4204.981132075472,-2.852135077786569e-15
4205.132075471698,-8.499066095750548e-15
4205.2830188679245,-5.756565452421144e-17
4205.433962264151,-8.302555302087319e-15
4205.584905660377,-3.765337126458233e-15
4205.735849056604,-4.915269556648942e-15
4205.88679245283,-1.783723238697252e-15
4206.037735849057,-1.2909587976518877e-14
4206.188679245283,6.351767306181221e-15
4206.33962264151,-1.343787718685451e-14
4206.490566037736,-2.2214041170948984e-15
4206.641509433963,-3.299771364851037e-15
4206.792452830188,-3.982354109141258e-15
4206.943396226415,-1.2043682743903337e-14
4207.094339622641,6.870247777033408e-15
4207.245283018868,-1.3839911755230873e-14
4207.396226415094,-3.8316574413572755e-15
4207.547169811321,2.5012457526000735e-15
4207.698113207547,-1.5354981485221563e-14
4207.8490566037735,3.941529002152708e-15
4208.0,-9.291726602803595e-15
4208.1509433962265,-3.2213574641355706e-15
4208.301886792453,-5.491393367691706e-15
4208.452830188679,-3.2750641976993562e-15
4208.603773584906,-7.093027545986035e-15
4208.754716981132,-2.025661213647787e-15
4208.905660377359,-6.762245787062644e-15
4209.056603773585,-4.5767740023000104e-15
4209.207547169812,-2.169586630779707e-15
4209.358490566037,-9.511526141320954e-15
4209.509433962264,3.7788217306371788e-16
4209.66037735849,-7.334548063346434e-15
4209.811320754717,-6.8419704143977214e-15
4209.962264150943,2.7039065246594933e-15
4210.11320754717,-1.5573620994433528e-14
4210.264150943396,5.901000513074174e-15
4210.415094339623,-1.0702915096404793e-14
4210.566037735849,-6.257296537531697e-15
4210.7169811320755,4.109015718645898e-15
4210.867924528302,-1.6597903986473486e-14
4211.018867924528,4.391362954613577e-15
4211.169811320755,-7.0225240205910655e-15
4211.320754716981,-8.095859524764113e-15
4211.471698113208,-5.48442459523333e-16
4211.622641509434,-4.716130879765909e-15
4211.773584905661,-9.305126542915275e-15
4211.924528301887,8.397152256343803e-16
4212.075471698113,-6.492395818130239e-15
4212.226415094339,-8.076361085006525e-15
4212.377358490566,1.8052166415222534e-15
4212.528301886792,-1.0664200461651455e-14
4212.679245283019,-1.1181722142418906e-15
4212.830188679245,-6.1469186614699314e-15
4212.981132075472,-3.606957465765149e-15
4213.132075471698,-6.232137009738993e-15
4213.2830188679245,-2.8249188752350766e-15
4213.433962264151,-5.836368198542118e-15
4213.584905660377,-4.333009470546666e-15
4213.735849056604,-4.738902848852653e-15
4213.88679245283,-4.000469777503277e-15
4214.037735849057,-5.369445472732475e-15
4214.188679245283,-5.310195315635359e-15
4214.33962264151,-1.456749838041454e-15
4214.490566037736,-9.605247410384147e-15
4214.641509433963,3.944530872580141e-16
4214.792452830188,-8.34890717952344e-15
4214.943396226415,-2.484848038111753e-15
4215.094339622641,-5.089264311383735e-15
4215.245283018868,-5.827332531779221e-15
4215.396226415094,-2.2588038861564472e-15
4215.547169811321,-6.655907012182663e-15
4215.698113207547,-3.951555178396625e-15
4215.8490566037735,-4.5741793304751276e-15
4216.0,-2.4723251383920224e-15
4216.1509433962265,-1.1807744657416065e-14
4216.301886792453,8.140337680319794e-15
4216.452830188679,-1.963900973426389e-14
4216.603773584906,7.910467024622875e-15
4216.754716981132,-1.1260788068202064e-14
4216.905660377359,-3.282744561667434e-15
4217.056603773585,-3.554364210761565e-15
4217.207547169812,-4.927200824217464e-15
4217.358490566037,-5.693624611345925e-15
4217.509433962264,-2.932189532826819e-15
4217.66037735849,-5.700416546922233e-15
4217.811320754717,-3.582229311532777e-15
4217.962264150943,-6.476985094560209e-15
4218.11320754717,-1.371371386214682e-15
4218.264150943396,-7.591198074429078e-15
4218.415094339623,-3.471279831746885e-15
4218.566037735849,-3.757879014400437e-15
4218.7169811320755,-4.211783915337359e-15
4218.867924528302,-9.383641993301349e-15
4219.018867924528,4.891889216262298e-15
4219.169811320755,-1.3810384028125989e-14
4219.320754716981,-1.878604263053502e-15
4219.471698113208,2.667686620539931e-15
4219.622641509434,-1.8392169468091304e-14
4219.773584905661,8.149432530136485e-15
4219.924528301887,-8.40203294063138e-15
4220.075471698113,-1.1858228497657069e-14
4220.226415094339,1.0576055160651051e-14
4220.377358490566,-2.1164256391182342e-14
4220.528301886792,9.464932432577889e-15
4220.679245283019,-1.511984042622531e-14
4220.830188679245,3.751489838220973e-15
4220.981132075472,-9.792928973743463e-15
4221.132075471698,-4.656954425383464e-15
4221.2830188679245,3.045449714983226e-15
4221.433962264151,-1.8004676709260485e-14
4221.584905660377,1.1035222185438536e-14
4221.735849056604,-1.8306570444000934e-14
4221.88679245283,6.2747539942746895e-15
4222.037735849057,-1.175909259448403e-14
4222.188679245283,-2.2524111822914706e-15
4222.33962264151,1.4226940749939024e-15
4222.490566037736,-1.973738562621981e-14
4222.641509433963,1.640199550128138e-14
4222.792452830188,-2.2277504336230074e-14
4222.943396226415,2.46357709186361e-15
4223.094339622641,2.542355884996241e-16
4223.245283018868,-1.308506701504925e-14
4223.396226415094,-1.3892632969177465e-15
4223.547169811321,9.838479451679694e-16
4223.698113207547,-1.2096922595824219e-14
4223.8490566037735,-3.3549756092080116e-15
4224.0,3.6670533288797e-15
4224.1509433962265,-1.5371469095874537e-14
4224.301886792453,2.6944332157969977e-16
4224.452830188679,9.506344125944677e-16
4224.603773584906,-1.5598582067580064e-14
4224.754716981132,4.789925043956318e-15
4224.905660377359,-6.491688133555183e-15
4225.056603773585,-8.989009293001218e-15
4225.207547169812,2.5778260898197293e-15
4225.358490566037,-8.905189222932997e-15
4225.509433962264,-5.0925557681815116e-15
4225.66037735849,1.1008115437463505e-15
4225.811320754717,-1.1421984761303352e-14
4225.962264150943,1.7679316069940667e-16
4226.11320754717,-4.146927787970652e-15
4226.264150943396,-8.536470342902494e-15
4226.415094339623,7.974319478077532e-16
4226.566037735849,-8.038056123208451e-15
4226.7169811320755,-2.319662959476714e-15
4226.867924528302,-6.507794669610856e-15
4227.018867924528,-7.386859812234809e-16
4227.169811320755,-8.383436390748002e-15
4227.320754716981,-2.7292469582495765e-15
4227.471698113208,-1.790331677579915e-15
4227.622641509434,-9.405613464981965e-15
4227.773584905661,-8.140719839715843e-16
4227.924528301887,-3.3165168967721625e-15
4228.075471698113,-9.39956154621022e-15
4228.226415094339,2.1284666675413934e-15
4228.377358490566,-1.0474450746251592e-14
4228.528301886792,2.4205048015912915e-15
4228.679245283019,-1.3388824586791585e-14
4228.830188679245,6.729444981171867e-15
4228.981132075472,-1.349283354679554e-14
4229.132075471698,-2.004695465856274e-15
4229.2830188679245,2.1531825805742978e-15
4229.433962264151,-1.5204861027010575e-14
4229.584905660377,2.6174813027334506e-15
4229.735849056604,-7.38615602276861e-16
4229.88679245283,-1.7383222220509956e-14
4230.037735849057,1.0674036725583588e-14
4230.188679245283,-1.2909360656558296e-14
4230.33962264151,-3.919127477311499e-15
4230.490566037736,-1.6025313070254743e-15
4230.641509433963,-2.7697665358998855e-15
4230.792452830188,-1.2400069623193902e-14
4230.943396226415,6.3630390784537714e-15
4231.094339622641,-1.0500235571374468e-14
4231.245283018868,-5.806017509186596e-15
4231.396226415094,2.11902683293714e-15
4231.547169811321,-8.461578820163006e-15
4231.698113207547,-7.220631421997738e-15
4231.8490566037735,4.9037152259724075e-15
4232.0,-1.3291015371131632e-14
4232.1509433962265,-1.3364544444438817e-15
4232.301886792453,-1.0385505922612485e-16
4232.452830188679,-1.0396388563484872e-14
4232.603773584906,-2.3112951075045636e-15
4232.754716981132,5.988411402252264e-16
4232.905660377359,-1.2374986708100319e-14
4233.056603773585,7.534168271936167e-16
4233.207547169812,-9.829219052075746e-16
4233.358490566037,-1.5166172910809374e-14
4233.509433962264,8.632280723155172e-15
4233.66037735849,-1.1456444664896305e-14
4233.811320754717,-6.011584977207108e-15
4233.962264150943,4.213215502945831e-15
4234.11320754717,-1.34601515423679e-14
4234.264150943396,2.1898471495659285e-15
4234.415094339623,-7.737665883871495e-15
4234.566037735849,-1.4340377330681675e-15
4234.7169811320755,-6.650345092302187e-15
4234.867924528302,-3.29730472081261e-15
4235.018867924528,-1.9271081277212646e-15
4235.169811320755,-9.06744002258728e-15
4235.320754716981,1.3876094687196633e-15
4235.471698113208,-8.19736699329415e-15
4235.622641509434,-2.217762549372973e-15
4235.773584905661,-4.686691695230809e-15
4235.924528301887,-3.724446704941345e-15
4236.075471698113,-5.047164297099346e-15
4236.226415094339,-2.8147354489659924e-15
4236.377358490566,-5.193004189997568e-15
4236.528301886792,-3.8320483639860675e-15
4236.679245283019,-3.4428824818016506e-15
4236.830188679245,-5.264255112205014e-15
4236.981132075472,-3.320967427910574e-15
4237.132075471698,-3.857216738923516e-15
4237.2830188679245,-4.835748193445783e-15
4237.433962264151,-4.581068282066686e-15
4237.584905660377,-6.191243708270663e-16
4237.735849056604,-1.0577255320564786e-14
4237.88679245283,3.250105295432133e-15
4238.037735849057,-8.710178856897196e-15
4238.188679245283,-4.961436472036269e-15
4238.33962264151,2.747841285904449e-15
4238.490566037736,-1.4160388180680622e-14
4238.641509433963,4.784233541841411e-15
4238.792452830188,-7.269317713415414e-15
4238.943396226415,-8.358420867946517e-15
4239.094339622641,6.1185839612649355e-15
4239.245283018868,-1.5774811390097092e-14
4239.396226415094,5.305193193738505e-15
4239.547169811321,-9.738834507968225e-15
4239.698113207547,-5.340091809085607e-16
4239.8490566037735,-7.24263578011698e-15
4240.0,-2.5448971575703004e-16
4240.1509433962265,-7.857761343672244e-15
4240.301886792453,-1.0952661770246358e-15
4240.452830188679,-5.211680539451716e-15
4240.603773584906,-4.201212998480513e-15
4240.754716981132,-3.9325041537978375e-15
4240.905660377359,-2.3732676033496518e-15
4241.056603773585,-6.888550783188122e-15
4241.207547169812,-2.4733110492211077e-15
4241.358490566037,-1.4756461703628426e-15
4241.509433962264,-1.002013898285328e-14
4241.66037735849,1.8251941267714053e-15
4241.811320754717,-5.691719536501502e-15
4241.962264150943,-6.5037239256715975e-15
4242.11320754717,-7.331081592198386e-16
4242.264150943396,-3.8931542793447246e-15
4242.415094339623,-8.196016649954241e-15
4242.566037735849,2.202181510208841e-15
4242.7169811320755,-9.271884562226752e-15
4242.867924528302,-8.941905584352426e-17
4243.018867924528,-7.240867660403274e-15
4243.169811320755,-9.712085221455868e-16
4243.320754716981,-4.849879039693566e-15
4243.471698113208,-6.63708940955386e-15
4243.622641509434,1.4174615182969977e-15
4243.773584905661,-8.335762419075457e-15
4243.924528301887,-3.118670677203429e-15
4244.075471698113,-2.0214949765743604e-15
4244.226415094339,-4.508129012246417e-15
4244.377358490566,-7.322539855525156e-15
4244.528301886792,1.6970321500851983e-15
4244.679245283019,-5.79712461751737e-15
4244.830188679245,-1.0731543770785204e-14
4244.981132075472,1.170037973700123e-14
4245.132075471698,-2.245861746952157e-14
4245.2830188679245,9.909720409998123e-15
4245.433962264151,-7.680407110150039e-15
4245.584905660377,-9.43369417713375e-15
4245.735849056604,5.417375955058232e-15
4245.88679245283,-9.651358610115557e-15
4246.037735849057,-5.455093383952818e-15
4246.188679245283,3.4817869229793504e-15
4246.33962264151,-1.1232022799786896e-14
4246.490566037736,-1.1294518140931203e-15
4246.641509433963,-1.6937728675053023e-15
4246.792452830188,-6.59887265854457e-15
4246.943396226415,-5.0226484269365935e-15
4247.094339622641,2.818798249883814e-15
4247.245283018868,-1.359960004070798e-14
4247.396226415094,5.5893225453671834e-15
4247.547169811321,-1.0566172058834495e-14
4247.698113207547,4.307654852368659e-16
4247.8490566037735,-7.119274124758881e-15
4248.0,6.648757546583602e-16
4248.1509433962265,-1.0489630508290966e-14
4248.301886792453,4.661062859449215e-15
4248.452830188679,-1.2073628962571274e-14
4248.603773584906,3.011753057520806e-15
4248.754716981132,-9.405470548400533e-15
4248.905660377359,1.9280797058709427e-15
4249.056603773585,-8.94754055699519e-15
4249.207547169812,-1.7437293548651797e-15
4249.358490566037,-3.5565656635836446e-16
4249.509433962264,-1.1413986369246105e-14
4249.66037735849,4.631251433327188e-15
4249.811320754717,-1.0044961651598401e-14
4249.962264150943,5.388404923035003e-16
4250.11320754717,-6.9839228959056174e-15
4250.264150943396,-1.8654314266284524e-15
4250.415094339623,-2.278292820643339e-15
4250.566037735849,-9.004486338892903e-15
4250.7169811320755,3.0145503865393023e-15
4250.867924528302,-7.927987399657978e-15
4251.018867924528,-3.743131776669406e-15
4251.169811320755,-1.3986403680105748e-15
4251.320754716981,-3.80560901242327e-15
4251.471698113208,-9.200385931804691e-15
4251.622641509434,7.639701404298522e-15
4251.773584905661,-1.7387374771615704e-14
4251.924528301887,8.03035771618309e-15
4252.075471698113,-1.1346712882552866e-14
4252.226415094339,2.0614842147587113e-15
4252.377358490566,-1.0763421220714289e-14
4252.528301886792,4.989788414916743e-15
4252.679245283019,-9.2302449479222e-15
4252.830188679245,-5.9409568249936536e-15
4252.981132075472,5.749310240662946e-15
4253.132075471698,-1.270980484591507e-14
4253.2830188679245,-2.5297718523797056e-15
4253.433962264151,4.172543343378065e-15
4253.584905660377,-1.3610834326812391e-14
4253.735849056604,9.103745998308946e-16
4253.88679245283,-5.121359232028929e-16
4254.037735849057,-1.0486419233678073e-14
4254.188679245283,2.3627214689259217e-15
4254.33962264151,-6.71440875419927e-15
4254.490566037736,-3.0919795846388846e-15
4254.641509433963,-9.799406017092943e-16
4254.792452830188,-1.054598367584517e-14
4254.943396226415,7.753109256064192e-15
4255.094339622641,-1.649627289629578e-14
4255.245283018868,7.115192893894952e-15
4255.396226415094,-9.576282849097432e-15
4255.547169811321,-1.8109293537121713e-15
4255.698113207547,-3.2458472244280587e-15
4255.8490566037735,-3.1056624742589547e-15
4256.0,-6.7458844356848455e-15
4256.1509433962265,3.063064056810757e-15
4256.301886792453,-1.2399902931746295e-14
4256.452830188679,5.684983909250628e-15
4256.603773584906,-1.1179239745276485e-14
4256.754716981132,1.3768947123568337e-15
4256.905660377359,-5.219083538720556e-15
4257.056603773585,-3.647137780127867e-15
4257.207547169812,-4.487210133496483e-15
4257.358490566037,1.1179662872929674e-15
4257.509433962264,-1.0119040362947015e-14
4257.66037735849,-6.8074795104582085e-16
4257.811320754717,2.8144818454637445e-15
4257.962264150943,-1.7190676431303306e-14
4258.11320754717,8.779051447195101e-15
4258.264150943396,-5.2521643045041344e-15
4258.415094339623,-1.2456880116958881e-14
4258.566037735849,7.099708756239419e-15
4258.7169811320755,-4.920866720758234e-15
4258.867924528302,-1.2932465141353639e-14
4259.018867924528,8.445218985559465e-15
4259.169811320755,-6.72043566690806e-15
4259.320754716981,-1.1711881306675179e-14
4259.471698113208,9.028532824123314e-15
4259.622641509434,-9.189043723876907e-15
4259.773584905661,-8.980019490048425e-15
4259.924528301887,8.744369731862496e-15
4260.075471698113,-1.2374115645725165e-14
4260.226415094339,-4.478964426750197e-15
4260.377358490566,7.287094911998927e-15
4260.528301886792,-1.7054909538813648e-14
4260.679245283019,6.067676622400012e-15
4260.830188679245,-5.5553232063573006e-15
4260.981132075472,-6.22711589827754e-15
4261.132075471698,1.7928789705719177e-16
4261.2830188679245,-4.86277766373231e-15
4261.433962264151,-3.3506692223139904e-15
4261.584905660377,-3.848515331313846e-15
4261.735849056604,-1.4970103244404047e-15
4261.88679245283,-5.041340413793727e-15
4262.037735849057,-3.78283090727849e-15
4262.188679245283,-7.54359535970727e-16
4262.33962264151,-5.109646570575461e-15
4262.490566037736,-5.504690962149888e-15
4262.641509433963,3.064291069919104e-15
4262.792452830188,-9.966675070199247e-15
4262.943396226415,-1.6707340214308431e-15
4263.094339622641,2.7972272534603928e-15
4263.245283018868,-1.4776713847964784e-14
4263.396226415094,8.273432550582851e-15
4263.547169811321,-1.1122237966115908e-14
4263.698113207547,1.6699233182804342e-15
4263.8490566037735,-8.575354859877185e-15
4264.0,3.3197518670720552e-15
4264.1509433962265,-7.505905686348068e-15
4264.301886792453,-5.6446988071485256e-15
4264.452830188679,5.355479998569364e-15
4264.603773584906,-1.1902741619060585e-14
4264.754716981132,-1.0367591598373997e-15
4264.905660377359,2.3814930826845546e-15
4265.056603773585,-1.2540366198570994e-14
4265.207547169812,5.015230270490798e-15
4265.358490566037,-8.610037356683665e-15
4265.509433962264,1.9372829204485413e-16
4265.66037735849,-5.093091319882231e-15
4265.811320754717,-3.6006696047431495e-15
4265.962264150943,-1.5673448573905303e-16
4266.11320754717,-6.9629171703298516e-15
4266.264150943396,-1.5941159765842448e-15
4266.415094339623,-1.317412571760485e-15
4266.566037735849,-6.543623269631009e-15
4266.7169811320755,-1.7819405585009846e-15
4266.867924528302,-1.8428370566072828e-16
4267.018867924528,-9.990819252786813e-15
4267.169811320755,4.855416438819228e-15
4267.320754716981,-9.214463196566297e-15
4267.471698113208,-4.413020806223072e-16
4267.622641509434,-3.591423710779373e-15
4267.773584905661,-1.7650644343473487e-15
4267.924528301887,-8.133741268901334e-15
4268.075471698113,5.664272043556113e-15
4268.226415094339,-1.246734240063857e-14
4268.377358490566,2.2092213584466364e-15
4268.528301886792,-1.2692812173158745e-15
4268.679245283019,-1.125260517613582e-14
4268.830188679245,7.0613834964333655e-15
4268.981132075472,-1.0160609136626102e-14
4269.132075471698,-1.398542393330644e-15
4269.2830188679245,-5.781191014351748e-16
4269.433962264151,-7.0500126147910685e-15
4269.584905660377,1.2215599680235517e-15
4269.735849056604,-8.381146409093042e-15
4269.88679245283,4.194364747275029e-15
4270.037735849057,-1.1009823038275904e-14
4270.188679245283,2.372082642051739e-15
4270.33962264151,-2.539001245798822e-15
4270.490566037736,-1.0061063695288764e-14
4270.641509433963,7.566009732740598e-15
4270.792452830188,-1.2048648926934381e-14
4270.943396226415,4.396308893047264e-16
4271.094339622641,-1.2423047094203335e-16
4271.245283018868,-9.548734329179749e-15
4271.396226415094,3.2388357475218502e-15
4271.547169811321,-6.090075712940369e-15
4271.698113207547,-2.793953439889646e-15
4271.8490566037735,-3.146032918260148e-15
4272.0,6.319805339049655e-16
4272.1509433962265,-1.114742889976656e-14
4272.301886792453,7.30587555615555e-15
4272.452830188679,-9.970944675961999e-15
4272.603773584906,-4.0878942765338906e-15
4272.754716981132,7.038997826349556e-15
4272.905660377359,-1.6269329127667214e-14
4273.056603773585,4.947564846411599e-15
4273.207547169812,3.7603206102847153e-16
4273.358490566037,-1.4814434439857745e-14
4273.509433962264,8.308239001557566e-15
4273.66037735849,-5.174660677136886e-15
4273.811320754717,-9.644960925736161e-15
4273.962264150943,5.154244588204601e-15
4274.11320754717,-4.107756828456114e-15
4274.264150943396,-1.0089241105193332e-14
4274.415094339623,7.939519967382593e-15
4274.566037735849,-1.162126786674331e-14
4274.7169811320755,1.949948636457878e-15
4274.867924528302,-5.265891404211001e-15
4275.018867924528,-1.1949602072460315e-15
4275.169811320755,-3.503271175896706e-15
4275.320754716981,-4.404278942840978e-15
4275.471698113208,1.2176785267604295e-15
4275.622641509434,-7.994382172697662e-15
4275.773584905661,1.5232874651399777e-15
4275.924528301887,-5.284937186776743e-15
4276.075471698113,-1.86186202847067e-15
4276.226415094339,-3.3488148052540207e-15
4276.377358490566,-1.80485425570442e-15
4276.528301886792,-4.267149461526833e-15
4276.679245283019,-1.3852925341203053e-15
4276.830188679245,-3.6064046005328215e-15
4276.981132075472,-2.5194445008914477e-15
4277.132075471698,-2.8900910133766227e-15
4277.2830188679245,-2.363940008230899e-15
4277.433962264151,-3.436323929146408e-15
4277.584905660377,-2.1713589522155486e-15
4277.735849056604,-2.8698222043819308e-15
4277.88679245283,-3.019627246348419e-15
4278.037735849057,-2.4931635223004385e-15
4278.188679245283,-2.5432243282777068e-15
4278.33962264151,-3.186296545258528e-15
4278.490566037736,-2.6387589055047847e-15
4278.641509433963,-1.849544752283845e-15
4278.792452830188,-4.1951387484815185e-15
4278.943396226415,-1.752636950003651e-15
4279.094339622641,-2.1852905502524035e-15
4279.245283018868,-3.844122921417605e-15
4279.396226415094,-3.3459606598067617e-15
4279.547169811321,1.8117136232721056e-15
4279.698113207547,-1.0104684205568888e-14
4279.8490566037735,3.9751081978684185e-15
4280.0,-4.776134933678155e-15
4280.1509433962265,-5.491690257610895e-15
4280.301886792453,1.957652803244048e-15
4280.452830188679,-5.0573582024072305e-15
4280.603773584906,-3.8838645222127035e-15
4280.754716981132,6.055950378297298e-16
4280.905660377359,-4.6379975982995634e-15
4281.056603773585,-4.6104727507161655e-15
4281.207547169812,5.004685227985378e-15
4281.358490566037,-1.5863530432900684e-14
4281.509433962264,1.3820379011542476e-14
4281.66037735849,-1.6612926632302376e-14
4281.811320754717,2.474356564849369e-15
4281.962264150943,4.231893350769862e-15
4282.11320754717,-1.6952096965271838e-14
4282.264150943396,9.847244731461527e-15
4282.415094339623,-5.380708944216138e-15
4282.566037735849,-8.82493311106041e-15
4282.7169811320755,5.002740937315425e-15
4282.867924528302,-3.5012987506076526e-15
4283.018867924528,-9.62577444180285e-15
4283.169811320755,7.913589888146508e-15
4283.320754716981,-1.0956713561989124e-14
4283.471698113208,2.195033534370919e-15
4283.622641509434,-4.959266106061882e-15
4283.773584905661,-9.242006014243239e-16
4283.924528301887,-2.8063511467290834e-15
4284.075471698113,-4.615561160611958e-15
4284.226415094339,2.0532279535912834e-15
4284.377358490566,-7.83406995962147e-15
4284.528301886792,1.7683237204827778e-15
4284.679245283019,-4.852502722510463e-15
4284.830188679245,-1.2392398528182381e-15
4284.981132075472,-3.686580253551958e-15
4285.132075471698,-7.6843265643835835e-16
4285.2830188679245,-4.015126440850626e-15
4285.433962264151,-1.7512600985132403e-15
4285.584905660377,-2.312225518457783e-15
4285.735849056604,-2.2642311915305514e-15
4285.88679245283,-3.807782886439903e-15
4286.037735849057,-4.847409404944421e-16
4286.188679245283,-2.612833014132934e-15
4286.33962264151,-5.6896574780428115e-15
4286.490566037736,3.5275162496981566e-15
4286.641509433963,-7.671410491512135e-15
4286.792452830188,-8.277226397063565e-16
4286.943396226415,3.1163682654915425e-16
4287.094339622641,-7.368146074755814e-15
4287.245283018868,2.7227810164194056e-15
4287.396226415094,-6.651777625055748e-15
4287.547169811321,1.1211445055210934e-15
4287.698113207547,-4.455127255344974e-15
4287.8490566037735,-2.7576511346731362e-15
4288.0,9.693212855162632e-16
4288.1509433962265,-6.687402502211588e-15
4288.301886792453,-5.981951487580607e-16
4288.452830188679,1.9847597299485552e-15
4288.603773584906,-1.308021058770326e-14
4288.754716981132,1.1586900485168993e-14
4288.905660377359,-1.4007798364254401e-14
4289.056603773585,3.4602632779551622e-15
4289.207547169812,-2.1031276748773885e-15
4289.358490566037,-5.09148931161978e-15
4289.509433962264,-5.400504323788012e-16
4289.66037735849,-1.4670080900743725e-15
4289.811320754717,-4.218886013220254e-15
4289.962264150943,-1.3660456331608329e-15
4290.11320754717,-1.5571345701812133e-15
4290.264150943396,-2.431364432574502e-15
4290.415094339623,-5.275488462544138e-15
4290.566037735849,4.626541608720559e-15
4290.7169811320755,-1.0088802557443788e-14
4290.867924528302,2.059322419486383e-15
4291.018867924528,3.53942092495788e-16
4291.169811320755,-1.0966807621557858e-14
4291.320754716981,8.606369982580654e-15
4291.471698113208,-1.0361949435991763e-14
4291.622641509434,1.3959762159781453e-15
4291.773584905661,-2.4670405399007233e-15
4291.924528301887,-2.5713013121324673e-15
4292.075471698113,-2.500643283029256e-15
4292.226415094339,-1.821851359750187e-15
4292.377358490566,-9.673236524459807e-17
4292.528301886792,-9.238142154737058e-15
4292.679245283019,1.1128791340461975e-14
4292.830188679245,-1.9330601941937544e-14
4292.981132075472,1.2975846094703852e-14
4293.132075471698,-7.972341714817032e-15
4293.2830188679245,-8.585309415710356e-15
4293.433962264151,1.2149100657542883e-14
4293.584905660377,-1.4218281900384006e-14
4293.735849056604,5.620188600023565e-17
4293.88679245283,5.164163584693629e-15
4294.037735849057,-1.0653216418025603e-14
4294.188679245283,-3.1004450233537605e-16
4294.33962264151,4.5125288652315735e-15
4294.490566037736,-1.20923515921479e-14
4294.641509433963,5.716006430847123e-15
4294.792452830188,-5.607109374989686e-15
4294.943396226415,-1.106481042655116e-15
4295.094339622641,-2.2191678104378006e-15
4295.245283018868,-2.5575975104945137e-15
4295.396226415094,4.635304806085272e-16
4295.547169811321,-7.171698336353048e-15
4295.698113207547,5.020615743413992e-15
4295.8490566037735,-8.957894478811913e-15
4296.0,2.946067109848437e-15
4296.1509433962265,-4.205572232461888e-15
4296.301886792453,-1.2098198590954105e-15
4296.452830188679,-4.048594831270566e-15
4296.603773584906,3.706279095431533e-15
4296.754716981132,-1.1097375513775348e-14
4296.905660377359,7.621882376022276e-15
4297.056603773585,-7.683292691504743e-15
4297.207547169812,-2.929337600598532e-15
4297.358490566037,5.208759867019183e-15
4297.509433962264,-1.1348303326066365e-14
4297.66037735849,4.904833325063431e-15
4297.811320754717,-3.27774047820989e-15
4297.962264150943,-5.562184168480831e-15
4298.11320754717,4.092699858694841e-15
4298.264150943396,-7.684297724123415e-15
4298.415094339623,2.7143969708983625e-15
4298.566037735849,-5.637044034802477e-15
4298.7169811320755,1.5120683067159971e-15
4298.867924528302,-5.030492415410367e-15
4299.018867924528,1.3442271229933566e-15
4299.169811320755,-5.947881452206882e-15
4299.320754716981,4.017691869521633e-15
4299.471698113208,-9.694799047533338e-15
4299.622641509434,7.23017238416269e-15
4299.773584905661,-1.065486197253696e-14
4299.924528301887,5.01901269405514e-15
4300.075471698113,-5.231693708380078e-15
4300.226415094339,-2.314275328590378e-15
4300.377358490566,1.730882466647148e-15
4300.528301886792,-6.501357974928569e-15
4300.679245283019,2.237378357575423e-15
4300.830188679245,-4.231384864095043e-15
4300.981132075472,-7.382687241256254e-16
4301.132075471698,-2.1528611278590806e-15
4301.2830188679245,-1.4132242080078146e-15
4301.433962264151,-2.2448836369506618e-15
4301.584905660377,-1.3809564152332716e-15
4301.735849056604,-1.6635571313267712e-15
4301.88679245283,-2.388260357082506e-15
4302.037735849057,-7.648737162329945e-16
4302.188679245283,-2.564301192636067e-15
4302.33962264151,-1.2806973567595073e-15
4302.490566037736,-1.9889872418510042e-15
4302.641509433963,-9.296653545191929e-16
4302.792452830188,-3.48260377466094e-15
4302.943396226415,7.701869903525918e-16
4303.094339622641,-3.666207674520109e-15
4303.245283018868,-1.1182172153515882e-15
4303.396226415094,-1.519953201534052e-15
4303.547169811321,-1.6563632466780538e-16
4303.698113207547,-6.860287305145701e-15
4303.8490566037735,6.662833718935657e-15
4304.0,-9.70626339651957e-15
4304.1509433962265,2.448612865444987e-15
4304.301886792453,-5.579052789983401e-16
4304.452830188679,-5.787028889307015e-15
4304.603773584906,2.0983304313670248e-15
4304.754716981132,-2.5910196087028655e-15
4304.905660377359,-3.0356866677463652e-15
4305.056603773585,3.028188792101932e-17
4305.207547169812,-1.5866481718969125e-15
4305.358490566037,-2.7310308588014493e-15
4305.509433962264,-1.976171711567358e-15
4305.66037735849,2.801267322878065e-15
4305.811320754717,-9.563734794412103e-15
4305.962264150943,6.689211673420234e-15
4306.11320754717,-6.065849332387937e-15
4306.264150943396,-2.478474232000259e-15
4306.415094339623,3.1220854413725054e-15
4306.566037735849,-5.9738265722202365e-15
4306.7169811320755,-8.475612591077052e-16
4306.867924528302,2.3650744421412584e-15
4307.018867924528,-7.795717593130879e-15
4307.169811320755,4.155491292062452e-15
4307.320754716981,-4.9960810045533765e-15
4307.471698113208,1.0776618251757202e-16
4307.622641509434,-1.9792786874114428e-15
4307.773584905661,-1.6004811571881125e-15
4307.924528301887,-1.2120356548139188e-15
4308.075471698113,-1.2924493651161973e-15
4308.226415094339,-1.9883640767779e-15
4308.377358490566,-1.8391729653540235e-15
4308.528301886792,1.509901959278097e-15
4308.679245283019,-7.432377028734802e-15
4308.830188679245,6.248636506831106e-15
4308.981132075472,-8.624343603123027e-15
4309.132075471698,3.970739016846088e-15
4309.2830188679245,-5.2931784954441934e-15
4309.433962264151,2.2397868712018247e-15
4309.584905660377,-5.661270807909387e-15
4309.735849056604,3.0635286512287098e-15
4309.88679245283,-4.7621657878042394e-15
4310.037735849057,2.776650320925699e-16
4310.188679245283,-2.5167327651939435e-15
4310.33962264151,1.7646723767556629e-15
4310.490566037736,-7.953701199326917e-15
4310.641509433963,7.33994596550986e-15
4310.792452830188,-8.645176683271768e-15
4310.943396226415,1.80381779832952e-15
4311.094339622641,-3.7276529033004565e-16
4311.245283018868,-4.143280406015963e-15
4311.396226415094,1.4010788993616087e-15
4311.547169811321,-3.733286990694977e-15
4311.698113207547,1.4427427217824578e-15
4311.8490566037735,-3.866033374395386e-15
4312.0,-6.744765668760183e-16
4312.1509433962265,6.519794711164e-16
4312.301886792453,-2.8982777435616942e-15
4312.452830188679,-4.875881533922809e-15
4312.603773584906,9.736380551576373e-15
4312.754716981132,-1.556429269096839e-14
4312.905660377359,8.013220002943775e-15
4313.056603773585,6.549940718351702e-16
4313.207547169812,-1.276557199559484e-14
4313.358490566037,1.163624215972577e-14
4313.509433962264,-7.209623382565653e-15
4313.66037735849,-3.250756016535999e-15
4313.811320754717,2.0209651897053524e-15
4313.962264150943,3.2159361558512648e-15
4314.11320754717,-1.650873210334123e-14
4314.264150943396,1.9919876223648932e-14
4314.415094339623,-1.894888806045873e-14
4314.566037735849,7.512336805566507e-15
4314.7169811320755,-2.3204019392590968e-15
4314.867924528302,-1.486741354995946e-15
4315.018867924528,-3.741806191997167e-15
4315.169811320755,3.5447137206346627e-15
4315.320754716981,-3.814403838195562e-15
4315.471698113208,-3.302024673593491e-15
4315.622641509434,4.757283891852283e-15
4315.773584905661,-6.984097002313257e-15
4315.924528301887,1.8009308924428018e-15
4316.075471698113,-1.1283474291759286e-15
4316.226415094339,-1.6174416284585313e-15
4316.377358490566,-2.1616282244499824e-15
4316.528301886792,1.4770548895217936e-15
4316.679245283019,-3.0591644687782325e-15
4316.830188679245,-1.493884084500349e-15
4316.981132075472,1.0445158421736674e-15
4317.132075471698,-1.7509148373088115e-15
4317.2830188679245,-4.4513432123024236e-15
4317.433962264151,5.758741507013387e-15
4317.584905660377,-7.219806514229762e-15
4317.735849056604,3.466659123075117e-16
4317.88679245283,3.328823350343819e-15
4318.037735849057,-8.288165889598601e-15
4318.188679245283,5.342083999194576e-15
4318.33962264151,-4.9111466056659895e-15
4318.490566037736,2.0534988782340612e-15
4318.641509433963,-5.837334772724903e-15
4318.792452830188,6.8518166024080626e-15
4318.943396226415,-1.0712166206984304e-14
4319.094339622641,8.20580025080485e-15
4319.245283018868,-7.162698064271592e-15
4319.396226415094,9.256853580981101e-16
4319.547169811321,1.2367380565566726e-15
4319.698113207547,-5.50019999410292e-15
4319.8490566037735,3.7877889876359726e-15
4320.0,-4.537098903809942e-15
4320.1509433962265,2.070568558882275e-15
4320.301886792453,-4.777089926982873e-15
4320.452830188679,4.382380487037443e-15
4320.603773584906,-6.4320331716923724e-15
4320.754716981132,3.371025783450205e-15
4320.905660377359,-3.880467875586373e-15
4321.056603773585,1.8227453556687406e-15
4321.207547169812,-2.891727342150012e-15
4321.358490566037,-2.079031992680993e-15
4321.509433962264,5.754415015911158e-15
4321.66037735849,-1.181674214122217e-14
4321.811320754717,1.0767173196622518e-14
4321.962264150943,-1.0201259215802211e-14
4322.11320754717,6.306705381609426e-15
4322.264150943396,-7.252067417470223e-15
4322.415094339623,4.968837862463571e-15
4322.566037735849,-3.917044990474978e-15
4322.7169811320755,-2.143565382466813e-15
4322.867924528302,3.6169351696528105e-15
4323.018867924528,-3.9622517137202835e-15
4323.169811320755,-2.6484480474283216e-15
4323.320754716981,5.852842417849423e-15
4323.471698113208,-7.855908247668801e-15
4323.622641509434,2.0521766053205193e-15
4323.773584905661,1.9683468398668157e-15
4323.924528301887,-6.217793978135496e-15
4324.075471698113,3.426086894796854e-15
4324.226415094339,-1.8156452216615954e-15
4324.377358490566,-1.2789838787267491e-15
4324.528301886792,-1.1086810463681308e-15
4324.679245283019,1.1078213451198992e-15
4324.830188679245,-1.5572269985283179e-15
4324.981132075472,-3.731835549000025e-15
4325.132075471698,6.309139020234522e-15
4325.2830188679245,-8.252042675561396e-15
4325.433962264151,3.1250380271218094e-15
4325.584905660377,1.0722736468245788e-15
4325.735849056604,-6.0892590243664556e-15
4325.88679245283,4.5528112722889624e-15
4326.037735849057,-2.549695507340521e-15
4326.188679245283,-2.5475532857888636e-15
4326.33962264151,3.0738612800153398e-15
4326.490566037736,-3.961477626264643e-15
4326.641509433963,2.2986296645388e-15
4326.792452830188,-5.233109753502973e-15
4326.943396226415,6.900342141169321e-15
4327.094339622641,-8.594297333164161e-15
4327.245283018868,2.6585940245135755e-15
4327.396226415094,4.656970778096738e-15
4327.547169811321,-1.3133883327906292e-14
4327.698113207547,1.3649735444092343e-14
4327.8490566037735,-1.0847202250020955e-14
4328.0,4.584983766141857e-15
4328.1509433962265,-4.593730371307348e-15
4328.301886792453,7.44534098111188e-15
4328.452830188679,-1.3076464445252224e-14
4328.603773584906,1.1307579904496305e-14
4328.754716981132,-5.851167976860279e-15
4328.905660377359,-1.557714050344819e-15
4329.056603773585,8.82025054207703e-17
4329.207547169812,6.1092390501387425e-15
4329.358490566037,-1.4301464137631203e-14
4329.509433962264,1.3600367951093778e-14
4329.66037735849,-7.603801663942578e-15
4329.811320754717,-2.0663486799791528e-15
4329.962264150943,5.816501019839133e-15
4330.11320754717,-6.310460905665819e-15
4330.264150943396,2.4806107134776477e-15
4330.415094339623,-7.299227553896731e-16
4330.566037735849,-2.2022226557822487e-15
4330.7169811320755,3.336115785571908e-15
4330.867924528302,-5.852753935782244e-15
4331.018867924528,4.831027078875579e-15
4331.169811320755,-3.0554251912645532e-15
4331.320754716981,-1.675323365969754e-15
4331.471698113208,3.822874626737803e-15
4331.622641509434,-5.269855147399813e-15
4331.773584905661,3.0961339369447186e-15
4331.924528301887,-1.9381722506162685e-15
4332.075471698113,1.549012020354698e-17
4332.226415094339,-7.650325372576381e-16
4332.377358490566,6.130998880653838e-16
4332.528301886792,-1.682321777356394e-15
4332.679245283019,6.531919457300341e-16
4332.830188679245,-6.240370682665187e-16
4332.981132075472,-5.702653702167372e-16
4333.132075471698,-2.289728186978337e-16
4333.2830188679245,1.5001935300980564e-16
4333.433962264151,-1.1419667667688323e-15
4333.584905660377,8.209450074629407e-17
4333.735849056604,3.1433799502324064e-16
4333.88679245283,-1.5567943838625454e-15
4334.037735849057,3.687665900837157e-16
4334.188679245283,5.665411014145821e-16
4334.33962264151,-1.811855948153665e-15
4334.490566037736,-4.649057850723115e-16
4334.641509433963,3.541188609022886e-15
4334.792452830188,-6.8165049634817916e-15
4334.943396226415,5.637527953349665e-15
4335.094339622641,-2.0802493906318468e-15
4335.245283018868,-3.154612830880403e-15
4335.396226415094,5.314911873668171e-15
4335.547169811321,-5.5620458298036625e-15
4335.698113207547,3.598533645484026e-15
4335.8490566037735,-2.9795343717729824e-15
4336.0,2.413782446487931e-15
4336.1509433962265,-2.6417278921626484e-15
4336.301886792453,1.4982162817945363e-15
4336.452830188679,-1.3962434802250322e-15
4336.603773584906,2.2779618018890605e-15
4336.754716981132,-5.473866600030509e-15
4336.905660377359,7.509337457808008e-15
4337.056603773585,-7.429840052297482e-15
4337.207547169812,3.836035046951332e-15
4337.358490566037,1.1383577243508155e-17
4337.509433962264,-3.0192205181145006e-15
4337.66037735849,3.484935930776443e-15
4337.811320754717,-3.155539744324739e-15
4337.962264150943,1.5605456596649697e-15
4338.11320754717,5.004279980123739e-16
4338.264150943396,-3.570255854077511e-15
4338.415094339623,5.3688144261870224e-15
4338.566037735849,-5.0523832405207425e-15
4338.7169811320755,1.8024688596958295e-15
4338.867924528302,2.1041845700910726e-15
4339.018867924528,-5.231711304197377e-15
4339.169811320755,6.010860206747701e-15
4339.320754716981,-5.111609663555855e-15
4339.471698113208,2.928476925564916e-15
4339.622641509434,-9.664479682815264e-16
4339.773584905661,3.0791778575103925e-16
4339.924528301887,-2.1396124043627034e-15
4340.075471698113,5.509570458569897e-15
4340.226415094339,-8.131650396642716e-15
4340.377358490566,7.574421681893262e-15
4340.528301886792,-3.726062871538293e-15
4340.679245283019,-1.1780036750457846e-15
4340.830188679245,4.433083797518509e-15
4340.981132075472,-4.638444567326111e-15
4341.132075471698,2.7281210632106367e-15
4341.2830188679245,-2.9128850081759854e-16
4341.433962264151,-8.344755535774366e-16
4341.584905660377,4.671895823679071e-16
4341.735849056604,1.179498005233249e-15
4341.88679245283,-2.203809197248412e-15
4342.037735849057,1.581277251795919e-15
4342.188679245283,1.4781981590572875e-15
4342.33962264151,-4.514726891505531e-15
4342.490566037736,5.609100097795108e-15
4342.641509433963,-3.362902987905145e-15
4342.792452830188,6.717870894332235e-16
4342.943396226415,6.367908213337261e-16
4343.094339622641,5.815056005989921e-16
4343.245283018868,-8.524632993107756e-16
4343.396226415094,-1.5335535442811014e-15
4343.547169811321,7.450027608097072e-15
4343.698113207547,-1.238927164985109e-14
4343.8490566037735,1.39455453047988e-14
4344.0,-1.0720369115615177e-14
4344.1509433962265,7.272542368579156e-15
4344.301886792453,-5.4208944417249694e-15
4344.452830188679,6.267020880689981e-15
4344.603773584906,-5.420207054172325e-15
4344.754716981132,2.583719118809583e-15
4344.905660377359,1.910131578160058e-15
4345.056603773585,-2.808874483149955e-15
4345.207547169812,4.217211255962101e-16
4345.358490566037,4.328092335368016e-15
4345.509433962264,-5.59436093276504e-15
4345.66037735849,3.503082692236381e-15
4345.811320754717,1.850914010676615e-15
4345.962264150943,-5.044692982760385e-15
4346.11320754717,6.019542125524065e-15
4346.264150943396,-3.3307581302330737e-15
4346.415094339623,1.1846923617165346e-15
4346.566037735849,7.688153431015129e-16
4346.7169811320755,7.427619870048975e-17
4346.867924528302,-6.259305911614161e-16
4347.018867924528,1.936164109552569e-15
4347.169811320755,-8.343539431925469e-16
4347.320754716981,-9.521901444482197e-17
4347.471698113208,2.199433092471172e-15
4347.622641509434,-1.6311716551619906e-15
4347.773584905661,6.954473351585951e-16
4347.924528301887,1.7084400650361446e-15
4348.075471698113,-5.492899941160957e-16
4348.226415094339,-2.357285353687838e-15
4348.377358490566,7.893754565302801e-15
4348.528301886792,-9.33882743865087e-15
4348.679245283019,6.528610863630633e-15
4348.830188679245,2.7760557201170515e-15
4348.981132075472,-1.0300241892292004e-14
4349.132075471698,1.254245866357166e-14
4349.2830188679245,-4.119797772922192e-15
4349.433962264151,-6.932527888128599e-15
4349.584905660377,1.5339593711732698e-14
4349.735849056604,-1.2691216322693994e-14
4349.88679245283,4.49339102810803e-15
4350.037735849057,5.771947384587098e-15
4350.188679245283,-9.092994778143079e-15
4350.33962264151,8.406730757382335e-15
4350.490566037736,-3.5046615803678775e-15
4350.641509433963,1.5741549460629678e-15
4350.792452830188,-2.2069506088500897e-16
4350.943396226415,2.2229911628970235e-15
4351.094339622641,-2.2860758079919583e-15
4351.245283018868,3.3612065692663005e-15
4351.396226415094,-1.5221209188771476e-15
4351.547169811321,1.129518541598606e-15
4351.698113207547,1.0799810223042754e-15
4351.8490566037735,-1.7474135598885774e-16
4352.0,-2.4069763728772727e-16
4352.1509433962265,3.462145401122826e-15
4352.301886792453,-2.9829365318575597e-15
4352.452830188679,1.1824730452396535e-15
4352.603773584906,5.1049324981518435e-15
4352.754716981132,-7.179842302637884e-15
4352.905660377359,5.58036144748264e-15
4353.056603773585,3.366503517218181e-15
4353.207547169812,-9.628152478584932e-15
4353.358490566037,1.229763531056317e-14
4353.509433962264,-6.168829001049545e-15
4353.66037735849,4.980205821372047e-16
4353.811320754717,4.186327336235132e-15
4353.962264150943,-1.8134219487256313e-15
4354.11320754717,5.774052401549568e-16
4354.264150943396,3.631967742683815e-16
4354.415094339623,4.360844069157571e-15
4354.566037735849,-6.143051672378858e-15
4354.7169811320755,6.380492919040111e-15
4354.867924528302,-2.2728053921263874e-16
4355.018867924528,-3.1351333106304493e-15
4355.169811320755,5.4608637069069666e-15
4355.320754716981,-2.3871683679503713e-15
4355.471698113208,3.5392074247462765e-15
4355.622641509434,-5.9864412048971066e-15
4355.773584905661,1.2260886897415251e-14
4355.924528301887,-1.1317677062626282e-14
4356.075471698113,6.5988628282995216e-15
4356.226415094339,3.872033338057004e-15
4356.377358490566,-9.063149413647447e-15
4356.528301886792,1.2500012880578509e-14
4356.679245283019,-9.730909306728105e-15
4356.830188679245,8.029903999178078e-15
4356.981132075472,-1.5248366251842138e-15
4357.132075471698,-3.433161895688095e-15
4357.2830188679245,1.0142678941388586e-14
4357.433962264151,-9.240143819134949e-15
4357.584905660377,6.349269196640379e-15
4357.735849056604,1.055062748121172e-15
4357.88679245283,-2.1692445252800777e-15
4358.037735849057,1.8189835443123764e-15
4358.188679245283,3.5457183091692185e-15
4358.33962264151,-3.62529970047976e-15
4358.490566037736,3.0735294204532607e-15
4358.641509433963,3.4293183325429852e-15
4358.792452830188,-6.9014339960815195e-15
4358.943396226415,1.173314555060806e-14
4359.094339622641,-1.0257710204854108e-14
4359.245283018868,9.46282748041051e-15
4359.396226415094,-4.089300545876669e-15
4359.547169811321,2.5566614430321026e-15
4359.698113207547,1.220505408787787e-15
4359.8490566037735,-6.1346709807075e-16
4360.0,2.698727596841872e-15
4360.1509433962265,2.8224134483532887e-16
4360.301886792453,-1.9181829956107233e-15
4360.452830188679,7.946170929080687e-15
4360.603773584906,-8.068876559225496e-15
4360.754716981132,7.505283672139614e-15
4360.905660377359,-9.474972952350677e-16
4361.056603773585,2.742917590435726e-16
4361.207547169812,-6.447804141854153e-16
4361.358490566037,7.138389908410443e-15
4361.509433962264,-7.690440338682567e-15
4361.66037735849,7.751130130847058e-15
4361.811320754717,-1.7135530902663672e-15
4361.962264150943,1.0054188582830466e-16
4362.11320754717,4.415198806236205e-15
4362.264150943396,-5.902194991902714e-15
4362.415094339623,1.2708675370733988e-14
4362.566037735849,-1.449821859128028e-14
4362.7169811320755,1.569361641185793e-14
4362.867924528302,-7.791122255095225e-15
4363.018867924528,2.4811533595709223e-15
4363.169811320755,3.203681871541575e-15
4363.320754716981,9.051129125856662e-16
4363.471698113208,-4.0246741903350434e-15
4363.622641509434,9.26808504426414e-15
4363.773584905661,-4.7596127354107744e-15
4363.924528301887,-6.826984628071117e-16
4364.075471698113,1.1040940556900968e-14
4364.226415094339,-1.2625030949265816e-14
4364.377358490566,1.1516392907362398e-14
4364.528301886792,-1.6760204694822164e-15
4364.679245283019,-2.5969372025463587e-15
4364.830188679245,5.423137448661864e-15
4364.981132075472,1.4645686958365662e-15
4365.132075471698,-4.5225195960618455e-15
4365.2830188679245,7.637362828442641e-15
4365.433962264151,-1.1266537691305731e-15
4365.584905660377,-2.649862359566169e-15
4365.735849056604,8.205225722390151e-15
4365.88679245283,-4.818735478399437e-15
4366.037735849057,3.4391706628330004e-15
4366.188679245283,1.5267180368658916e-15
4366.33962264151,1.1725184900929985e-15
4366.490566037736,-1.3502556133137242e-15
4366.641509433963,5.011953691595375e-15
4366.792452830188,-3.2850204804327084e-16
4366.943396226415,-2.4346030134172563e-15
4367.094339622641,8.665321678516294e-15
4367.245283018868,-5.263408417908699e-15
4367.396226415094,2.0925841294290645e-15
4367.547169811321,5.979065055108337e-15
4367.698113207547,-4.7485550655434235e-15
4367.8490566037735,3.387437474118201e-15
4368.0,3.9182031720950235e-15
4368.1509433962265,-2.865001398348698e-15
4368.301886792453,2.121466343609431e-15
4368.452830188679,5.516657182220587e-15
4368.603773584906,-6.484177126472006e-15
4368.754716981132,9.153348357556278e-15
4368.905660377359,-4.456132445456419e-15
4369.056603773585,4.468005694421988e-15
4369.207547169812,-4.364094734010167e-16
4369.358490566037,2.922854816068142e-15
4369.509433962264,-1.4092814140384206e-15
4369.66037735849,5.4087675059211026e-15
4369.811320754717,-3.2153273669350105e-15
4369.962264150943,4.028309118349396e-15
4370.11320754717,2.2842267947097235e-15
4370.264150943396,-2.9569766496707567e-15
4370.415094339623,5.725107431630701e-15
4370.566037735849,1.1716719227555353e-15
4370.7169811320755,-5.243939322448505e-15
4370.867924528302,1.3308667474683697e-14
4371.018867924528,-1.1551559543050284e-14
4371.169811320755,1.1174179635605226e-14
4371.320754716981,-4.644534043936958e-15
4371.471698113208,5.807669144753976e-15
4371.622641509434,-3.4713337795487606e-15
4371.773584905661,6.010699610729367e-15
4371.924528301887,-4.696075148895535e-16
4372.075471698113,-1.0292221524948377e-15
4372.226415094339,6.765914899530089e-15
4372.377358490566,-3.5522104568873837e-15
4372.528301886792,3.582060045458794e-15
4372.679245283019,1.3691082262603242e-15
4372.830188679245,2.51573985394146e-15
4372.981132075472,-3.152747547871194e-15
4373.132075471698,8.810573738471789e-15
4373.2830188679245,-5.215748200989726e-15
4373.433962264151,4.2222401013672156e-15
4373.584905660377,3.086418297025162e-15
4373.735849056604,-2.6003592285781836e-15
4373.88679245283,5.8542066431808914e-15
4374.037735849057,-2.2599483573745954e-15
4374.188679245283,4.21638212761124e-15
4374.33962264151,7.193500645135945e-16
4374.490566037736,-6.857643809393532e-16
4374.641509433963,6.155388566256749e-15
4374.792452830188,-2.9862678160857782e-15
4374.943396226415,2.774489432347889e-15
4375.094339622641,4.827835401659414e-15
4375.245283018868,-4.955330602394418e-15
4375.396226415094,8.419282700831067e-15
4375.547169811321,-3.4671634417324086e-15
4375.698113207547,4.1898217514184275e-15
4375.8490566037735,2.671534235415508e-16
4376.0,3.1215611284337186e-15
4376.1509433962265,-1.3298184394042807e-15
4376.301886792453,5.63493253311311e-15
4376.452830188679,-1.989886228187227e-15
4376.603773584906,2.6469995646266746e-15
4376.754716981132,3.707362134656664e-15
4376.905660377359,-1.939372363533416e-15
4377.056603773585,3.687946859867167e-15
4377.207547169812,2.7500040192021687e-15
4377.358490566037,-2.321766746794777e-15
4377.509433962264,7.315679561169776e-15
4377.66037735849,-5.7597839054071335e-15
4377.811320754717,1.1382091426717876e-14
4377.962264150943,-9.694411296313811e-15
4378.11320754717,1.1722858397427808e-14
4378.264150943396,-3.990559293166355e-15
4378.415094339623,2.2984504896963276e-15
4378.566037735849,3.532127316757009e-15
4378.7169811320755,7.390257881844604e-16
4378.867924528302,4.179018767615089e-16
4379.018867924528,3.7515315636815974e-15
4379.169811320755,7.145691138261777e-16
4379.320754716981,2.0019274519029126e-15
4379.471698113208,-6.017586584485898e-16
4379.622641509434,8.405539539735311e-15
4379.773584905661,-8.231371834082826e-15
4379.924528301887,9.823503273644693e-15
4380.075471698113,1.6033795863952215e-15
4380.226415094339,-7.974770347512497e-15
4380.377358490566,1.5949075497328188e-14
4380.528301886792,-6.9305361005914476e-15
4380.679245283019,-1.9874742530100455e-15
4380.830188679245,1.53703807346727e-14
4380.981132075472,-1.0884127337202502e-14
4381.132075471698,3.632368809280157e-15
4381.2830188679245,1.0741823612543988e-14
4381.433962264151,-7.962630177383116e-15
4381.584905660377,1.737709506002407e-15
4381.735849056604,1.2923947122849764e-14
4381.88679245283,-1.121449653231222e-14
4382.037735849057,6.238498894381487e-15
4382.188679245283,7.958851946626935e-15
4382.33962264151,-6.959255476996158e-15
4382.490566037736,3.660788722883426e-15
4382.641509433963,9.670665153602657e-15
4382.792452830188,-1.0344004484214234e-14
4382.943396226415,1.1431828649343637e-14
4383.094339622641,-2.523057471657648e-15
4383.245283018868,3.4348033018351412e-15
4383.396226415094,5.0181387838473e-17
4383.547169811321,3.901431701719111e-15
4383.698113207547,2.7539260255736574e-15
4383.8490566037735,-4.420580979326045e-15
4384.0,1.2625951971923276e-14
4384.1509433962265,-8.761835594886239e-15
4384.301886792453,7.732107475625425e-15
4384.452830188679,2.957418489206499e-15
4384.603773584906,-4.20136377616758e-15
4384.754716981132,8.91367550009406e-15
4384.905660377359,-1.6621397072967205e-15
4385.056603773585,2.8929315573546423e-16
4385.207547169812,7.384039190327075e-15
4385.358490566037,-3.264096607838283e-15
4385.509433962264,2.658431779529275e-15
4385.66037735849,8.050899877255261e-15
4385.811320754717,-9.69338089954921e-15
4385.962264150943,1.5232517193275412e-14
4386.11320754717,-8.449199238430751e-15
4386.264150943396,7.491579081678273e-15
4386.415094339623,5.222252382145905e-16
4386.566037735849,1.843740999292476e-15
4386.7169811320755,2.253462165177962e-15
4386.867924528302,1.8462351152080635e-15
4387.018867924528,1.9898042441931536e-15
4387.169811320755,3.659866127924708e-15
4387.320754716981,-2.919819186324158e-15
4387.471698113208,1.02098319241533e-14
4387.622641509434,-6.4560016861962355e-15
4387.773584905661,7.047807668624332e-15
4387.924528301887,2.492100458287628e-15
4388.075471698113,-2.236857016238954e-15
4388.226415094339,6.391697318850551e-15
4388.377358490566,1.0932494218782343e-15
4388.528301886792,-6.248525333730096e-16
4388.679245283019,5.6453087182959505e-15
4388.830188679245,1.3113959495749159e-15
4388.981132075472,-4.802591420967137e-16
4389.132075471698,3.997354401550506e-15
4389.2830188679245,6.703992668712061e-15
4389.433962264151,-1.0555218788566421e-14
4389.584905660377,1.7300989338732665e-14
4389.735849056604,-6.167912058033708e-15
4389.88679245283,-2.216397206175213e-15
4390.037735849057,1.654413642474892e-14
4390.188679245283,-1.2777266799335019e-14
4390.33962264151,7.803335758986193e-15
4390.490566037736,9.127580653356085e-15
4390.641509433963,-1.1794600630322134e-14
4390.792452830188,1.2530028313698894e-14
4390.943396226415,3.270423349361524e-15
4391.094339622641,-9.326753256363241e-15
4391.245283018868,1.4947223199663194e-14
4391.396226415094,-1.3775235405302458e-15
4391.547169811321,-7.143252613127739e-15
4391.698113207547,1.9007018124500615e-14
4391.8490566037735,-1.1811592265299618e-14
4392.0,6.482917149296621e-15
4392.1509433962265,6.719137856000657e-15
4392.301886792453,-3.739884216254434e-15
4392.452830188679,2.909694218040737e-15
4392.603773584906,7.49581680165031e-15
4392.754716981132,-3.1834655147271062e-15
4392.905660377359,1.1742282751246811e-15
4393.056603773585,1.1743053061411236e-14
4393.207547169812,-1.1335729842607932e-14
4393.358490566037,1.4061222244345738e-14
4393.509433962264,-5.817280889471688e-15
4393.66037735849,1.0759222259435008e-14
4393.811320754717,-1.242649233589291e-14
4393.962264150943,2.4813524179050975e-14
4394.11320754717,-2.2450574463404757e-14
4394.264150943396,2.015640052126054e-14
4394.415094339623,-2.3577043762407114e-15
4394.566037735849,-5.31566070818421e-15
4394.7169811320755,1.5809750157287232e-14
4394.867924528302,-9.934447622468596e-15
4395.018867924528,1.0134352805775679e-14
4395.169811320755,-1.902168922451317e-15
4395.320754716981,5.69090259994102e-15
4395.471698113208,-1.5649547180271479e-15
4395.622641509434,6.556029597626685e-15
4395.773584905661,-9.860757511402168e-16
4395.924528301887,4.4937393922763824e-15
4396.075471698113,9.466066929917248e-16
4396.226415094339,4.040825681790922e-15
4396.377358490566,2.185196153231298e-16
4396.528301886792,4.735870337748018e-15
4396.679245283019,5.045403966155675e-16
4396.830188679245,3.740172096405825e-15
4396.981132075472,1.3299213926818228e-15
4397.132075471698,3.759591867984177e-15
4397.2830188679245,7.45635539099303e-16
4397.433962264151,4.1993107215785815e-15
4397.584905660377,9.828792974989574e-16
4397.735849056604,3.564356427564083e-15
4397.88679245283,1.4071900902800431e-15
4398.037735849057,3.786216090603431e-15
4398.188679245283,8.514124383027778e-16
4398.33962264151,4.0907693816565654e-15
4398.490566037736,1.180425206087664e-15
4398.641509433963,3.506788527675711e-15
4398.792452830188,1.3817580429864932e-15
4398.943396226415,4.052485591757689e-15
4399.094339622641,5.919465167233758e-16
4399.245283018868,4.2853754265594505e-15
4399.396226415094,1.3082365467837931e-15
4399.547169811321,3.3584875967782115e-15
4399.698113207547,1.2683447084277584e-15
4399.8490566037735,4.882594208234443e-15
4400.0,-5.46433681556784e-16
4400.1509433962265,5.00071783612943e-15
4400.301886792453,1.8177041387985005e-15
4400.452830188679,2.4259665129776846e-15
4400.603773584906,7.884021141483098e-16
4400.754716981132,8.542579966439538e-15
4400.905660377359,-6.672239179154559e-15
4401.056603773585,1.0914321572388001e-14
4401.207547169812,-6.728250477299433e-16
4401.358490566037,4.412401859672644e-16
4401.509433962264,6.227937278284006e-15
4401.66037735849,2.1624543655110173e-15
4401.811320754717,-1.4134591293754074e-15
4401.962264150943,8.16281940181276e-15
4402.11320754717,-1.53725909360725e-16
4402.264150943396,4.701306273092333e-16
4402.415094339623,8.636997240891333e-15
4402.566037735849,-4.328739471758518e-15
4402.7169811320755,7.953723648294388e-15
4402.867924528302,2.2940628869858105e-16
4403.018867924528,2.627975075108852e-15
4403.169811320755,3.0747054550618998e-15
4403.320754716981,4.725562487885237e-15
4403.471698113208,-3.5234630760917347e-15
4403.622641509434,1.1611245099370243e-14
4403.773584905661,-4.835770335718727e-15
4403.924528301887,4.910911231367138e-15
4404.075471698113,6.0332907933528645e-15
4404.226415094339,-2.373951294908581e-15
4404.377358490566,4.75697646085886e-15
4404.528301886792,5.462921132774108e-15
4404.679245283019,-2.2412063952716323e-15
4404.830188679245,4.920857648632491e-15
4404.981132075472,7.0818117096644275e-15
4405.132075471698,-8.202846767396998e-15
4405.2830188679245,1.6599564111141057e-14
4405.433962264151,-9.040271328171403e-15
4405.584905660377,9.048878975773676e-15
4405.735849056604,2.2911938886144926e-15
4405.88679245283,-2.4731628241809294e-16
4406.037735849057,5.658814360279291e-15
4406.188679245283,3.1057843965834692e-15
4406.33962264151,-1.8450118076893093e-15
4406.490566037736,1.0167595120589926e-14
4406.641509433963,-4.12714434486666e-15
4406.792452830188,6.308145918384329e-15
4406.943396226415,3.774424349222138e-15
4407.094339622641,-1.5078324854292565e-15
4407.245283018868,7.799171694899456e-15
4407.396226415094,1.1173837219157308e-16
4407.547169811321,1.4640296334969517e-15
4407.698113207547,7.895453145321467e-15
4407.8490566037735,-3.380043978576599e-15
4408.0,6.4264879684833435e-15
4408.1509433962265,5.16449680381381e-15
4408.301886792453,-6.17676110142179e-15
4408.452830188679,1.579134989271734e-14
4408.603773584906,-8.318314032425552e-15
4408.754716981132,6.825059389286281e-15
4408.905660377359,7.818560724154783e-15
4409.056603773585,-7.488240549102519e-15
4409.207547169812,1.2363326549124023e-14
4409.358490566037,-8.06324363592884e-16
4409.509433962264,1.6115534192767337e-16
4409.66037735849,9.01870442372602e-15
4409.811320754717,-2.6799400182741778e-15
4409.962264150943,5.848285307566225e-15
4410.11320754717,2.103590142455616e-15
4410.264150943396,3.923802261147214e-15
4410.415094339623,-4.3425695027593224e-16
4410.566037735849,8.98408364227034e-15
4410.7169811320755,-4.111379905442811e-15
4410.867924528302,8.998218469886981e-15
4411.018867924528,-1.4390624919294e-15
4411.169811320755,6.110424585039331e-15
4411.320754716981,9.62707477450355e-16
4411.471698113208,3.2481249129531118e-15
4411.622641509434,4.384154825107528e-15
4411.773584905661,1.2799117155314168e-15
4411.924528301887,3.3577337243922532e-15
4412.075471698113,3.61774301761258e-15
4412.226415094339,4.331543769284472e-15
4412.377358490566,-3.850697617684723e-15
4412.528301886792,1.6066737896328223e-14
4412.679245283019,-1.2557999114120223e-14
4412.830188679245,1.5342189847224935e-14
4412.981132075472,-2.8898922185647123e-15
4413.132075471698,4.430711317244548e-15
4413.2830188679245,1.290904458870728e-15
4413.433962264151,8.2536408740137e-15
4413.584905660377,-4.41931293868773e-15
4413.735849056604,8.633925628012653e-15
4413.88679245283,2.6221066872893656e-15
4414.037735849057,-1.4226703040939022e-15
4414.188679245283,8.8035362500921e-15
4414.33962264151,6.176755633417564e-16
4414.490566037736,-1.114064396542206e-16
4414.641509433963,1.0495072520581201e-14
4414.792452830188,-4.318856224966176e-15
4414.943396226415,6.0108040761670675e-15
4415.094339622641,6.7231548336057675e-15
4415.245283018868,-5.5867165392873044e-15
4415.396226415094,1.2859045976728305e-14
4415.547169811321,-3.811237204673582e-15
4415.698113207547,5.6604654349504046e-15
4415.8490566037735,4.105463587411e-15
4416.0,-1.0978304394649788e-16
4416.1509433962265,8.450275022071529e-15
4416.301886792453,-4.4866292280209715e-15
4416.452830188679,1.1907528146937484e-14
4416.603773584906,-3.99851665000679e-15
4416.754716981132,6.363970343030488e-15
4416.905660377359,3.705946067751119e-15
4417.056603773585,1.1648841049418698e-15
4417.207547169812,4.596211102772254e-15
4417.358490566037,2.2793655867889798e-15
4417.509433962264,4.691012595745207e-15
4417.66037735849,1.362477433605247e-15
4417.811320754717,2.6925836940246277e-15
4417.962264150943,8.44058800851303e-15
4418.11320754717,-5.604830253842926e-15
4418.264150943396,1.0517831365826279e-14
4418.415094339623,2.1400178981632368e-15
4418.566037735849,-1.5660452563934137e-15
4418.7169811320755,8.021275541649728e-15
4418.867924528302,4.251382351577129e-15
4419.018867924528,-3.3221233650498905e-15
4419.169811320755,8.487665001874281e-15
4419.320754716981,6.144806018699336e-15
4419.471698113208,-7.616027820475573e-15
4419.622641509434,1.452275532460779e-14
4419.773584905661,-4.998131868394712e-16
4419.924528301887,-1.834230368288392e-15
4420.075471698113,1.18450738461807e-14
4420.226415094339,-2.669929245359951e-15
4420.377358490566,4.9389465414398906e-15
4420.528301886792,3.3048445463273155e-15
4420.679245283019,4.0316974729777946e-15
4420.830188679245,2.8576225198508402e-15
4420.981132075472,-2.412412355433433e-16
4421.132075471698,1.2917872171848402e-14
4421.2830188679245,-1.000834204690528e-14
4421.433962264151,1.4740125269029086e-14
4421.584905660377,-1.867106648285001e-15
4421.735849056604,2.4348988787431375e-15
4421.88679245283,6.458610179434465e-15
4422.037735849057,1.3308390550779216e-15
4422.188679245283,4.239271395999062e-15
4422.33962264151,1.0672609583247775e-15
4422.490566037736,8.380439658991674e-15
4422.641509433963,-2.6418902198131705e-15
4422.792452830188,6.575105860897185e-15
4422.943396226415,5.440039255764538e-15
4423.094339622641,-3.338865723415369e-15
4423.245283018868,1.1375472827836108e-14
4423.396226415094,-2.323683507621704e-15
4423.547169811321,5.319029671128186e-15
4423.698113207547,3.4272743063767964e-15
4423.8490566037735,5.130638210551112e-15
4424.0,-2.897525740384706e-15
4424.1509433962265,1.3467708984851476e-14
4424.301886792453,-6.299431653120755e-15
4424.452830188679,8.195609920787898e-15
4424.603773584906,5.0410870934310335e-15
4424.754716981132,-1.820907687307901e-15
4424.905660377359,7.199430877929658e-15
4425.056603773585,4.717809386843024e-15
4425.207547169812,-2.573744873553341e-15
4425.358490566037,1.0354996946642972e-14
4425.509433962264,2.0706505115797566e-16
4425.66037735849,3.841693709008784e-16
4425.811320754717,1.2200915819203756e-14
4425.962264150943,-7.764300633396446e-15
4426.11320754717,1.3040222402655009e-14
4426.264150943396,-1.1183188137687116e-15
4426.415094339623,1.61779705341017e-15
4426.566037735849,1.0737991061477449e-14
4426.7169811320755,-6.005298900733388e-15
4426.867924528302,1.1270473034510248e-14
4427.018867924528,1.2635255338891497e-16
4427.169811320755,2.0693586140106383e-15
4427.320754716981,8.083829167627086e-15
4427.471698113208,-1.904508059325647e-15
4427.622641509434,7.785822834229947e-15
4427.773584905661,1.4514452703145297e-15
4427.924528301887,3.4914646180846805e-15
4428.075471698113,3.965544604931198e-15
4428.226415094339,5.2747000493076676e-15
4428.377358490566,-1.9979287557042046e-15
4428.528301886792,1.1590815513165204e-14
4428.679245283019,-3.3139722289224315e-15
4428.830188679245,5.763636589243486e-15
4428.981132075472,6.369983371286853e-15
4429.132075471698,-1.4963407840781597e-15
4429.2830188679245,7.445527144182752e-15
4429.433962264151,1.815102343547263e-15
4429.584905660377,5.126200768473644e-15
4429.735849056604,-2.6564268000789504e-16
4429.88679245283,9.981271439151934e-15
4430.037735849057,-3.108053062261027e-15
4430.188679245283,7.586160138210494e-15
4430.33962264151,4.110137728032297e-15
4430.490566037736,-1.5692788499787821e-15
4430.641509433963,1.2088047675643356e-14
4430.792452830188,-5.78398398481334e-15
4430.943396226415,1.0997907718551421e-14
4431.094339622641,4.558210555725661e-16
4431.245283018868,2.099894116145486e-15
4431.396226415094,8.259081298722844e-15
4431.547169811321,-1.4452315030634859e-15
4431.698113207547,6.783424192788347e-15
4431.8490566037735,3.0921885830561155e-15
4432.0,3.139022692198923e-15
4432.1509433962265,2.3456138928523648e-15
4432.301886792453,8.580693144434038e-15
4432.452830188679,-3.871939018893026e-15
4432.603773584906,1.0344749536168455e-14
4432.754716981132,1.0487503649664898e-15
4432.905660377359,1.5530298706679231e-15
4433.056603773585,8.500807846866658e-15
4433.207547169812,-1.135734800867784e-15
4433.358490566037,6.9881633705198764e-15
4433.509433962264,1.7270571896697974e-15
4433.66037735849,5.103983590395663e-15
4433.811320754717,2.3602062094103427e-15
4433.962264150943,4.989098096360745e-15
4434.11320754717,2.2850963705298667e-15
4434.264150943396,5.717117385765863e-15
4434.415094339623,9.736789740502003e-16
4434.566037735849,6.278843423035612e-15
4434.7169811320755,2.7538497036772317e-15
4434.867924528302,2.9946977562544584e-15
4435.018867924528,3.630993251075682e-15
4435.169811320755,8.336622172204834e-15
4435.320754716981,-6.68872371769884e-15
4435.471698113208,1.6694425103124367e-14
4435.622641509434,-5.424548107823614e-15
4435.773584905661,4.13439535424238e-15
4435.924528301887,1.2608548185442686e-14
4436.075471698113,-1.0746372339498052e-14
4436.226415094339,1.908166270532978e-14
4436.377358490566,-8.314507870437793e-15
4436.528301886792,9.793206323311498e-15
4436.679245283019,5.013423246696595e-15
4436.830188679245,-3.403545307472249e-15
4436.981132075472,1.303746160457863e-14
4437.132075471698,-3.0794684950607654e-15
4437.2830188679245,5.924288865904857e-15
4437.433962264151,5.531552968254988e-15
4437.584905660377,9.158122596252277e-16
4437.735849056604,5.600309358048326e-15
4437.88679245283,3.5314042726787517e-15
4438.037735849057,3.499710640971479e-15
4438.188679245283,3.725606770882813e-15
4438.33962264151,4.482263621711379e-15
4438.490566037736,3.1227985713951652e-15
4438.641509433963,4.046429838810526e-15
4438.792452830188,4.075284234191588e-15
4438.943396226415,3.607364429968614e-15
4439.094339622641,3.65144714497316e-15
4439.245283018868,4.3637730112555105e-15
4439.396226415094,3.4886269197494142e-15
4439.547169811321,3.664229982838094e-15
4439.698113207547,4.442355872468145e-15
4439.8490566037735,3.4805923513746473e-15
4440.0,3.571645761309399e-15
4440.1509433962265,4.59443958851007e-15
4440.301886792453,3.585890603102426e-15
4440.452830188679,3.0331278590290077e-15
4440.603773584906,5.46863795556387e-15
4440.754716981132,2.974997917833063e-15
4440.905660377359,2.9998412062255964e-15
4441.056603773585,5.748959787524111e-15
4441.207547169812,3.787730534883817e-15
4441.358490566037,1.6682965028778364e-17
4441.509433962264,1.0940607384923016e-14
4441.66037735849,-2.3483263804284776e-15
4441.811320754717,5.3737374839461955e-15
4441.962264150943,7.98949082171143e-15
4442.11320754717,-2.6506207528025166e-15
4442.264150943396,9.041250769130632e-15
4442.415094339623,1.4798005596462791e-15
4442.566037735849,6.070689441187501e-15
4442.7169811320755,-1.090916787758714e-15
4442.867924528302,1.2318823153311728e-14
4443.018867924528,-4.726631951819862e-15
4443.169811320755,8.875503354405825e-15
4443.320754716981,4.457230135739719e-15
4443.471698113208,-3.1587538044358394e-16
4443.622641509434,8.614658167676645e-15
4443.773584905661,1.4900187797195904e-15
4443.924528301887,3.786303022708469e-15
4444.075471698113,5.50679869963016e-15
4444.226415094339,2.8999550243310897e-15
4444.377358490566,3.4049219653167156e-15
4444.528301886792,5.9360462500744635e-15
4444.679245283019,2.470868405171949e-15
4444.830188679245,2.7430942330393657e-15
4444.981132075472,8.790673726904672e-15
4445.132075471698,-2.4823808555267747e-15
4445.2830188679245,8.795614826708792e-15
4445.433962264151,3.004869721676509e-15
4445.584905660377,1.7590872630504447e-15
4445.735849056604,7.638931284456365e-15
4445.88679245283,-2.1070934744256895e-16
4446.037735849057,9.647504018853334e-15
4446.188679245283,-3.636545619552034e-15
4446.33962264151,1.2157689990520015e-14
4446.490566037736,-9.407056385615242e-16
4446.641509433963,2.507892172750215e-15
4446.792452830188,1.2228651860043599e-14
4446.943396226415,-7.130663392798592e-15
4447.094339622641,1.2872028380015372e-14
4447.245283018868,9.526010730779384e-16
4447.396226415094,1.8265241504452426e-15
4447.547169811321,8.463821829842875e-15
4447.698113207547,4.608904013089015e-16
4447.8490566037735,5.914857557497886e-15
4448.0,3.068554181979931e-15
4448.1509433962265,5.20326692557736e-15
4448.301886792453,2.8473505978012272e-15
4448.452830188679,4.6313805478520365e-15
4448.603773584906,4.370194046767255e-15
4448.754716981132,3.894981366086952e-15
4448.905660377359,3.053821617929214e-15
4449.056603773585,5.895487364172409e-15
4449.207547169812,3.742936281952954e-15
4449.358490566037,9.415208532643027e-16
4449.509433962264,1.0192000208654855e-14
4449.66037735849,-1.6285080043216523e-15
4449.811320754717,5.9247664935661665e-15
4449.962264150943,7.204961824363373e-15
4450.11320754717,-1.900582853941048e-15
4450.264150943396,9.995030476928236e-15
4450.415094339623,1.1991156452796094e-16
4450.566037735849,6.493033838896529e-15
4450.7169811320755,2.1669861055209476e-15
4450.867924528302,6.420685926757078e-15
4451.018867924528,1.658795249201629e-15
4451.169811320755,6.357745954898714e-15
4451.320754716981,2.1201746163361433e-15
4451.471698113208,6.419805980734298e-15
4451.622641509434,1.473153009610815e-15
4451.773584905661,6.53974357380086e-15
4451.924528301887,2.8333018496817757e-15
4452.075471698113,4.8456993537180576e-15
4452.226415094339,2.117806178356743e-15
4452.377358490566,9.378457640353891e-15
4452.528301886792,-3.772025469560887e-15
4452.679245283019,1.1826962805574043e-14
4452.830188679245,1.4767459081885086e-16
4452.981132075472,3.3913542682867864e-15
4453.132075471698,8.10107164097703e-15
4453.2830188679245,2.8295596048464987e-17
4453.433962264151,6.531689896095039e-15
4453.584905660377,3.827748556390107e-15
4453.735849056604,3.6557803638665295e-15
4453.88679245283,4.43287664127179e-15
4454.037735849057,4.700069271107857e-15
4454.188679245283,3.312599076815807e-15
4454.33962264151,4.730590761834725e-15
4454.490566037736,4.58333532414218e-15
4454.641509433963,2.9902441968168365e-15
4454.792452830188,5.504423491077457e-15
4454.943396226415,3.857021809643512e-15
4455.094339622641,3.3221073442340314e-15
4455.245283018868,5.220746564780871e-15
4455.396226415094,5.184501427800209e-15
4455.547169811321,1.8468833954153303e-16
4455.698113207547,1.0105407175924679e-14
4455.8490566037735,-6.158356544540362e-16
4456.0,5.8965629192808444e-15
4456.1509433962265,5.882130815715558e-15
4456.301886792453,2.1822118655152454e-16
4456.452830188679,1.0284918078285357e-14
4456.603773584906,-3.877643667397064e-15
4456.754716981132,1.336477038292315e-14
4456.905660377359,-3.078301745575492e-15
4457.056603773585,7.293924748942535e-15
4457.207547169812,5.209911851732574e-15
4457.358490566037,2.446389077990269e-15
4457.509433962264,3.928780092853701e-15
4457.66037735849,7.005823975202999e-15
4457.811320754717,1.0952599720476328e-15
4457.962264150943,6.333205611247432e-15
4458.11320754717,3.202219711767623e-15
4458.264150943396,4.8726445220805735e-15
4458.415094339623,4.9332841687887384e-15
4458.566037735849,8.009867290500023e-16
4458.7169811320755,1.096668128535285e-14
4458.867924528302,-3.707875749065192e-15
4459.018867924528,1.1038747867305317e-14
4459.169811320755,-6.15907417406857e-16
4459.320754716981,9.513223679290023e-15
4459.471698113208,-3.743607575275646e-15
4459.622641509434,1.5053820270627502e-14
4459.773584905661,-5.903569523751177e-15
4459.924528301887,1.0305289752758216e-14
4460.075471698113,3.491343409879916e-15
4460.226415094339,2.324926252188213e-15
4460.377358490566,5.6630853712032104e-15
4460.528301886792,5.369021672432978e-15
4460.679245283019,1.7463661812674718e-15
4460.830188679245,6.417331493367045e-15
4460.981132075472,3.5262745240338797e-15
4461.132075471698,5.33184094328915e-15
4461.2830188679245,7.388228608717724e-16
4461.433962264151,1.1178784957294604e-14
4461.584905660377,-3.673835939303579e-15
4461.735849056604,1.0787927033248464e-14
4461.88679245283,3.4910160325913475e-17
4462.037735849057,8.23582264994308e-15
4462.188679245283,-3.4879498241998316e-16
4462.33962264151,8.36763765524466e-15
4462.490566037736,3.921834208581587e-15
4462.641509433963,5.314993700050772e-16
4462.792452830188,9.225422647295177e-15
4462.943396226415,2.978776994767009e-15
4463.094339622641,7.840717674793486e-16
4463.245283018868,9.718999988019772e-15
4463.396226415094,2.3664719634974795e-15
4463.547169811321,4.0491336707851334e-16
4463.698113207547,1.2343622405252045e-14
4463.8490566037735,-2.9105701245411794e-15
4464.0,7.642528236296469e-15
4464.1509433962265,4.3095976343691535e-15
4464.301886792453,5.376796850633303e-15
4464.452830188679,-9.775998291415584e-16
4464.603773584906,1.3487348352757211e-14
4464.754716981132,-4.0192219569888725e-15
4464.905660377359,7.657435943786701e-15
4465.056603773585,7.134162251280656e-15
4465.207547169812,-1.3024554246455546e-15
4465.358490566037,9.10464778095161e-15
4465.509433962264,2.3348519452091575e-15
4465.66037735849,5.178473506073488e-15
4465.811320754717,2.735228179716705e-15
4465.962264150943,7.480248336925438e-15
4466.11320754717,1.5270200507817293e-15
4466.264150943396,5.593299685916088e-15
4466.415094339623,4.165796281053685e-15
4466.566037735849,6.6287686986958465e-15
4466.7169811320755,-2.0572985690976086e-15
4466.867924528302,1.4069453544729252e-14
4467.018867924528,-3.4157028579962682e-15
4467.169811320755,4.595639045252458e-15
4467.320754716981,1.3871785693326439e-14
4467.471698113208,-9.616347818844958e-15
4467.622641509434,1.351601659914429e-14
4467.773584905661,7.362267783838176e-15
4467.924528301887,-8.696587958710846e-15
4468.075471698113,1.7898829581164208e-14
4468.226415094339,6.186641001899054e-16
4468.377358490566,-2.8453017127934933e-15
4468.528301886792,1.4630521551647687e-14
4468.679245283019,2.2403476041863506e-15
4468.830188679245,-5.77749355407321e-15
4468.981132075472,2.1983944404591333e-14
4469.132075471698,-1.050874856280816e-14
4469.2830188679245,1.0524254352665622e-14
4469.433962264151,5.9171457248542874e-15
4469.584905660377,1.6238986644313311e-15
4469.735849056604,4.226342193043399e-15
4469.88679245283,7.024279906263628e-15
4470.037735849057,3.622015689372939e-15
4470.188679245283,8.727864149950393e-16
4470.33962264151,1.1529273364752884e-14
4470.490566037736,-2.68592420066184e-15
4470.641509433963,9.133472088281663e-15
4470.792452830188,2.4891456931219886e-15
4470.943396226415,5.399024579001162e-15
4471.094339622641,3.154069108781947e-15
4471.245283018868,6.515188970328689e-15
4471.396226415094,2.3925574203071817e-15
4471.547169811321,6.028770624058622e-15
4471.698113207547,3.642219395409823e-15
4471.8490566037735,4.822541454299138e-15
4472.0,4.550744490612096e-15
4472.1509433962265,4.263736162570292e-15
4472.301886792453,4.411608819601758e-15
4472.452830188679,5.395892471343031e-15
4472.603773584906,3.285721867723514e-15
4472.754716981132,4.322511382873185e-15
4472.905660377359,7.808894854921115e-15
4473.056603773585,-1.7301456547320933e-15
4473.207547169812,1.1079656957546922e-14
4473.358490566037,1.132894048870002e-15
4473.509433962264,2.694456805499113e-15
4473.66037735849,1.0578191967475738e-14
4473.811320754717,-2.1719836525071585e-15
4473.962264150943,7.741561993193867e-15
4474.11320754717,6.585294381378826e-15
4474.264150943396,-9.126760026743937e-16
4474.415094339623,9.0521648188922e-15
4474.566037735849,4.393528797889484e-15
4474.7169811320755,-5.9029597936173914e-18
4474.867924528302,1.1232394275343472e-14
4475.018867924528,-1.5196532318372604e-15
4475.169811320755,8.955069513418914e-15
4475.320754716981,9.852609963750729e-16
4475.471698113208,8.05749959343664e-15
4475.622641509434,1.431627451410908e-15
4475.773584905661,6.36615009563346e-15
4475.924528301887,3.5248402111030085e-15
4476.075471698113,7.110462639280857e-15
4476.226415094339,-1.5607785524422074e-15
4476.377358490566,1.3027776070918525e-14
4476.528301886792,-2.0200290780950066e-15
4476.679245283019,5.418862030638987e-15
4476.830188679245,9.429068057134738e-15
4476.981132075472,-2.8202351709043544e-15
4477.132075471698,1.112999368382761e-14
4477.2830188679245,3.3641911067167534e-16
4477.433962264151,5.733132794078052e-15
4477.584905660377,7.413618849944012e-15
4477.735849056604,-2.575234705323031e-15
4477.88679245283,1.4299066511064485e-14
4478.037735849057,-5.199061063640855e-15
4478.188679245283,1.3473213783785652e-14
4478.33962264151,-4.442882967496085e-15
4478.490566037736,1.3668701353235693e-14
4478.641509433963,-1.4479514363507982e-15
4478.792452830188,3.5635604665713926e-15
4478.943396226415,1.2532920576814434e-14
4479.094339622641,-4.350338046380944e-15
4479.245283018868,6.608674333761548e-15
4479.396226415094,1.2963189642960152e-14
4479.547169811321,-1.064874556448211e-14
4479.698113207547,1.929184151043518e-14
4479.8490566037735,-4.340449286677459e-15
4480.0,7.939129053015206e-15
4480.1509433962265,3.0699106668503187e-15
4480.301886792453,6.7257447781675655e-15
4480.452830188679,3.822297025160209e-15
4480.603773584906,-1.0133775172326357e-15
4480.754716981132,1.995311729126761e-14
4480.905660377359,-1.8016515358907003e-14
4481.056603773585,2.596252627758063e-14
4481.207547169812,-5.829157311411438e-15
4481.358490566037,2.075295243102212e-16
4481.509433962264,1.8258998054136763e-14
4481.66037735849,-6.7968146866577644e-15
4481.811320754717,5.012727374431864e-15
4481.962264150943,1.4386569298420427e-14
4482.11320754717,-6.335709886726063e-15
4482.264150943396,7.734316760891155e-15
4482.415094339623,1.0879020657395438e-14
4482.566037735849,-5.137612387992437e-15
4482.7169811320755,1.066120908055839e-14
4482.867924528302,5.038737831324705e-15
4483.018867924528,-3.483821883187018e-16
4483.169811320755,1.1117989014485785e-14
4483.320754716981,-2.0260861420435896e-15
4483.471698113208,1.1225526982952295e-14
4483.622641509434,-1.2701819380371264e-15
4483.773584905661,8.297921172154717e-15
4483.924528301887,4.323040947219862e-15
4484.075471698113,1.8208970012574658e-15
4484.226415094339,9.026805618774929e-15
4484.377358490566,4.2339152020602965e-16
4484.528301886792,7.338269616300085e-15
4484.679245283019,3.9561479028531945e-15
4484.830188679245,3.7292117629975935e-15
4484.981132075472,5.428824735356772e-15
4485.132075471698,6.230908918396262e-15
4485.2830188679245,-4.856218427744593e-16
4485.433962264151,1.1828469081950605e-14
4485.584905660377,-1.2218290084475144e-15
4485.735849056604,6.332638453533591e-15
4485.88679245283,7.290957499691976e-15
4486.037735849057,-1.4159537191086718e-16
4486.188679245283,9.106474121579668e-15
4486.33962264151,1.374959341643192e-15
4486.490566037736,7.320732904383793e-15
4486.641509433963,1.966696541595508e-15
4486.792452830188,6.906762115452138e-15
4486.943396226415,3.571032775681392e-15
4487.094339622641,5.038384109231349e-15
4487.245283018868,2.8691801019773148e-15
4487.396226415094,9.652721244192528e-15
4487.547169811321,-2.932599021582746e-15
4487.698113207547,1.1676379468608851e-14
4487.8490566037735,1.4265323320330217e-15
4488.0,3.2672430479987566e-15
4488.1509433962265,8.841490800613122e-15
4488.301886792453,2.360189612267183e-16
4488.452830188679,7.893899816318312e-15
4488.603773584906,2.681010430877516e-15
4488.754716981132,5.67216305896443e-15
4488.905660377359,4.4838071112231915e-15
4489.056603773585,4.617076507035783e-15
4489.207547169812,3.385215563578338e-15
4489.358490566037,8.731476294306332e-15
4489.509433962264,-1.8313742102669916e-15
4489.66037735849,1.0968207735242297e-14
4489.811320754717,1.7920265996834817e-15
4489.962264150943,2.606521099321593e-15
4490.11320754717,1.044546839062183e-14
4490.264150943396,-1.79771801593681e-15
4490.415094339623,8.985156524094473e-15
4490.566037735849,3.4005632730393174e-15
4490.7169811320755,4.602613183812035e-15
4490.867924528302,2.9594993801586807e-15
4491.018867924528,1.0212832844040233e-14
4491.169811320755,-3.706176057919737e-15
4491.320754716981,1.237598267603138e-14
4491.471698113208,1.0911317526266511e-15
4491.622641509434,3.2674089678889926e-15
4491.773584905661,9.164305963731318e-15
4491.924528301887,5.967424533874324e-17
4492.075471698113,7.469478887879425e-15
4492.226415094339,3.959171863253924e-15
4492.377358490566,4.340038167833629e-15
4492.528301886792,4.715692993288772e-15
4492.679245283019,5.9560772068637715e-15
4492.830188679245,2.148092339951991e-15
4492.981132075472,7.0178740240546715e-15
4493.132075471698,4.636233045797314e-15
4493.2830188679245,1.732698664713206e-15
4493.433962264151,8.800799358316256e-15
4493.584905660377,2.7556529292512905e-15
4493.735849056604,1.80626500072496e-15
4493.88679245283,1.3010542977452064e-14
4494.037735849057,-7.64851594944407e-15
4494.188679245283,1.7956599881079903e-14
4494.33962264151,-5.507832095321202e-15
4494.490566037736,8.609176437713194e-15
4494.641509433963,7.604798782381777e-15
4494.792452830188,-2.769094147411257e-15
4494.943396226415,1.374839683319564e-14
4495.094339622641,-4.5747135405218984e-15
4495.245283018868,1.4392811509046352e-14
4495.396226415094,-5.416170172296924e-15
4495.547169811321,1.3809456923186195e-14
4495.698113207547,-1.416150275014219e-15
4495.8490566037735,6.8209042700732505e-15
4496.0,5.933713457014247e-15
4496.1509433962265,1.8088397968543387e-15
4496.301886792453,7.13424421576772e-15
4496.452830188679,4.7241817075706735e-15
4496.603773584906,1.081457514772492e-15
4496.754716981132,1.1285475786683468e-14
4496.905660377359,-2.234009923518846e-15
4497.056603773585,8.357068999021233e-15
4497.207547169812,7.045373815206712e-15
4497.358490566037,-3.629919822455889e-15
4497.509433962264,1.593370081302507e-14
4497.66037735849,-4.845068942645242e-15
4497.811320754717,9.068685447865732e-15
4497.962264150943,6.190320999073155e-15
4498.11320754717,-4.342760618590103e-16
4498.264150943396,9.787751381254232e-15
4498.415094339623,2.913744987971631e-15
4498.566037735849,2.232314719067387e-15
4498.7169811320755,9.66888501911122e-15
4498.867924528302,4.984258949233357e-16
4499.018867924528,5.6300048010746505e-15
4499.169811320755,7.642455005747865e-15
4499.320754716981,-1.0886573648165888e-15
4499.471698113208,1.1811421695067452e-14
4499.622641509434,-1.887707440039787e-15
4499.773584905661,8.762347148022478e-15
4499.924528301887,4.630501641968685e-15
4500.075471698113,1.453686315725485e-15
4500.226415094339,8.0753056465872e-15
4500.377358490566,5.577508112516007e-15
4500.528301886792,-2.9271270557994995e-15
4500.679245283019,1.7754735762150232e-14
4500.830188679245,-9.292970385213388e-15
4500.981132075472,1.570911470959759e-14
4501.132075471698,-2.76378207794744e-15
4501.2830188679245,1.101852280828559e-14
4501.433962264151,-2.187113796574295e-15
4501.584905660377,1.101847082069138e-14
4501.735849056604,1.745365996906012e-15
4501.88679245283,3.666258758084527e-15
4502.037735849057,6.865525057786096e-15
4502.188679245283,5.504538208902305e-15
4502.33962264151,-3.029961040540758e-16
4502.490566037736,1.1271818262132502e-14
4502.641509433963,7.686053953270743e-16
4502.792452830188,3.985396459059166e-15
4502.943396226415,8.841539055913212e-15
4503.094339622641,2.2874930210357506e-16
4503.245283018868,7.263297788546857e-15
4503.396226415094,4.491230478937405e-15
4503.547169811321,3.633652102355967e-15
4503.698113207547,5.911416882146674e-15
4503.8490566037735,4.033707957037624e-15
4504.0,4.911199848557882e-15
4504.1509433962265,4.5859120618402074e-15
4504.301886792453,5.411961283980397e-15
4504.452830188679,2.9056368841514955e-15
4504.603773584906,7.684217286985802e-15
4504.754716981132,1.4458170838238768e-15
4504.905660377359,6.915335192988542e-15
4505.056603773585,4.2291288762150875e-15
4505.207547169812,4.907284879413049e-15
4505.358490566037,1.869365573598793e-15
4505.509433962264,1.2147548368218894e-14
4505.66037735849,-5.710380773719693e-15
4505.811320754717,1.3624248623475914e-14
4505.962264150943,1.0977528163330176e-15
4506.11320754717,3.60358629556986e-15
4506.264150943396,6.139192229573043e-15
4506.415094339623,7.078892042971689e-15
4506.566037735849,-1.4370602671715008e-15
4506.7169811320755,1.1270570595530897e-14
4506.867924528302,7.207894917657161e-16
4507.018867924528,6.371077797128719e-15
4507.169811320755,3.079151628063705e-15
4507.320754716981,7.739167801772142e-15
4507.471698113208,1.6753545522199164e-15
4507.622641509434,4.765347970944973e-15
4507.773584905661,9.405676090469879e-15
4507.924528301887,-2.6228314625962586e-15
4508.075471698113,9.204747754814532e-15
4508.226415094339,8.135375176652262e-15
4508.377358490566,-6.495098496967348e-15
4508.528301886792,1.7641748110431312e-14
4508.679245283019,-2.41947316664282e-15
4508.830188679245,3.217885026395461e-15
4508.981132075472,1.1289955885521452e-14
4509.132075471698,-7.615112983519792e-16
4509.2830188679245,6.027268555413713e-15
4509.433962264151,5.044026948655772e-15
4509.584905660377,8.461732202646611e-15
4509.735849056604,-6.674401824810354e-15
4509.88679245283,2.143050554984646e-14
4510.037735849057,-9.918541053202961e-15
4510.188679245283,9.79506443847822e-15
4510.33962264151,1.1381957480046068e-14
4510.490566037736,-8.666336168876452e-15
4510.641509433963,1.5625379360894418e-14
4510.792452830188,3.670157281055368e-15
4510.943396226415,-4.942466384103233e-15
4511.094339622641,1.9691997512437972e-14
4511.245283018868,-8.98475274920225e-15
4511.396226415094,1.4427743107237143e-14
4511.547169811321,-2.5837837902418305e-15
4511.698113207547,1.1682513852629272e-14
4511.8490566037735,-1.2001586567321893e-15
4512.0,7.0230565614987e-15
4512.1509433962265,6.6768769599906215e-15
4512.301886792453,1.5206176757236172e-15
4512.452830188679,4.94603673120384e-15
4512.603773584906,8.685618107387699e-15
4512.754716981132,-4.742241791494497e-16
4512.905660377359,6.754584130467527e-15
4513.056603773585,7.723557925962163e-15
4513.207547169812,-1.5854477173934257e-15
4513.358490566037,1.0971753710882061e-14
4513.509433962264,5.259670619485561e-16
4513.66037735849,7.13083247399257e-15
4513.811320754717,2.6399449841149035e-15
4513.962264150943,7.254416187025386e-15
4514.11320754717,2.0185924895101516e-15
4514.264150943396,6.987769292468359e-15
4514.415094339623,2.6745548936425806e-15
4514.566037735849,7.318435683538511e-15
4514.7169811320755,1.2289863937463574e-15
4514.867924528302,8.11338072487192e-15
4515.018867924528,2.7380849507653367e-15
4515.169811320755,5.44910618430741e-15
4515.320754716981,2.7406713352412504e-15
4515.471698113208,1.0696386562333037e-14
4515.622641509434,-5.342004803255374e-15
4515.773584905661,1.5090113759229116e-14
4515.924528301887,-9.922987118210675e-16
4516.075471698113,3.605489040503339e-15
4516.226415094339,9.582260934622449e-15
4516.377358490566,2.201588285013817e-15
4516.528301886792,6.003329967247833e-16
4516.679245283019,1.4018215240477438e-14
4516.830188679245,-3.824392804736501e-15
4516.981132075472,7.112621529188976e-15
4517.132075471698,8.26762398596024e-15
4517.2830188679245,6.260195337886848e-16
4517.433962264151,3.712570216160252e-15
4517.584905660377,1.1196006487726154e-14
4517.735849056604,-2.2845471346920206e-15
4517.88679245283,6.659588354276429e-15
4518.037735849057,8.462410168862304e-15
4518.188679245283,-1.5471684950715149e-16
4518.33962264151,5.4039868254904935e-15
4518.490566037736,8.991775709078451e-15
4518.641509433963,-6.114160117743251e-16
4518.792452830188,6.384149811992603e-15
4518.943396226415,7.725679135747176e-15
4519.094339622641,-3.6495088290138794e-16
4519.245283018868,8.711708451979263e-15
4519.396226415094,2.2143692211129114e-15
4519.547169811321,7.181370898281733e-15
4519.698113207547,1.8416913243842285e-15
4519.8490566037735,5.450619939039891e-15
4520.0,8.831607901333918e-15
4520.1509433962265,-3.2394549452058277e-15
4520.301886792453,1.0708314713487891e-14
4520.452830188679,6.2070320672787965e-15
4520.603773584906,-4.118286840615277e-15
4520.754716981132,1.4194084873618714e-14
4520.905660377359,1.7884564180412427e-15
4521.056603773585,-9.33061448904572e-16
4521.207547169812,1.4790991440874636e-14
4521.358490566037,-4.331403267982474e-15
4521.509433962264,9.83763070030752e-15
4521.66037735849,2.734859004110471e-15
4521.811320754717,5.599489426139368e-15
4521.962264150943,3.2335043515252722e-15
4522.11320754717,6.7866437575134366e-15
4522.264150943396,2.858636756035783e-15
4522.415094339623,5.481098542028616e-15
4522.566037735849,4.714533269051586e-15
4522.7169811320755,4.416527708975291e-15
4522.867924528302,5.175941599133014e-15
4523.018867924528,3.49800894464934e-15
4523.169811320755,6.4327691346541065e-15
4523.320754716981,3.2464096328265035e-15
4523.471698113208,5.331291650301411e-15
4523.622641509434,3.7358794826249256e-15
4523.773584905661,7.866701938678074e-15
4523.924528301887,-1.7481889735477569e-15
4524.075471698113,1.3177369476436498e-14
4524.226415094339,-3.364137603212287e-15
4524.377358490566,1.0300342167136253e-14
4524.528301886792,1.3366038765097506e-15
4524.679245283019,7.591800889799008e-15
4524.830188679245,4.67768395867406e-16
4524.981132075472,9.701158621812563e-15
4525.132075471698,1.3650670305474841e-15
4525.2830188679245,4.003244449385917e-15
4525.433962264151,8.655066571273948e-15
4525.584905660377,9.372158115040768e-16
4525.735849056604,4.353432335515736e-15
4525.88679245283,1.0045423789424853e-14
4526.037735849057,-3.5512382692006047e-15
4526.188679245283,1.236437946687156e-14
4526.33962264151,-7.115310057609089e-16
4526.490566037736,8.323372644370389e-15
4526.641509433963,9.401126124596525e-16
4526.792452830188,9.345235098703976e-15
4526.943396226415,-1.8531655343393773e-16
4527.094339622641,8.225725258619422e-15
4527.245283018868,2.4291685835157936e-15
4527.396226415094,7.501956800389239e-15
4527.547169811321,-1.1328829884878819e-15
4527.698113207547,1.361231738774346e-14
4527.8490566037735,-4.859188961939024e-15
4528.0,1.0957729295495375e-14
4528.1509433962265,3.826472832072122e-15
4528.301886792453,7.476586295367028e-16
4528.452830188679,9.803542298330757e-15
4528.603773584906,2.45088149879954e-15
4528.754716981132,1.5411279096720992e-15
4528.905660377359,1.1878902500887761e-14
4529.056603773585,-2.526811233916e-15
4529.207547169812,7.004974977694985e-15
4529.358490566037,9.371037926107069e-15
4529.509433962264,-5.404902649380268e-15
4529.66037735849,1.5437543612879305e-14
4529.811320754717,-3.0195401671369778e-15
4529.962264150943,8.624008673550006e-15
4530.11320754717,2.1122152520650587e-15
4530.264150943396,7.584717145874526e-15
4530.415094339623,1.8657784624120014e-15
4530.566037735849,4.9796046846040556e-15
4530.7169811320755,7.993562808475384e-15
4530.867924528302,-1.308869751150113e-15
4531.018867924528,1.0573259761003173e-14
4531.169811320755,5.7370987657259385e-16
4531.320754716981,6.774712924219792e-15
4531.471698113208,3.124458228256203e-15
4531.622641509434,6.536660159412499e-15
4531.773584905661,2.382288854761879e-15
4531.924528301887,6.328231684452167e-15
4532.075471698113,3.988074596168653e-15
4532.226415094339,4.725315129137171e-15
4532.377358490566,3.854878640548304e-15
4532.528301886792,6.501637691952526e-15
4532.679245283019,2.885071331678557e-15
4532.830188679245,4.040349320661032e-15
4532.981132075472,8.252422706600807e-15
4533.132075471698,-2.414648853109735e-16
4533.2830188679245,7.918792527370259e-15
4533.433962264151,3.697034980414644e-15
4533.584905660377,4.750471385918043e-15
4533.735849056604,3.733268644032597e-15
4533.88679245283,4.966160618050515e-15
4534.037735849057,8.350366018596529e-15
4534.188679245283,-5.896224127515404e-15
4534.33962264151,2.056346599446004e-14
4534.490566037736,-1.1509569693862889e-14
4534.641509433963,1.447272664134344e-14
4534.792452830188,4.890307151241101e-15
4534.943396226415,-5.4249130267493096e-15
4535.094339622641,1.996203504436246e-14
4535.245283018868,-9.621393973057272e-15
4535.396226415094,1.150100943266121e-14
4535.547169811321,8.514446591636496e-15
4535.698113207547,-9.34412856484386e-15
4535.8490566037735,2.313981124323967e-14
4536.0,-1.0564572840936914e-14
4536.1509433962265,9.853414578482802e-15
4536.301886792453,1.0198470962958111e-14
4536.452830188679,-6.960227167945587e-15
4536.603773584906,1.5323276801594778e-14
4536.754716981132,-1.959068461346028e-15
4536.905660377359,8.274329841884685e-15
4537.056603773585,8.599682848879096e-16
4537.207547169812,8.72669217268525e-15
4537.358490566037,2.6743930184255404e-15
4537.509433962264,1.6340708855348329e-15
4537.66037735849,1.1400377933522919e-14
4537.811320754717,-1.5697421800730585e-15
4537.962264150943,5.540304337653381e-15
4538.11320754717,9.211480920343545e-15
4538.264150943396,-1.5100015769070365e-15
4538.415094339623,6.603333711975381e-15
4538.566037735849,9.165099791437643e-15
4538.7169811320755,-4.580175588716403e-15
4538.867924528302,1.3098649196865631e-14
4539.018867924528,1.0834990823853258e-15
4539.169811320755,2.477161382468565e-15
4539.320754716981,8.555373535413187e-15
4539.471698113208,3.2558894054897077e-15
4539.622641509434,1.4549325348402335e-15
4539.773584905661,1.0042147783537663e-14
4539.924528301887,-7.088154996331224e-16
4540.075471698113,9.879481601347715e-15
4540.226415094339,-3.757156269070967e-15
4540.377358490566,1.717255198979084e-14
4540.528301886792,-8.591931404781581e-15
4540.679245283019,1.1004376108952356e-14
4540.830188679245,8.802866118113849e-15
4540.981132075472,-6.2336308988318005e-15
4541.132075471698,1.1512971485383794e-14
4541.2830188679245,9.611555919041212e-15
4541.433962264151,-1.1714947456482104e-14
4541.584905660377,2.2141243177529977e-14
4541.735849056604,-2.664548571542241e-15
4541.88679245283,-4.0736130774156986e-15
4542.037735849057,2.4471967471061765e-14
4542.188679245283,-1.5888731282422942e-14
4542.33962264151,1.5669715557568035e-14
4542.490566037736,5.449790481499806e-15
4542.641509433963,-4.0257424530443296e-15
4542.792452830188,1.3657493476737589e-14
4542.943396226415,-8.610529144717103e-16
4543.094339622641,6.554894791801783e-15
4543.245283018868,2.658604853762849e-15
4543.396226415094,8.422283606753883e-15
4543.547169811321,-4.1315971385644824e-16
4543.698113207547,7.17420584463089e-15
4543.8490566037735,6.369353657949801e-15
4544.0,-6.035262121227023e-16
4544.1509433962265,8.836088687406631e-15
4544.301886792453,4.534085857504672e-15
4544.452830188679,-3.4135494343815146e-16
4544.603773584906,1.1742255220619816e-14
4544.754716981132,-2.224788317565689e-15
4544.905660377359,9.416884411614625e-15
4545.056603773585,9.26795485159958e-16
4545.207547169812,7.670464052909446e-15
4545.358490566037,1.3401070644927257e-15
4545.509433962264,7.476741177953218e-15
4545.66037735849,1.7142561156286638e-15
4545.811320754717,7.354460940852727e-15
4545.962264150943,1.3916405049061042e-15
4546.11320754717,7.330592187159726e-15
4546.264150943396,2.6404366549806747e-15
4546.415094339623,5.328706870087863e-15
4546.566037735849,3.3809175256499734e-15
4546.7169811320755,7.279422812002862e-15
4546.867924528302,3.0086710352711857e-16
4547.018867924528,7.335653795757023e-15
4547.169811320755,5.868511598204315e-15
4547.320754716981,-1.1510467161430096e-15
4547.471698113208,1.0286620346821087e-14
4547.622641509434,3.822468511742561e-15
4547.773584905661,-2.2755031889850675e-15
4547.924528301887,1.5205713841928617e-14
4548.075471698113,-3.508793744368347e-15
4548.226415094339,5.186313560166008e-15
4548.377358490566,8.79811879591954e-15
4548.528301886792,2.5134865545684923e-15
4548.679245283019,-2.264671923889625e-15
4548.830188679245,1.9232355004420328e-14
4548.981132075472,-1.146292142221562e-14
4549.132075471698,1.455135151390911e-14
4549.2830188679245,1.1904647930290227e-15
4549.433962264151,5.643910836308997e-15
4549.584905660377,2.644894372177784e-16
4549.735849056604,1.203585239073422e-14
4549.88679245283,-3.1413546281320334e-15
4550.037735849057,9.368286814841315e-15
4550.188679245283,1.2889614340305086e-15
4550.33962264151,8.058267280808908e-15
4550.490566037736,6.051980653337092e-16
4550.641509433963,4.735378749057709e-15
4550.792452830188,1.1442894931970489e-14
4550.943396226415,-9.317434824557519e-15
4551.094339622641,1.873066004090937e-14
4551.245283018868,-2.3275529864573396e-15
4551.396226415094,-7.299371339367954e-16
4551.547169811321,1.8926492349263854e-14
4551.698113207547,-1.1895618780668004e-14
4551.8490566037735,1.500538535857245e-14
4552.0,2.7077372637035282e-15
4552.1509433962265,-6.360322047362849e-16
4552.301886792453,1.12081672905957e-14
4552.452830188679,1.7691429534438843e-16
4552.603773584906,4.362761573201117e-15
4552.754716981132,8.473445721802267e-15
4552.905660377359,-3.1255108731225142e-15
4553.056603773585,1.4833102909920805e-14
4553.207547169812,-7.464249070811999e-15
4553.358490566037,1.487869718324478e-14
4553.509433962264,-1.9710504634078186e-15
4553.66037735849,5.944430289319258e-15
4553.811320754717,5.7377233504558e-15
4553.962264150943,3.1041447829678138e-15
4554.11320754717,3.750220896588649e-15
4554.264150943396,6.704604607314641e-15
4554.415094339623,1.8035208760392757e-15
4554.566037735849,6.234240890775408e-15
4554.7169811320755,2.850515704860447e-15
4554.867924528302,6.723156482556526e-15
4555.018867924528,7.171310540717889e-16
4555.169811320755,8.344367986846355e-15
4555.320754716981,1.6391853248394703e-15
4555.471698113208,5.650056265697745e-15
4555.622641509434,2.461000560808539e-15
4555.773584905661,9.689048626799124e-15
4555.924528301887,-5.177545050235616e-15
4556.075471698113,1.5345556004517836e-14
4556.226415094339,-3.0360504114872348e-15
4556.377358490566,4.233425937394274e-15
4556.528301886792,1.1473094449075861e-14
4556.679245283019,-4.439382443000258e-15
4556.830188679245,8.155945143316439e-15
4556.981132075472,8.481334787459254e-15
4557.132075471698,-5.239974515177087e-15
4557.2830188679245,1.4673532458496343e-14
4557.433962264151,-4.514433308358141e-15
4557.584905660377,1.2625680504599407e-14
4557.735849056604,-3.78921750064503e-15
4557.88679245283,9.393002469533609e-15
4558.037735849057,6.063928752122839e-15
4558.188679245283,-3.563151726407003e-15
4558.33962264151,1.1928588465169326e-14
4558.490566037736,4.254509689653165e-15
4558.641509433963,-4.6306231010558656e-15
4558.792452830188,1.668852765666369e-14
4558.943396226415,-4.1467990696516016e-15
4559.094339622641,6.400969092957471e-15
4559.245283018868,4.881972327003975e-15
4559.396226415094,6.303442582658909e-15
4559.547169811321,-1.7401319723478855e-15
4559.698113207547,1.168181372224051e-14
4559.8490566037735,-1.228717704300385e-15
4560.0,7.527482122973901e-15
4560.1509433962265,1.6551209259648972e-15
4560.301886792453,7.430313144750442e-15
4560.452830188679,1.8579899255190528e-15
4560.603773584906,3.723330701168507e-15
4560.754716981132,8.611783800789355e-15
4560.905660377359,-1.3482339523612266e-15
4561.056603773585,6.825720867081496e-15
4561.207547169812,7.69775562199312e-15
4561.358490566037,-3.60528715198151e-15
4561.509433962264,1.1521106422956268e-14
4561.66037735849,2.2993408338649422e-15
4561.811320754717,8.339932147918374e-16
4561.962264150943,8.766953957870133e-15
4562.11320754717,3.4963062561072464e-15
4562.264150943396,3.6060276418122596e-16
4562.415094339623,9.5322539023059e-15
4562.566037735849,1.8502199615703305e-15
4562.7169811320755,2.2032229059942205e-15
4562.867924528302,9.273594342402786e-15
4563.018867924528,-1.2245951450971195e-15
4563.169811320755,8.615579355262046e-15
4563.320754716981,1.727899897492466e-15
4563.471698113208,4.221324782845072e-15
4563.622641509434,7.238902699482496e-15
4563.773584905661,-6.974639208254493e-16
4563.924528301887,8.512176840009784e-15
4564.075471698113,3.2157005732631157e-15
4564.226415094339,1.3881100848806213e-15
4564.377358490566,9.357861925219622e-15
4564.528301886792,-9.222199132191215e-16
4564.679245283019,8.226418220906281e-15
4564.830188679245,1.2170698648007218e-15
4564.981132075472,6.723429929957463e-15
4565.132075471698,2.376445380502361e-15
4565.2830188679245,5.0185363104514694e-15
4565.433962264151,3.879555634509597e-15
4565.584905660377,5.887892278030016e-15
4565.735849056604,-2.378007974982184e-16
4565.88679245283,1.07060236113457e-14
4566.037735849057,-1.5625262324490174e-15
4566.188679245283,6.578204537098851e-15
4566.33962264151,5.9388637399369934e-15
4566.490566037736,-6.288880745346181e-16
4566.641509433963,1.0769706411805105e-14
4566.792452830188,-3.1238991326476175e-15
4566.943396226415,1.1408677170302221e-14
4567.094339622641,-2.215612753520995e-15
4567.245283018868,9.498486504832529e-15
4567.396226415094,8.189983313161821e-17
4567.547169811321,6.639333129961398e-15
4567.698113207547,3.77255742312298e-15
4567.8490566037735,3.1740342085298576e-15
4568.0,4.908632264800319e-15
4568.1509433962265,4.866169699279303e-15
4568.301886792453,3.1103245580057083e-15
4568.452830188679,2.5190235127475136e-15
4568.603773584906,1.1176472109361547e-14
4568.754716981132,-7.766006172893435e-15
4568.905660377359,1.7337277843338074e-14
4569.056603773585,-6.2844809637371525e-15
4569.207547169812,1.0695324820255945e-14
4569.358490566037,-2.5005356278845166e-16
4569.509433962264,8.414044103503151e-15
4569.66037735849,1.653168802763311e-16
4569.811320754717,5.989788795660938e-15
4569.962264150943,5.71071339407501e-15
4570.11320754717,-2.1030336416740726e-17
4570.264150943396,8.684924397283399e-15
4570.415094339623,9.698566694953508e-16
4570.566037735849,5.667608824072473e-15
4570.7169811320755,3.4293450136407107e-15
4570.867924528302,4.697883030358905e-15
4571.018867924528,3.6399105788673254e-15
4571.169811320755,4.3656477968142206e-15
4571.320754716981,3.8361417312165006e-15
4571.471698113208,5.002458891734074e-15
4571.622641509434,2.8270072591637955e-15
4571.773584905661,4.380965679617216e-15
4571.924528301887,6.494625685454382e-15
4572.075471698113,-1.0413530087173081e-15
4572.226415094339,9.893714630933672e-15
4572.377358490566,1.0889657186849146e-15
4572.528301886792,1.6533540986202081e-15
4572.679245283019,1.2280495140033656e-14
4572.830188679245,-7.364195656802303e-15
4572.981132075472,1.4757365897944035e-14
4573.132075471698,-1.820528131978595e-15
4573.2830188679245,3.0801910106322825e-15
4573.433962264151,1.1288088325267505e-14
4573.584905660377,-5.7838442266427616e-15
4573.735849056604,1.1923920248267378e-14
4573.88679245283,1.5927787550667042e-15
4574.037735849057,9.728189076196577e-16
4574.188679245283,1.0134809567102984e-14
4574.33962264151,-1.4379653534794785e-15
4574.490566037736,6.9166204658052975e-15
4574.641509433963,3.432012199279654e-15
4574.792452830188,4.8211647331330324e-15
4574.943396226415,1.0746517083229686e-15
4575.094339622641,8.900000388029014e-15
4575.245283018868,4.6097678370786865e-16
4575.396226415094,3.1205297666814612e-15
4575.547169811321,9.427895217445239e-15
4575.698113207547,-1.2272071096588405e-15
4575.8490566037735,2.9422699375917082e-15
4576.0,1.4854445608232757e-14
4576.1509433962265,-1.389477052336215e-14
4576.301886792453,2.159662942932957e-14
4576.452830188679,-5.255948367371373e-15
4576.603773584906,1.7090751870137197e-15
4576.754716981132,1.486601331986992e-14
4576.905660377359,-8.06898152553598e-15
4577.056603773585,1.0409971446222737e-14
4577.207547169812,6.412324112651325e-15
4577.358490566037,-5.376995150325475e-15
4577.509433962264,1.556474176316432e-14
4577.66037735849,-4.882897882386159e-15
4577.811320754717,8.029707109248267e-15
4577.962264150943,4.079348819590988e-15
4578.11320754717,2.0528739319339144e-15
4578.264150943396,6.134148531798959e-15
4578.415094339623,2.37600237279979e-15
4578.566037735849,4.521814186991654e-15
4578.7169811320755,5.620556166886406e-15
4578.867924528302,-3.634065234622195e-16
4579.018867924528,9.989313398275595e-15
4579.169811320755,-1.3136347859663058e-15
4579.320754716981,6.831162959577701e-15
4579.471698113208,3.726495622883729e-15
4579.622641509434,2.0896321017362407e-15
4579.773584905661,8.273661697268775e-15
4579.924528301887,-2.959376002156874e-15
4580.075471698113,1.166531628330479e-14
4580.226415094339,-4.180244305683987e-16
4580.377358490566,1.8331674230445773e-15
4580.528301886792,1.1926432143324837e-14
4580.679245283019,-5.8703630922735204e-15
4580.830188679245,1.1967053232192404e-14
4580.981132075472,-1.2914440853009997e-15
4581.132075471698,7.433307933641251e-15
4581.2830188679245,1.6042428242315279e-15
4581.433962264151,4.528365163481408e-15
4581.584905660377,5.921151062557983e-15
4581.735849056604,-2.2327245017969747e-16
4581.88679245283,8.739466494144922e-15
4582.037735849057,1.1365809977541946e-16
4582.188679245283,6.124914372379443e-15
4582.33962264151,2.9554196818894744e-15
4582.490566037736,4.535383025899613e-15
4582.641509433963,3.0986113159146955e-15
4582.792452830188,5.027527130401346e-15
4582.943396226415,2.835804012314372e-15
4583.094339622641,4.665934364341786e-15
4583.245283018868,3.591992460375234e-15
4583.396226415094,3.970825032497375e-15
4583.547169811321,3.844977336657194e-15
4583.698113207547,4.1531251366400345e-15
4583.8490566037735,3.5094887465929665e-15
4584.0,4.235191199383216e-15
4584.1509433962265,3.832898379441237e-15
4584.301886792453,3.664336557311351e-15
4584.452830188679,4.230467848697023e-15
4584.603773584906,3.703494422675981e-15
4584.754716981132,3.830109669586579e-15
4584.905660377359,4.013418590039388e-15
4585.056603773585,3.982505365435751e-15
4585.207547169812,3.403947709772564e-15
4585.358490566037,4.5521768170112974e-15
4585.509433962264,3.361499855914706e-15
4585.66037735849,4.015633516642326e-15
4585.811320754717,3.899030777783404e-15
4585.962264150943,4.114011863859757e-15
4586.11320754717,3.0638318627345323e-15
4586.264150943396,4.966246532910824e-15
4586.415094339623,3.040586989106049e-15
4586.566037735849,4.0407336019435314e-15
4586.7169811320755,3.909436020819938e-15
4586.867924528302,4.417728296923548e-15
4587.018867924528,2.224964115284785e-15
4587.169811320755,5.796791796356033e-15
4587.320754716981,2.916544436824766e-15
4587.471698113208,3.3523657247514095e-15
4587.622641509434,4.128603806290359e-15
4587.773584905661,6.308381131454867e-15
4587.924528301887,-2.5335640454497286e-15
4588.075471698113,1.2016675450024522e-14
4588.226415094339,-1.5322850555202159e-15
4588.377358490566,2.0143108152474117e-15
4588.528301886792,1.3392875852249808e-14
4588.679245283019,-9.167797597036823e-15
4588.830188679245,1.3373049263142133e-14
4588.981132075472,2.1423587921771774e-15
4589.132075471698,-1.01427688937481e-15
4589.2830188679245,9.079988096308451e-15
4589.433962264151,3.4555860990935666e-15
4589.584905660377,-7.598807180507906e-16
4589.735849056604,8.10376822019929e-15
4589.88679245283,5.04893921610963e-15
4590.037735849057,-3.5558765440768966e-15
4590.188679245283,1.2905168070697961e-14
4590.33962264151,-2.711561087051956e-15
4590.490566037736,7.980907192169892e-15
4590.641509433963,-2.817230016785038e-15
4590.792452830188,1.671778466512328e-14
4590.943396226415,-1.391259805424164e-14
4591.094339622641,1.937828739955764e-14
4591.245283018868,-2.683808623856136e-15
4591.396226415094,-8.231329895228337e-16
4591.547169811321,1.4304426245330912e-14
4591.698113207547,-3.6516379915279146e-15
4591.8490566037735,1.0484882131658052e-15
4592.0,1.644155951330141e-14
4592.1509433962265,-1.1461867467856902e-14
4592.301886792453,1.2145799219581635e-14
4592.452830188679,6.4432149512410824e-15
4592.603773584906,-6.222521221217362e-15
4592.754716981132,1.2683957222895516e-14
4592.905660377359,1.511649918925095e-15
4593.056603773585,4.696403751376095e-16
4593.207547169812,6.6145879514419475e-15
4593.358490566037,5.548944061263946e-15
4593.509433962264,-1.6900899427904868e-15
4593.66037735849,8.337184440000167e-15
4593.811320754717,2.5383270367163544e-15
4593.962264150943,3.139685885244578e-15
4594.11320754717,2.3784039218528136e-15
4594.264150943396,8.925713675333602e-15
4594.415094339623,-4.4613397867075976e-15
4594.566037735849,1.2937213673773825e-14
4594.7169811320755,-5.660241409490498e-15
4594.867924528302,1.3315409309825345e-14
4595.018867924528,-5.815466972888421e-15
4595.169811320755,1.1280583963101545e-14
4595.320754716981,7.056231294175802e-16
4595.471698113208,6.673882080418059e-16
4595.622641509434,1.1224214837051339e-14
4595.773584905661,-4.012198184607549e-15
4595.924528301887,6.364851502448475e-15
4596.075471698113,9.168957886723436e-15
4596.226415094339,-8.957516816428247e-15
4596.377358490566,1.852114063972017e-14
4596.528301886792,-7.475920075088695e-15
4596.679245283019,8.227504223893705e-15
4596.830188679245,3.690701244272786e-15
4596.981132075472,3.8951835521005185e-15
4597.132075471698,-5.119927332970538e-17
4597.2830188679245,1.0015653227879835e-14
4597.433962264151,-2.2876821573225688e-15
4597.584905660377,7.625016520571747e-15
4597.735849056604,5.7080577653889e-16
4597.88679245283,7.191280732588696e-15
4598.037735849057,5.748385905510868e-16
4598.188679245283,3.730394160201495e-15
4598.33962264151,7.34496657512797e-15
4598.490566037736,-1.1764407089262675e-15
4598.641509433963,5.504831731024577e-15
4598.792452830188,6.2125733814414446e-15
4598.943396226415,-7.804854480939468e-16
4599.094339622641,5.4206119654016e-15
4599.245283018868,6.920375840232603e-15
4599.396226415094,-3.4893060496498915e-15
4599.547169811321,1.0929668856344491e-14
4599.698113207547,-9.381367924790592e-16
4599.8490566037735,5.1275881181847606e-15
4600.0,3.011591934106638e-15
4600.1509433962265,5.648190211612228e-15
4600.301886792453,-1.6394504052053114e-16
4600.452830188679,6.869739113103677e-15
4600.603773584906,3.616225785997498e-15
4600.754716981132,-3.984911085602244e-16
4600.905660377359,9.048537874166578e-15
4601.056603773585,1.1385003058991393e-15
4601.207547169812,-6.052537376680573e-16
4601.358490566037,1.4736898157631132e-14
4601.509433962264,-1.0957811099830287e-14
4601.66037735849,1.5944448879852347e-14
4601.811320754717,-2.3375828190908026e-15
4601.962264150943,2.6402234379476418e-15
4602.11320754717,7.625957043211445e-15
4602.264150943396,1.7055295435231684e-15
4602.415094339623,8.228215140994618e-17
4602.566037735849,1.1165960959355402e-14
4602.7169811320755,-3.663977223606593e-15
4602.867924528302,6.1326240259105245e-15
4603.018867924528,6.621975591711607e-15
4603.169811320755,-2.562278946862485e-15
4603.320754716981,8.791492508647836e-15
4603.471698113208,1.4412323268317807e-15
4603.622641509434,3.452090791181124e-15
4603.773584905661,2.6684482214447855e-15
4603.924528301887,7.930709223697493e-15
4604.075471698113,-4.025786632700095e-15
4604.226415094339,1.1098150282314466e-14
4604.377358490566,-3.6474067782407655e-16
4604.528301886792,1.9967000284889096e-15
4604.679245283019,9.333665280284434e-15
4604.830188679245,-3.202785729409774e-15
4604.981132075472,7.361433240344717e-15
4605.132075471698,4.62014110566745e-15
4605.2830188679245,-1.4985769125441503e-15
4605.433962264151,8.613240842956697e-15
4605.584905660377,2.8221558284131282e-15
4605.735849056604,-2.6439462734555048e-15
4605.88679245283,1.5065536673734262e-14
4606.037735849057,-9.135357307545555e-15
4606.188679245283,1.3165655740752547e-14
4606.33962264151,-2.3048095837568895e-15
4606.490566037736,7.388503183473136e-15
4606.641509433963,-5.482592460862739e-16
4606.792452830188,7.473190463849493e-15
4606.943396226415,1.5018529614346532e-15
4607.094339622641,1.989412349305766e-15
4607.245283018868,7.83631897729478e-15
4607.396226415094,-1.5695597059224814e-15
4607.547169811321,7.108273771625498e-15
4607.698113207547,1.9648462476069256e-15
4607.8490566037735,3.5296673710105203e-15
4608.0,3.5152426800887076e-15
4608.1509433962265,4.316483394836402e-15
4608.301886792453,1.5622695225727426e-15
4608.452830188679,5.524179413169464e-15
4608.603773584906,2.517603841833499e-15
4608.754716981132,2.6381609349525596e-15
4608.905660377359,4.8622007009755605e-15
4609.056603773585,3.9095591844644405e-15
4609.207547169812,-6.579433284345389e-16
4609.358490566037,1.0188599230307566e-14
4609.509433962264,-2.5337729770334696e-15
4609.66037735849,5.298358093285809e-15
4609.811320754717,6.379637398498321e-15
4609.962264150943,-2.2735013737927873e-15
4610.11320754717,9.039843295789693e-15
4610.264150943396,-6.144096781251192e-16
4610.415094339623,6.138914743916733e-15
4610.566037735849,1.117579210967549e-15
4610.7169811320755,5.6560775898085054e-15
4610.867924528302,1.3148915045671616e-15
4611.018867924528,5.717425435439228e-15
4611.169811320755,-1.0538053335880051e-16
4611.320754716981,8.61828056613744e-15
4611.471698113208,-2.6994196541288937e-15
4611.622641509434,9.06043478336685e-15
4611.773584905661,-1.4229564025897576e-15
4611.924528301887,7.624719631857517e-15
4612.075471698113,4.618391981558337e-16
4612.226415094339,2.9661510187768515e-15
4612.377358490566,8.353474356008264e-15
4612.528301886792,-4.617365938963911e-15
4612.679245283019,1.1451399648099217e-14
4612.830188679245,-3.427619287091025e-15
4612.981132075472,9.740932065155224e-15
4613.132075471698,-2.6888726976372817e-15
4613.2830188679245,6.210400932413743e-15
4613.433962264151,7.53897958935221e-15
4613.584905660377,-7.70870350538017e-15
4613.735849056604,1.5491790958418383e-14
4613.88679245283,-2.2948962012831325e-15
4614.037735849057,-5.593386429035277e-16
4614.188679245283,1.2848403735501117e-14
4614.33962264151,-3.713680058765308e-15
4614.490566037736,1.7709979880121963e-15
4614.641509433963,1.378078272902127e-14
4614.792452830188,-1.0536788273165723e-14
4614.943396226415,1.3722824509386771e-14
4615.094339622641,1.3099538198138758e-16
4615.245283018868,8.131408293851717e-16
4615.396226415094,6.996110627869315e-15
4615.547169811321,2.099799755231985e-15
4615.698113207547,2.3170468710005744e-15
4615.8490566037735,3.4118154357608117e-15
4616.0,6.642944350230719e-15
4616.1509433962265,-2.4889995079354186e-15
4616.301886792453,7.998743820741846e-15
4616.452830188679,2.6846495334376437e-15
4616.603773584906,-1.7451289545301365e-16
4616.754716981132,9.087983773627294e-15
4616.905660377359,-3.585461049413258e-15
4617.056603773585,1.1492885536564722e-14
4617.207547169812,-6.2903419918151855e-15
4617.358490566037,1.2730013877388828e-14
4617.509433962264,-3.2586599176494454e-15
4617.66037735849,5.075011731474236e-15
4617.811320754717,5.590272433554027e-15
4617.962264150943,1.108147134754798e-16
4618.11320754717,3.5069174852271595e-15
4618.264150943396,7.822518215100806e-15
4618.415094339623,-4.590364114603291e-15
4618.566037735849,1.0922340175334764e-14
4618.7169811320755,-1.0752229572564475e-15
4618.867924528302,3.4009121141948084e-15
4619.018867924528,6.2981929247594244e-15
4619.169811320755,-9.848833961743024e-16
4619.320754716981,6.413827384997141e-15
4619.471698113208,3.5444171973961688e-15
4619.622641509434,-1.6673468214355785e-15
4619.773584905661,1.1350163476962162e-14
4619.924528301887,-3.972575461806229e-15
4620.075471698113,5.595755910748032e-15
4620.226415094339,6.367744911282596e-15
4620.377358490566,-1.6989854471487209e-15
4620.528301886792,4.944708253722656e-15
4620.679245283019,7.081479924062713e-15
4620.830188679245,-3.700882266643122e-15
4620.981132075472,7.614103505000823e-15
4621.132075471698,6.213887178078067e-15
4621.2830188679245,-7.31569165031005e-15
4621.433962264151,1.6125253816747996e-14
4621.584905660377,-4.809440915018579e-15
4621.735849056604,2.430952492671307e-15
4621.88679245283,1.0848903613327309e-14
4622.037735849057,-5.813145016839477e-15
4622.188679245283,9.578406418095612e-15
4622.33962264151,-1.7523504111812237e-16
4622.490566037736,5.266896677339878e-15
4622.641509433963,1.7979077068508602e-15
4622.792452830188,2.92140060052401e-15
4622.943396226415,6.226752444579344e-15
4623.094339622641,-2.0619005553400856e-15
4623.245283018868,8.895690799226313e-15
4623.396226415094,-1.4669269165834445e-15
4623.547169811321,6.602062870201248e-15
4623.698113207547,4.606867794389957e-16
4623.8490566037735,5.429418979938043e-15
4624.0,1.7581283965605794e-15
4624.1509433962265,3.939749838242254e-15
4624.301886792453,1.668136081174153e-15
4624.452830188679,7.2292968522223e-15
4624.603773584906,-3.732183828828121e-15
4624.754716981132,1.0701259672724733e-14
4624.905660377359,-1.1570486878945957e-15
4625.056603773585,1.251968615280912e-15
4625.207547169812,1.1285810806490836e-14
4625.358490566037,-7.758785698134637e-15
4625.509433962264,1.2084539541264127e-14
4625.66037735849,-5.586927678845881e-16
4625.811320754717,1.612657422713884e-15
4625.962264150943,7.522041711364273e-15
4626.11320754717,-1.2398724795855302e-15
4626.264150943396,5.940422389276484e-15
4626.415094339623,2.081212055749703e-15
4626.566037735849,3.196043960267155e-15
4626.7169811320755,3.0901402568742977e-15
4626.867924528302,4.065169961111701e-15
4627.018867924528,1.0133409119060795e-15
4627.169811320755,5.645292572693031e-15
4627.320754716981,1.9459206543853556e-15
4627.471698113208,1.7977437344948443e-15
4627.622641509434,5.686263584667804e-15
4627.773584905661,3.007519584144934e-15
4627.924528301887,-2.168767525684656e-15
4628.075471698113,1.2196031949730089e-14
4628.226415094339,-3.467754600443692e-15
4628.377358490566,1.1604618450243087e-15
4628.528301886792,1.353883447838728e-14
4628.679245283019,-8.877448939046484e-15
4628.830188679245,8.323074059910933e-15
4628.981132075472,7.657344423837602e-15
4629.132075471698,-6.851453363119692e-15
4629.2830188679245,1.0381539680970029e-14
4629.433962264151,4.313042923309791e-15
4629.584905660377,-6.635133138074525e-15
4629.735849056604,1.6286723906815593e-14
4629.88679245283,-7.405531652579621e-15
4630.037735849057,7.494932427886143e-15
4630.188679245283,4.083245185106553e-15
4630.33962264151,-2.624906989884703e-16
4630.490566037736,5.919311070113767e-15
4630.641509433963,2.061859626675936e-15
4630.792452830188,2.0327312229662992e-15
4630.943396226415,5.952337961277078e-15
4631.094339622641,-8.906806431211432e-16
4631.245283018868,6.884849991068578e-15
4631.396226415094,-9.8723300057359e-17
4631.547169811321,6.5941069985817755e-15
4631.698113207547,-1.89493779677752e-15
4631.8490566037735,7.788103044832387e-15
4632.0,2.9107408169021538e-15
4632.1509433962265,-4.246008309177407e-15
4632.301886792453,1.489557967087943e-14
4632.452830188679,-6.111793750426002e-15
4632.603773584906,4.6418458403399835e-15
4632.754716981132,6.59870241740638e-15
4632.905660377359,1.391956757579619e-15
4633.056603773585,-1.2354831343129617e-15
4633.207547169812,9.688394290054516e-15
4633.358490566037,1.7481707851502595e-15
4633.509433962264,-5.407773330400228e-15
4633.66037735849,1.8051837088542723e-14
4633.811320754717,-1.1000258808389733e-14
4633.962264150943,1.0837611490391911e-14
4634.11320754717,4.482190903612442e-16
4634.264150943396,4.92232653578379e-15
4634.415094339623,-2.5946078225188494e-16
4634.566037735849,3.874618348114755e-15
4634.7169811320755,1.1082990285259926e-14
4634.867924528302,-1.6170951170363475e-14
4635.018867924528,2.6895409758294237e-14
4635.169811320755,-1.3931109045146307e-14
4635.320754716981,5.103849529387745e-15
4635.471698113208,1.2901944475855352e-14
4635.622641509434,-7.185948010868228e-15
4635.773584905661,2.576624589015021e-15
4635.924528301887,1.5002912843982654e-14
4636.075471698113,-1.1459712844989068e-14
4636.226415094339,9.231011525311473e-15
4636.377358490566,7.94245174557743e-15
4636.528301886792,-6.815311153255311e-15
4636.679245283019,8.313561907292043e-15
4636.830188679245,6.613073543250608e-15
4636.981132075472,-6.698172306607154e-15
4637.132075471698,1.2149037835571777e-14
4637.2830188679245,-1.5131705765104383e-15
4637.433962264151,4.125985925119044e-15
4637.584905660377,2.5234397087504154e-16
4637.735849056604,1.0718376313048472e-14
4637.88679245283,-8.558274634872729e-15
4638.037735849057,1.365440955343078e-14
4638.188679245283,-3.3225984602653257e-15
4638.33962264151,5.34694426653087e-15
4638.490566037736,8.41796396983744e-16
4638.641509433963,7.95247388009765e-15
4638.792452830188,-4.8668760497676385e-15
4638.943396226415,1.0233515846366776e-14
4639.094339622641,9.336788227235407e-16
4639.245283018868,-3.661595690099159e-15
4639.396226415094,1.7464507007389167e-14
4639.547169811321,-1.3601178063361804e-14
4639.698113207547,1.2957363698594265e-14
4639.8490566037735,4.753696526490996e-15
4640.0,-7.838223238430463e-15
4640.1509433962265,1.2888753738990524e-14
4640.301886792453,2.7114528082124217e-15
4640.452830188679,-6.852160748198043e-15
4640.603773584906,1.3985904622750237e-14
4640.754716981132,4.116027714483523e-16
4640.905660377359,-5.172033470392485e-15
4641.056603773585,1.4365281961086625e-14
4641.207547169812,-2.0829556408622662e-15
4641.358490566037,-2.518540226414209e-15
4641.509433962264,1.4323547411426304e-14
4641.66037735849,-5.75785548501624e-15
4641.811320754717,2.520667397813858e-15
4641.962264150943,1.2359947897720844e-14
4642.11320754717,-1.0212670125590634e-14
4642.264150943396,1.3074220389030026e-14
4642.415094339623,-6.377631387147494e-16
4642.566037735849,5.209046376239346e-16
4642.7169811320755,7.598262596882867e-15
4642.867924528302,-4.778368028358814e-16
4643.018867924528,3.304740603690251e-15
4643.169811320755,4.653836896163463e-15
4643.320754716981,1.1399082459494591e-15
4643.471698113208,2.710464841536527e-15
4643.622641509434,5.007451272943109e-15
4643.773584905661,1.2210152853549112e-15
4643.924528301887,8.103402319606807e-16
4644.075471698113,9.729116003343929e-15
4644.226415094339,-5.846041029100022e-15
4644.377358490566,8.627344467973532e-15
4644.528301886792,2.374888035236843e-15
4644.679245283019,9.873320994397398e-16
4644.830188679245,1.4865473050899553e-15
4644.981132075472,1.0140264951786314e-14
4645.132075471698,-6.126564756774938e-15
4645.2830188679245,5.076456970665146e-15
4645.433962264151,1.2801558987481336e-14
4645.584905660377,-1.5733540428561015e-14
4645.735849056604,1.9572526589108644e-14
4645.88679245283,-3.065619050705716e-15
4646.037735849057,-1.7316726093279111e-15
4646.188679245283,9.139545795634094e-15
4646.33962264151,3.8490219500849895e-15
4646.490566037736,-7.03945578905947e-15
4646.641509433963,1.5924398490045866e-14
4646.792452830188,-6.945287083769794e-15
4646.943396226415,7.622745204986891e-15
4647.094339622641,2.3120668315124705e-16
4647.245283018868,6.1234989829422054e-15
4647.396226415094,-4.158741753588713e-16
4647.547169811321,2.4739971187898697e-15
4647.698113207547,9.274553984970064e-15
4647.8490566037735,-8.013660511118691e-15
4648.0,1.2904348846927633e-14
4648.1509433962265,-1.5943965286892822e-15
4648.301886792453,3.0930345646818964e-16
4648.452830188679,9.520471239163268e-15
4648.603773584906,-3.702416553603796e-15
4648.754716981132,6.130696704163595e-15
4648.905660377359,2.7414500777056193e-15
4649.056603773585,2.3015416538728775e-15
4649.207547169812,5.5793322908499115e-16
4649.358490566037,9.244327892646671e-15
4649.509433962264,-5.992372925704444e-15
4649.66037735849,1.0116444347909894e-14
4649.811320754717,-2.87430817068432e-17
4649.962264150943,1.0531633151824146e-15
4650.11320754717,6.763763469619428e-15
4650.264150943396,-7.563197964791809e-16
4650.415094339623,4.8086701340002396e-15
4650.566037735849,1.8864406127446197e-15
4650.7169811320755,3.426709662456041e-15
4650.867924528302,2.109320372188228e-15
4651.018867924528,3.3338234724956873e-15
4651.169811320755,2.463733044643938e-15
4651.320754716981,3.1100721698110012e-15
4651.471698113208,2.2483430589098297e-15
4651.622641509434,3.266313642866492e-15
4651.773584905661,2.858100161332801e-15
4651.924528301887,2.0561118270896565e-15
4652.075471698113,3.3375576929508732e-15
4652.226415094339,3.335010227524538e-15
4652.377358490566,1.3111296117835168e-15
4652.528301886792,3.286903208621071e-15
4652.679245283019,5.148435781623037e-15
4652.830188679245,-2.5372579559815856e-15
4652.981132075472,8.512182155473518e-15
4653.132075471698,2.2723559088370474e-17
4653.2830188679245,1.3360713018976588e-16
4653.433962264151,1.0654380172076748e-14
4653.584905660377,-7.870299260668945e-15
4653.735849056604,1.2535311422784552e-14
4653.88679245283,-3.944112274268914e-15
4654.037735849057,6.855288394279278e-15
4654.188679245283,-9.16192460067755e-16
4654.33962264151,7.081105504203901e-15
4654.490566037736,-9.157010621932953e-16
4654.641509433963,3.3024909297529844e-15
4654.792452830188,6.116922348057075e-15
4654.943396226415,-2.747117205967863e-15
4655.094339622641,7.364466478662154e-15
4655.245283018868,5.44977634151739e-16
4655.396226415094,3.360637899529866e-15
4655.547169811321,1.6126201150549427e-15
4655.698113207547,5.173851312742849e-15
4655.8490566037735,5.450236290880805e-16
4656.0,2.0870314203786454e-15
4656.1509433962265,6.813658266118592e-15
4656.301886792453,-2.4185787541307965e-15
4656.452830188679,5.84114517276272e-15
4656.603773584906,2.081670451504054e-15
4656.754716981132,3.1444874454418023e-15
4656.905660377359,9.41406383919348e-16
4657.056603773585,3.790899590143713e-15
4657.207547169812,6.574952927218555e-15
4657.358490566037,-8.129157400130813e-15
4657.509433962264,1.7429455563113042e-14
4657.66037735849,-9.127048548394858e-15
4657.811320754717,5.9245497075679304e-15
4657.962264150943,8.548025361962856e-15
4658.11320754717,-6.9717433408720314e-15
4658.264150943396,9.037113036511566e-15
4658.415094339623,3.718288462275379e-15
4658.566037735849,-4.150172354220383e-15
4658.7169811320755,1.0326566337155177e-14
4658.867924528302,-1.884228677665377e-15
4659.018867924528,4.8956919513088955e-15
4659.169811320755,-1.2188370483300476e-15
4659.320754716981,1.1163529871740737e-14
4659.471698113208,-8.510542168513303e-15
4659.622641509434,1.143642156634583e-14
4659.773584905661,-2.8186527997796884e-16
4659.924528301887,1.7472022804054533e-15
4660.075471698113,2.4537920086050253e-15
4660.226415094339,6.903979590954325e-15
4660.377358490566,-3.1628937769775095e-15
4660.528301886792,4.899854834480047e-15
4660.679245283019,6.860608888690037e-15
4660.830188679245,-5.412636203598102e-15
4660.981132075472,9.096085659175749e-15
4661.132075471698,1.0177891924622935e-15
4661.2830188679245,2.3165886301762326e-15
4661.433962264151,-1.4633124526741798e-15
4661.584905660377,1.5111994987293116e-14
4661.735849056604,-1.4918338604553848e-14
4661.88679245283,1.728960481241887e-14
4662.037735849057,-2.734185309557412e-15
4662.188679245283,-1.0602243540580461e-15
4662.33962264151,1.0479163847045933e-14
4662.490566037736,-4.9672274527971325e-15
4662.641509433963,1.0287512992583773e-14
4662.792452830188,-8.338998688089211e-15
4662.943396226415,1.8671916915661145e-14
4663.094339622641,-1.5601339989390966e-14
4663.245283018868,1.8027201694461883e-14
4663.396226415094,-7.357514568991456e-15
4663.547169811321,9.602686126076527e-15
4663.698113207547,-5.691158057919191e-15
4663.8490566037735,1.394316845869799e-14
4664.0,-8.722066689039876e-15
4664.1509433962265,9.817802102055207e-15
4664.301886792453,7.814777508256285e-16
4664.452830188679,1.9331596863050963e-15
4664.603773584906,2.3454036312654575e-15
4664.754716981132,4.765943402100985e-15
4664.905660377359,7.420879963386553e-16
4665.056603773585,1.7263826380792586e-15
4665.207547169812,6.794701044535789e-15
4665.358490566037,-2.90690941114595e-15
4665.509433962264,6.792108535547286e-15
4665.66037735849,1.4565495892225045e-15
4665.811320754717,1.1270758714081373e-15
4665.962264150943,4.807254190298298e-15
4666.11320754717,1.9228153490129997e-15
4666.264150943396,1.113318885593134e-15
4666.415094339623,4.503617306040358e-15
4666.566037735849,3.634175368570588e-15
4666.7169811320755,-3.2627199464027847e-15
4666.867924528302,1.1570582457995354e-14
4667.018867924528,-4.753195262210991e-15
4667.169811320755,4.522103192654717e-15
4667.320754716981,5.663101573136762e-15
4667.471698113208,-1.0498451037561882e-15
4667.622641509434,2.6558634269576083e-15
4667.773584905661,6.407424927356195e-15
4667.924528301887,-1.6676242300943155e-15
4668.075471698113,3.860117269939914e-15
4668.226415094339,5.023998301898504e-15
4668.377358490566,-2.090972530584414e-15
4668.528301886792,8.43602222023062e-15
4668.679245283019,-4.5061282511053196e-15
4668.830188679245,1.0754923497292634e-14
4668.981132075472,-4.715711541906586e-15
4669.132075471698,6.152136516869199e-15
4669.2830188679245,4.18899254700454e-15
4669.433962264151,-2.6201555530672663e-15
4669.584905660377,7.814570375602665e-15
4669.735849056604,7.073741315223819e-17
4669.88679245283,2.807201478309893e-15
4670.037735849057,1.4495773658460064e-15
4670.188679245283,7.467786728953083e-15
4670.33962264151,-5.63308634653217e-15
4670.490566037736,1.0408691124036348e-14
4670.641509433963,-9.714274134879506e-16
4670.792452830188,8.440355339494551e-16
4670.943396226415,7.214427418423076e-15
4671.094339622641,-1.606791806820609e-15
4671.245283018868,4.57124203764793e-15
4671.396226415094,2.040397510931869e-15
4671.547169811321,3.2750723232360413e-15
4671.698113207547,1.039265117596762e-15
4671.8490566037735,3.939398322172731e-15
4672.0,2.576117860101888e-15
4672.1509433962265,1.5499131129329336e-15
4672.301886792453,2.3394855178548136e-15
4672.452830188679,6.0037896415323826e-15
4672.603773584906,-3.525425034689927e-15
4672.754716981132,8.09832682620942e-15
4672.905660377359,8.362898364509969e-16
4673.056603773585,-3.896968086129138e-16
4673.207547169812,8.32747370885181e-15
4673.358490566037,-3.474327301635206e-15
4673.509433962264,7.443491920515904e-15
4673.66037735849,-1.2819413265860297e-15
4673.811320754717,5.7625257598832e-15
4673.962264150943,-6.212377001902136e-17
4674.11320754717,4.600277101558776e-15
4674.264150943396,5.527159232934013e-18
4674.415094339623,7.232414401341387e-15
4674.566037735849,-4.758604868857878e-15
4674.7169811320755,1.0672990514347824e-14
4674.867924528302,-3.990681414865469e-15
4675.018867924528,6.993189215873316e-15
4675.169811320755,-1.5709284984825441e-15
4675.320754716981,7.482218449563239e-15
4675.471698113208,-1.4990213957887937e-15
4675.622641509434,2.0896319836774444e-15
4675.773584905661,9.215091261952009e-15
4675.924528301887,-7.840172795607744e-15
4676.075471698113,1.0671786449113632e-14
4676.226415094339,2.2452968600536774e-15
4676.377358490566,-6.5838090977874504e-15
4676.528301886792,1.715190057254192e-14
4676.679245283019,-1.0421579361880207e-14
4676.830188679245,7.838197206383629e-15
4676.981132075472,5.3617157149972436e-15
4677.132075471698,-2.721531515970451e-15
4677.2830188679245,2.0079657455169367e-15
4677.433962264151,1.314425541683475e-14
4677.584905660377,-1.4950742031634147e-14
4677.735849056604,1.8056521652890753e-14
4677.88679245283,-3.206867585679819e-15
4678.037735849057,-3.2139289103326973e-15
4678.188679245283,1.508081141556439e-14
4678.33962264151,-1.0460785983827119e-14
4678.490566037736,1.2159090858499899e-14
4678.641509433963,-3.731646394068941e-15
4678.792452830188,6.8902396868947025e-15
4678.943396226415,-1.0650422102339352e-15
4679.094339622641,5.813292331634506e-15
4679.245283018868,-1.4017643135259812e-15
4679.396226415094,8.141507938877726e-15
4679.547169811321,-4.966877407225159e-15
4679.698113207547,1.019464049466642e-14
4679.8490566037735,-2.7181151719642658e-15
4680.0,3.0036778064884195e-15
4680.1509433962265,7.248952588928526e-15
4680.301886792453,-5.707538042154718e-15
4680.452830188679,1.0798385922262697e-14
4680.603773584906,-2.8639111084097083e-15
4680.754716981132,4.1656989060839e-15
4680.905660377359,3.1737490536390214e-15
4681.056603773585,6.836545505893925e-16
4681.207547169812,6.131948435295173e-15
4681.358490566037,-4.221691305640368e-15
4681.509433962264,1.106882446184277e-14
4681.66037735849,-3.481050983821202e-15
4681.811320754717,1.5170746528274764e-15
4681.962264150943,1.0575992900874897e-14
4682.11320754717,-8.30355350642726e-15
4682.264150943396,1.0780453556975266e-14
4682.415094339623,-1.2579070148604058e-15
4682.566037735849,3.607898235184814e-15
4682.7169811320755,4.785753002588345e-16
4682.867924528302,7.447739534866594e-15
4683.018867924528,-4.244818959660101e-15
4683.169811320755,6.85166187267801e-15
4683.320754716981,5.273393958013992e-15
4683.471698113208,-9.733942594949883e-15
4683.622641509434,2.1948009362979593e-14
4683.773584905661,-1.8637461352381948e-14
4683.924528301887,1.978716074802968e-14
4684.075471698113,-9.050879797496019e-15
4684.226415094339,1.0212442309090982e-14
4684.377358490566,-4.452896153877528e-15
4684.528301886792,8.96515020601452e-15
4684.679245283019,-2.8789681146005304e-16
4684.830188679245,-2.743197803277592e-15
4684.981132075472,1.679240439332154e-14
4685.132075471698,-1.6687978156483868e-14
4685.2830188679245,1.8554355116564996e-14
4685.433962264151,-3.717256296936357e-15
4685.584905660377,-2.4504520514663574e-15
4685.735849056604,1.3755743237609347e-14
4685.88679245283,-8.612821950198382e-15
4686.037735849057,9.787156966725518e-15
4686.188679245283,-1.6281052191224078e-15
4686.33962264151,5.280556509277216e-15
4686.490566037736,4.81183392442909e-16
4686.641509433963,2.5607168338095195e-15
4686.792452830188,4.960578406099397e-15
4686.943396226415,-1.9133211209412127e-15
4687.094339622641,7.521843973910087e-15
4687.245283018868,-2.711943642838229e-15
4687.396226415094,7.451344104767035e-15
4687.547169811321,-1.1052097223365612e-15
4687.698113207547,2.6099474346190033e-15
4687.8490566037735,6.3829831501278835e-15
4688.0,-2.670041686410135e-15
4688.1509433962265,3.0019309299330995e-15
4688.301886792453,1.1301759503706635e-14
4688.452830188679,-1.5242413027489336e-14
4688.603773584906,2.2565792127599383e-14
4688.754716981132,-1.1867836188480713e-14
4688.905660377359,6.626103504994293e-15
4689.056603773585,6.6797180847687186e-15
4689.207547169812,-4.63358616048782e-15
4689.358490566037,7.480406872574668e-15
4689.509433962264,1.1420655518961466e-15
4689.66037735849,1.2616381173981254e-15
4689.811320754717,4.128796803147872e-15
4689.962264150943,1.5351960895463252e-15
4690.11320754717,2.4532511380434695e-15
4690.264150943396,2.6914175052877712e-15
4690.415094339623,3.25313257268997e-15
4690.566037735849,-7.397290361552209e-16
4690.7169811320755,8.313647927329345e-15
4690.867924528302,-4.76911191836846e-15
4691.018867924528,9.061274356998524e-15
4691.169811320755,-2.509810713250023e-15
4691.320754716981,5.900888632920564e-15
4691.471698113208,2.4993415340275125e-17
4691.622641509434,4.0873081665784595e-15
4691.773584905661,1.2375046602868699e-15
4691.924528301887,3.7203227080400806e-15
4692.075471698113,1.074567538507278e-15
4692.226415094339,3.0443693330945186e-15
4692.377358490566,3.676545601098149e-15
4692.528301886792,-8.78323260278139e-16
4692.679245283019,7.153947023638238e-15
4692.830188679245,-2.8060196046526924e-15
4692.981132075472,7.612898285317972e-15
4693.132075471698,-1.7324522303928503e-15
4693.2830188679245,4.010885597232843e-15
4693.433962264151,4.67976032387388e-15
4693.584905660377,-2.7772823473649036e-15
4693.735849056604,7.491848961709701e-15
4693.88679245283,1.0654867178341679e-15
4694.037735849057,-1.2567015838481014e-15
4694.188679245283,9.376769714261008e-15
4694.33962264151,-3.916756146960225e-15
4694.490566037736,5.0336192902556675e-15
4694.641509433963,3.80883101478881e-15
4694.792452830188,-3.384827764972743e-16
4694.943396226415,3.918534689009085e-15
4695.094339622641,2.58172339403538e-15
4695.245283018868,2.0469253772361276e-15
4695.396226415094,2.8171918595762894e-15
4695.547169811321,-1.919213589353192e-16
4695.698113207547,9.795275276704046e-15
4695.8490566037735,-9.398739096919834e-15
4696.0,1.5629094631882032e-14
4696.1509433962265,-8.958640582313788e-15
4696.301886792453,1.0853012495243285e-14
4696.452830188679,-3.4805053712193438e-15
4696.603773584906,6.4549090757678835e-15
4696.754716981132,-1.7736556480930748e-18
4696.905660377359,3.678500065457762e-15
4697.056603773585,1.4787016030881972e-15
4697.207547169812,3.86182238639364e-15
4697.358490566037,1.0955984160788874e-15
4697.509433962264,8.913194287875424e-16
4697.66037735849,1.056059303637256e-14
4697.811320754717,-1.371703777775166e-14
4697.962264150943,2.2919066419278362e-14
4698.11320754717,-1.470029160954418e-14
4698.264150943396,9.217413376228689e-15
4698.415094339623,7.43088197411769e-15
4698.566037735849,-9.795418443078667e-15
4698.7169811320755,1.514669471096553e-14
4698.867924528302,-6.721743763756006e-15
4699.018867924528,8.244178450100234e-15
4699.169811320755,-2.6043405301390055e-15
4699.320754716981,8.200869320078754e-15
4699.471698113208,-3.3133626419394084e-15
4699.622641509434,6.521404276124653e-15
4699.773584905661,-2.141438438724034e-16
4699.924528301887,6.083552975319774e-15
4700.075471698113,-4.711390102063635e-15
4700.226415094339,1.2564487594292029e-14
4700.377358490566,-7.211992183748005e-15
4700.528301886792,7.865721819106212e-15
4700.679245283019,1.910479787892615e-15
4700.830188679245,4.1884539731997285e-16
4700.981132075472,3.893117794669091e-15
4701.132075471698,2.531920412968186e-15
4701.2830188679245,1.6720482315501487e-15
4701.433962264151,3.0555620400860173e-15
4701.584905660377,8.373089068738143e-16
4701.735849056604,6.73738368605375e-15
4701.88679245283,-4.714925782956812e-15
4702.037735849057,9.792167258228535e-15
4702.188679245283,-1.779896606698228e-15
4702.33962264151,1.885390305606256e-15
4702.490566037736,6.318145799636498e-15
4702.641509433963,-1.925961043497282e-15
4702.792452830188,4.933898385318509e-15
4702.943396226415,2.0994748468500256e-15
4703.094339622641,1.645625550184118e-15
4703.245283018868,2.9395790569290127e-15
4703.396226415094,2.6884221133043865e-15
4703.547169811321,1.725510224658336e-15
4703.698113207547,2.7564164057788004e-15
4703.8490566037735,2.8906853008767015e-15
4704.0,1.2823497276293857e-15
4704.1509433962265,3.5933313689955845e-15
4704.301886792453,1.7443352718413273e-15
4704.452830188679,2.522846654574336e-15
4704.603773584906,2.364935715775726e-15
4704.754716981132,3.0532543174321016e-15
4704.905660377359,9.583745383081495e-16
4705.056603773585,4.221127466601741e-15
4705.207547169812,1.0724965220914444e-15
4705.358490566037,2.8552853576591357e-15
4705.509433962264,2.3834434539876095e-15
4705.66037735849,3.1723907815972944e-15
4705.811320754717,1.5334709196808078e-16
4705.962264150943,5.5984334776795805e-15
4706.11320754717,5.006412530487222e-17
4706.264150943396,2.6471592484299033e-15
4706.415094339623,3.306466184242017e-15
4706.566037735849,3.567905531362529e-15
4706.7169811320755,-3.412383095517456e-15
4706.867924528302,1.1922362875011067e-14
4707.018867924528,-6.156222628482153e-15
4707.169811320755,5.411386749540803e-15
4707.320754716981,5.37400499295904e-15
4707.471698113208,-2.1068789499871595e-15
4707.622641509434,3.1753297881392297e-15
4707.773584905661,6.895708300215838e-15
4707.924528301887,-3.861470444073895e-15
4708.075471698113,5.260017554147247e-15
4708.226415094339,5.632144681810469e-15
4708.377358490566,-5.222166405502569e-15
4708.528301886792,1.0194754582439574e-14
4708.679245283019,-1.928381363185134e-15
4708.830188679245,2.779320491202535e-15
4708.981132075472,3.2291307244334554e-15
4709.132075471698,4.381445153696897e-15
4709.2830188679245,-4.3404546646782904e-15
4709.433962264151,1.2053272014767764e-14
4709.584905660377,-5.5134030160508734e-15
4709.735849056604,4.754599872224543e-15
4709.88679245283,5.7396743760137624e-15
4710.037735849057,-2.8597319395041694e-15
4710.188679245283,5.1085060525060925e-15
4710.33962264151,3.9473294651053834e-15
4710.490566037736,-1.22944646822927e-15
4710.641509433963,4.713287844388129e-15
4710.792452830188,2.9236282978579027e-15
4710.943396226415,7.109819132906366e-18
4711.094339622641,6.007481299980211e-15
4711.245283018868,-3.906723306768941e-15
4711.396226415094,1.3251420126153147e-14
4711.547169811321,-1.1007495541779836e-14
4711.698113207547,1.2042334177652864e-14
4711.8490566037735,2.211750849690807e-15
4712.0,-5.47074295319379e-15
4712.1509433962265,9.792838114130626e-15
4712.301886792453,4.011514341365277e-15
4712.452830188679,-8.661494705407689e-15
4712.603773584906,1.5211381738775113e-14
4712.754716981132,-3.9139638011040135e-15
4712.905660377359,1.369656360238676e-15
4713.056603773585,4.178158537063996e-15
4713.207547169812,7.22614962844288e-15
4713.358490566037,-1.0224377118536237e-14
4713.509433962264,1.751780853352295e-14
4713.66037735849,-8.551737795787704e-15
4713.811320754717,7.009434375297679e-15
4713.962264150943,1.0835905009660172e-15
4714.11320754717,4.657562701830227e-15
4714.264150943396,-1.0286169126636388e-15
4714.415094339623,2.584402690123092e-15
4714.566037735849,1.0472584321711582e-14
4714.7169811320755,-1.4139225130440611e-14
4714.867924528302,2.1567010520522275e-14
4715.018867924528,-1.0899356202393515e-14
4715.169811320755,4.7253834614267556e-15
4715.320754716981,9.178271996682069e-15
4715.471698113208,-5.866780251053355e-15
4715.622641509434,4.7259209381522155e-15
4715.773584905661,8.082158456074655e-15
4715.924528301887,-7.288928153114062e-15
4716.075471698113,1.0442264127719375e-14
4716.226415094339,-8.91747048286158e-16
4716.377358490566,1.285863786453482e-15
4716.528301886792,6.49680461252615e-15
4716.679245283019,-3.5193681760871542e-15
4716.830188679245,8.947375379612177e-15
4716.981132075472,-2.59287185278401e-15
4717.132075471698,3.9055940158784744e-15
4717.2830188679245,4.283631973063519e-15
4717.433962264151,-2.789170544857364e-16
4717.584905660377,3.3009564766512253e-15
4717.735849056604,3.7303933676413545e-15
4717.88679245283,4.188406275505906e-16
4718.037735849057,3.784250372635218e-15
4718.188679245283,1.7221626095699985e-15
4718.33962264151,2.5514700963273125e-15
4718.490566037736,3.7806989875796835e-15
4718.641509433963,-1.8459122020863656e-15
4718.792452830188,9.59402060087887e-15
4718.943396226415,-5.684568174455375e-15
4719.094339622641,9.103854300718976e-15
4719.245283018868,-2.619064679341269e-15
4719.396226415094,8.003229314335706e-15
4719.547169811321,-5.9313000985153535e-15
4719.698113207547,1.300590006550005e-14
4719.8490566037735,-7.139972176502789e-15
4720.0,7.716266786810182e-15
4720.1509433962265,1.828409295459493e-15
4720.301886792453,6.207846417782312e-16
4720.452830188679,3.899610631237271e-15
4720.603773584906,2.1628634096074746e-15
4720.754716981132,2.243556946904455e-15
4720.905660377359,2.3228530955176325e-15
4721.056603773585,2.1417309265652385e-15
4721.207547169812,4.2004228148405326e-15
4721.358490566037,-4.3184744635435523e-16
4721.509433962264,3.809967727237457e-15
4721.66037735849,4.896473837442392e-15
4721.811320754717,-3.287202282248285e-15
4721.962264150943,7.381343039674565e-15
4722.11320754717,2.4291145877911734e-15
4722.264150943396,-3.351291889612042e-15
4722.415094339623,1.0669259874178727e-14
4722.566037735849,-4.0479830943271776e-15
4722.7169811320755,5.930583616083922e-15
4722.867924528302,-9.460301804801444e-16
4723.018867924528,9.305123842692424e-15
4723.169811320755,-8.34534783318809e-15
4723.320754716981,1.3278775363878915e-14
4723.471698113208,-3.7707896028110174e-15
4723.622641509434,2.427912807760427e-15
4723.773584905661,5.716743789905244e-15
4723.924528301887,4.697859365438116e-16
4724.075471698113,6.806035196177981e-16
4724.226415094339,6.213628668929238e-15
4724.377358490566,1.8270970844021843e-16
4724.528301886792,1.7684521115837883e-15
4724.679245283019,2.899348807803246e-15
4724.830188679245,7.224618414590986e-15
4724.981132075472,-9.537621478160776e-15
4725.132075471698,1.746671072566076e-14
4725.2830188679245,-8.261278063666472e-15
4725.433962264151,3.7848232395047784e-15
4725.584905660377,9.394171984216529e-15
4725.735849056604,-7.37666262182194e-15
4725.88679245283,9.752146478969963e-15
4726.037735849057,-7.025550338844016e-16
4726.188679245283,3.1750152290270408e-15
4726.33962264151,1.4127461397907208e-15
4726.490566037736,4.817048564953507e-15
4726.641509433963,-4.60106273470446e-16
4726.792452830188,4.3750225794745265e-15
4726.943396226415,1.9693506580830173e-15
4727.094339622641,2.178407439797894e-15
4727.245283018868,2.199255140802247e-15
4727.396226415094,3.6861432801963425e-15
4727.547169811321,7.068337198016338e-16
4727.698113207547,3.6068360716230205e-15
4727.8490566037735,2.358395329243783e-15
4728.0,1.880353325652481e-15
4728.1509433962265,2.5359251206213438e-15
4728.301886792453,3.5485811505319273e-15
4728.452830188679,4.3293143792920985e-16
4728.603773584906,4.066275711980997e-15
4728.754716981132,2.352622073406638e-15
4728.905660377359,1.1863091504589562e-15
4729.056603773585,3.0854429171615256e-15
4729.207547169812,4.656138131374343e-15
4729.358490566037,-2.9231867573029724e-15
4729.509433962264,8.570410241597603e-15
4729.66037735849,-1.5926231342908131e-15
4729.811320754717,3.852832634535922e-15
4729.962264150943,1.6952869006496401e-15
4730.11320754717,4.1441947846041014e-15
4730.264150943396,9.799440617541592e-16
4730.415094339623,5.248796498286322e-16
4730.566037735849,9.37697345558563e-15
4730.7169811320755,-7.288897114983698e-15
4730.867924528302,1.047052407975057e-14
4731.018867924528,-1.498998771864616e-15
4731.169811320755,4.994217951852648e-15
4731.320754716981,-4.3616198640778824e-15
4731.471698113208,1.6458323882025377e-14
4731.622641509434,-1.5187702110757582e-14
4731.773584905661,1.56789644523203e-14
4731.924528301887,-3.0982633969503664e-16
4732.075471698113,-4.315464901429193e-15
4732.226415094339,1.158223197227863e-14
4732.377358490566,-1.5072556570652453e-15
4732.528301886792,-1.046138852280606e-15
4732.679245283019,9.346470694382077e-15
4732.830188679245,-1.0615638022028398e-15
4732.981132075472,-1.867132851166449e-15
4733.132075471698,1.3844150571278138e-14
4733.2830188679245,-1.0945679595214585e-14
4733.433962264151,1.216897171080384e-14
4733.584905660377,-8.763804474582664e-16
4733.735849056604,7.142208821269686e-16
4733.88679245283,5.879248375952444e-15
4734.037735849057,-4.072881570259318e-17
4734.188679245283,3.585501703898785e-15
4734.33962264151,1.7757647794766876e-15
4734.490566037736,3.3499461275934534e-15
4734.641509433963,1.6619558137200074e-15
4734.792452830188,2.63416174844631e-15
4734.943396226415,2.6447040975511503e-15
4735.094339622641,2.8447414273871817e-15
4735.245283018868,1.2707807070554603e-15
4735.396226415094,3.1456826841893253e-15
4735.547169811321,4.228323265776704e-15
4735.698113207547,-2.321756126476699e-15
4735.8490566037735,8.350287131548888e-15
4736.0,-8.87095382761456e-16
4736.1509433962265,1.367877793533911e-16
4736.301886792453,1.1049963874083773e-14
4736.452830188679,-9.780734672582329e-15
4736.603773584906,1.3836230276744319e-14
4736.754716981132,-3.6488103086569716e-15
4736.905660377359,1.1937338909853074e-15
4737.056603773585,9.93040081036156e-15
4737.207547169812,-7.092114498851869e-15
4737.358490566037,9.344271178897364e-15
4737.509433962264,1.1094357742909431e-15
4737.66037735849,-1.1552514694011817e-15
4737.811320754717,8.180892464230686e-15
4737.962264150943,-2.3664623441859107e-15
4738.11320754717,5.385418581398117e-15
4738.264150943396,5.164571108246119e-16
4738.415094339623,5.1289819380139216e-15
4738.566037735849,-1.4032301936833271e-15
4738.7169811320755,6.249391892360817e-15
4738.867924528302,9.547630252382764e-16
4739.018867924528,1.00582353753805e-15
4739.169811320755,5.2314136215238076e-15
4739.320754716981,1.289342379557577e-15
4739.471698113208,6.706348614023007e-16
4739.622641509434,6.64342444815264e-15
4739.773584905661,-3.219899514283997e-15
4739.924528301887,1.06524239961634e-14
4740.075471698113,-9.574631729538062e-15
4740.226415094339,1.706197604125959e-14
4740.377358490566,-9.450136849663215e-15
4740.528301886792,6.6206747424654864e-15
4740.679245283019,6.090758962700442e-15
4740.830188679245,-2.4726190232834415e-15
4740.981132075472,8.238979813245598e-16
4741.132075471698,1.4227489632556612e-14
4741.2830188679245,-1.6152565088149966e-14
4741.433962264151,2.1563329201506272e-14
4741.584905660377,-1.2222807324592975e-14
4741.735849056604,1.2185094912216916e-14
4741.88679245283,-4.292454516453549e-15
4742.037735849057,8.479648828803808e-15
4742.188679245283,-3.235399671471317e-15
4742.33962264151,7.505168774374549e-15
4742.490566037736,-1.5000162810993922e-15
4742.641509433963,5.619845310947306e-15
4742.792452830188,5.312243083388897e-16
4742.943396226415,2.3273582966853015e-15
4743.094339622641,5.484185659894152e-15
4743.245283018868,-2.559732659749138e-15
4743.396226415094,8.02655059451604e-15
4743.547169811321,-2.4113525949040465e-15
4743.698113207547,6.740922051377178e-15
4743.8490566037735,-1.1712385019012914e-15
4744.0,5.4640024632216235e-15
4744.1509433962265,1.0614130639394702e-16
4744.301886792453,5.458745496847309e-15
4744.452830188679,-2.4350468059559655e-15
4744.603773584906,9.955732059438381e-15
4744.754716981132,-6.473510402639711e-15
4744.905660377359,1.1374665241024327e-14
4745.056603773585,-5.012200374372583e-15
4745.207547169812,8.406752443992972e-15
4745.358490566037,-2.0467421290421972e-15
4745.509433962264,6.236723594555189e-15
4745.66037735849,-9.761992502857196e-16
4745.811320754717,6.498162502422168e-15
4745.962264150943,-2.2350779500756167e-15
4746.11320754717,7.149781950907352e-15
4746.264150943396,-1.5383379724755126e-16
4746.415094339623,2.116507869719348e-15
4746.566037735849,4.9339737279031005e-15
4746.7169811320755,8.804608986062532e-16
4746.867924528302,1.115160550705619e-15
4747.018867924528,7.283349410681785e-15
4747.169811320755,-4.616962440534369e-15
4747.320754716981,1.1400247994834787e-14
4747.471698113208,-7.925291817658127e-15
4747.622641509434,1.3739360764389683e-14
4747.773584905661,-7.352909203077824e-15
4747.924528301887,8.907331454638399e-15
4748.075471698113,2.24274138251527e-16
4748.226415094339,2.2108135686107713e-15
4748.377358490566,3.3123178064121448e-15
4748.528301886792,2.708239028030027e-15
4748.679245283019,1.1669295281994452e-15
4748.830188679245,4.819941539720769e-15
4748.981132075472,-4.3444166938172643e-16
4749.132075471698,5.899521699867546e-15
4749.2830188679245,-4.774593902133846e-16
4749.433962264151,4.4645389612273595e-15
4749.584905660377,1.3133762002720905e-15
4749.735849056604,5.041419670373235e-15
4749.88679245283,-3.3356318422215102e-15
4750.037735849057,1.1836886349732042e-14
4750.188679245283,-7.309669593733764e-15
4750.33962264151,8.87869333301043e-15
4750.490566037736,2.1901826411664807e-15
4750.641509433963,-1.8653441855175063e-15
4750.792452830188,7.180586045130023e-15
4750.943396226415,2.680967285467139e-15
4751.094339622641,-3.776785767744084e-15
4751.245283018868,1.1331888247411102e-14
4751.396226415094,-2.4205551946219294e-15
4751.547169811321,7.633452762495962e-17
4751.698113207547,1.0374494361122891e-14
4751.8490566037735,-4.163630683591964e-15
4752.0,2.2401984578136356e-15
4752.1509433962265,1.1072648856609671e-14
4752.301886792453,-1.0088773636004629e-14
4752.452830188679,1.3585794591927902e-14
4752.603773584906,-3.6008541007878056e-15
4752.754716981132,4.776671403841853e-15
4752.905660377359,8.449909361334888e-16
4753.056603773585,7.0474313631442836e-15
4753.207547169812,-5.711207968985425e-15
4753.358490566037,1.2593379898445689e-14
4753.509433962264,-4.4283341035224895e-15
4753.66037735849,1.349260482872466e-15
4753.811320754717,1.373500107723479e-14
4753.962264150943,-1.421139733178351e-14
4754.11320754717,1.6674937801120698e-14
4754.264150943396,-2.527694628492355e-15
4754.415094339623,-1.021345948006729e-15
4754.566037735849,9.150007187009756e-15
4754.7169811320755,-1.3106309725607577e-15
4754.867924528302,2.459203262005065e-15
4755.018867924528,4.205456354001817e-15
4755.169811320755,1.953827181949874e-15
4755.320754716981,2.88039780129845e-15
4755.471698113208,-8.687268158963327e-16
4755.622641509434,1.2160374651110281e-14
4755.773584905661,-1.2151451934844439e-14
4755.924528301887,1.70859985566089e-14
4756.075471698113,-5.051461511327554e-15
4756.226415094339,2.998991560982183e-16
4756.377358490566,1.183778462504572e-14
4756.528301886792,-6.4801275505036e-15
4756.679245283019,5.096481502829815e-15
4756.830188679245,8.20130424145572e-15
4756.981132075472,-7.350085277217462e-15
4757.132075471698,1.1080514858122035e-14
4757.2830188679245,-1.0969225944010678e-15
4757.433962264151,3.1497661684674805e-15
4757.584905660377,-1.529725536530424e-16
4757.735849056604,1.2283398184040769e-14
4757.88679245283,-1.3577753027836009e-14
4758.037735849057,1.8531787859378962e-14
4758.188679245283,-4.0343638066582405e-15
4758.33962264151,-4.26698665139489e-15
4758.490566037736,1.7942512997779056e-14
4758.641509433963,-9.770393395872212e-15
4758.792452830188,3.178884293829118e-15
4758.943396226415,1.2714223436079523e-14
4759.094339622641,-8.203715415571446e-15
4759.245283018868,4.487855914575391e-15
4759.396226415094,1.0415184402342077e-14
4759.547169811321,-6.706754204103332e-15
4759.698113207547,4.594206166873162e-15
4759.8490566037735,9.80559564253807e-15
4760.0,-8.405577907430106e-15
4760.1509433962265,1.1192221409710712e-14
4760.301886792453,-1.4770726677998802e-15
4760.452830188679,4.240196548180359e-15
4760.603773584906,1.2987013228992042e-15
4760.754716981132,3.5024589291638555e-15
4760.905660377359,3.892994438468492e-15
4761.056603773585,-1.600057311663787e-15
4761.207547169812,8.547434381160334e-15
4761.358490566037,-2.5475257115191183e-15
4761.509433962264,5.396906327436678e-15
4761.66037735849,2.052545945561521e-15
4761.811320754717,2.7185062530264573e-15
4761.962264150943,1.4166515997578039e-15
4762.11320754717,5.228375615273177e-15
4762.264150943396,-5.160351871706042e-17
4762.415094339623,3.831007908390054e-15
4762.566037735849,3.2979764750934657e-15
4762.7169811320755,1.6209974372815147e-15
4762.867924528302,1.8413625227573343e-15
4763.018867924528,5.9155031075696065e-15
4763.169811320755,-8.423688114083156e-16
4763.320754716981,2.730890444181006e-15
4763.471698113208,7.19479549894547e-15
4763.622641509434,-3.2030481167852804e-15
4763.773584905661,4.262063693814039e-15
4763.924528301887,8.090349908685341e-15
4764.075471698113,-7.30597061910766e-15
4764.226415094339,1.158046247935867e-14
4764.377358490566,-1.3216811338587376e-15
4764.528301886792,1.8822190716384426e-15
4764.679245283019,5.242990132383358e-15
4764.830188679245,1.0361197564790154e-15
4764.981132075472,2.15228912454001e-15
4765.132075471698,5.300940272071011e-15
4765.2830188679245,-1.6911608021861404e-15
4765.433962264151,8.026382827847427e-15
4765.584905660377,-2.5840333569886885e-15
4765.735849056604,6.413954290064852e-15
4765.88679245283,1.7877370478439444e-15
4766.037735849057,-2.3607669349084754e-16
4766.188679245283,8.925310954148206e-15
4766.33962264151,-4.092190658679502e-15
4766.490566037736,5.35288997657923e-15
4766.641509433963,7.057892228112799e-15
4766.792452830188,-6.353971259281354e-15
4766.943396226415,8.827873457043179e-15
4767.094339622641,6.2963992800529e-15
4767.245283018868,-1.0306738658495429e-14
4767.396226415094,1.6564295647730247e-14
4767.547169811321,-2.3166723392432574e-15
4767.698113207547,-3.786511266040953e-15
4767.8490566037735,1.3603331911014205e-14
4768.0,-1.784299952496202e-15
4768.1509433962265,-5.3011528087758915e-15
4768.301886792453,1.9677115345866806e-14
4768.452830188679,-1.3139347438063006e-14
4768.603773584906,8.119316590934069e-15
4768.754716981132,9.572603109952715e-15
4768.905660377359,-1.0742944576614766e-14
4769.056603773585,1.4885176837469127e-14
4769.207547169812,-4.450884292748992e-15
4769.358490566037,6.242391981817996e-15
4769.509433962264,-2.493555593922434e-16
4769.66037735849,5.748465950938584e-15
4769.811320754717,1.4423106736095895e-15
4769.962264150943,4.222778108960451e-16
4770.11320754717,7.990230385767673e-15
4770.264150943396,-3.2699735082618735e-15
4770.415094339623,7.433967417892912e-15
4770.566037735849,-4.822737043502298e-16
4770.7169811320755,5.1153225723986065e-15
4770.867924528302,6.801247194768731e-16
4771.018867924528,4.1879772659223066e-15
4771.169811320755,1.4765524726001838e-15
4771.320754716981,5.2151773935752945e-15
4771.471698113208,-2.5591839593538937e-15
4771.622641509434,1.0350811863324735e-14
4771.773584905661,-4.500382062802832e-15
4771.924528301887,6.3485298514082475e-15
4772.075471698113,3.798273728164109e-15
4772.226415094339,-1.3826424892303734e-15
4772.377358490566,6.952489660210114e-15
4772.528301886792,3.092010309942854e-16
4772.679245283019,3.414270176888237e-15
4772.830188679245,2.4001686493740743e-15
4772.981132075472,3.817956844845219e-15
4773.132075471698,1.0625453857683049e-15
4773.2830188679245,3.818345139513843e-15
4773.433962264151,3.0038381420485087e-15
4773.584905660377,1.9944101290027465e-15
4773.735849056604,1.826981615909959e-15
4773.88679245283,6.632898850084722e-15
4774.037735849057,-3.0364078758106654e-15
4774.188679245283,7.56169732928495e-15
4774.33962264151,1.0518354133195434e-15
4774.490566037736,1.2280588996368424e-15
4774.641509433963,6.484880462748311e-15
4774.792452830188,-2.87939122210161e-15
4774.943396226415,1.0497542368366522e-14
4775.094339622641,-6.232224233107198e-15
4775.245283018868,1.0198544676485729e-14
4775.396226415094,-2.2429553293529205e-16
4775.547169811321,7.923915306860977e-16
4775.698113207547,6.9815072329483596e-15
4775.8490566037735,-2.366027495830265e-16
4776.0,3.4807808372822097e-15
4776.1509433962265,2.0182619517602984e-15
4776.301886792453,6.5462344478147944e-15
4776.452830188679,-4.3291687600186356e-15
4776.603773584906,9.819284794421193e-15
4776.754716981132,2.2731278739894858e-17
4776.905660377359,-4.1901353584393926e-16
4777.056603773585,9.567944308527342e-15
4777.207547169812,-3.4031272980645927e-15
4777.358490566037,5.6180132651608765e-15
4777.509433962264,2.276436440636901e-15
4777.66037735849,4.495008273925291e-15
4777.811320754717,-2.9227397454437144e-15
4777.962264150943,1.1639999079430662e-14
4778.11320754717,-5.385161707905285e-15
4778.264150943396,6.535695016891735e-15
4778.415094339623,4.1142092204066085e-15
4778.566037735849,-1.2730381367903853e-15
4778.7169811320755,6.4999392972696915e-15
4778.867924528302,8.684942640959225e-16
4779.018867924528,3.3643013554152308e-15
4779.169811320755,2.4888867386866305e-15
4779.320754716981,3.167917511071659e-15
4779.471698113208,2.687200919821222e-15
4779.622641509434,2.474082879331791e-15
4779.773584905661,2.9055599726810414e-15
4779.924528301887,3.577405276764849e-15
4780.075471698113,1.6630123825921355e-15
4780.226415094339,2.407650612650916e-15
4780.377358490566,6.161907314308897e-15
4780.528301886792,-2.7228471186098123e-15
4780.679245283019,7.64977922314299e-15
4780.830188679245,1.2346936701272073e-15
4780.981132075472,5.095924765392937e-16
4781.132075471698,7.938174348545267e-15
4781.2830188679245,-4.028479505112959e-15
4781.433962264151,1.063276565550852e-14
4781.584905660377,-5.184122957109619e-15
4781.735849056604,9.909565901165562e-15
4781.88679245283,-2.634185454732877e-15
4782.037735849057,6.4528794997228386e-15
4782.188679245283,7.983258425330398e-16
4782.33962264151,3.655298964145722e-15
4782.490566037736,2.3956773057736955e-15
4782.641509433963,3.422523451126468e-15
4782.792452830188,2.4245725325043062e-15
4782.943396226415,1.7408206426215424e-15
4783.094339622641,6.255931928282464e-15
4783.245283018868,-2.520580070550482e-15
4783.396226415094,9.175423321009274e-15
4783.547169811321,-4.563811833803936e-15
4783.698113207547,1.2167016021728431e-14
4783.8490566037735,-8.426806642572514e-15
4784.0,1.3730692527937795e-14
4784.1509433962265,-4.168162815901899e-15
4784.301886792453,3.9550779068424146e-15
4784.452830188679,5.879527564469526e-15
4784.603773584906,3.144166149653971e-16
4784.754716981132,6.069849892887032e-16
4784.905660377359,1.0327491944447141e-14
4785.056603773585,-6.21250383154253e-15
4785.207547169812,8.290829214532505e-15
4785.358490566037,4.058609697667932e-15
4785.509433962264,-3.848667674086585e-15
4785.66037735849,1.0140392847937531e-14
4785.811320754717,5.172429581715481e-16
4785.962264150943,-1.945361973964706e-15
4786.11320754717,1.1318290045457123e-14
4786.264150943396,-2.296670850597808e-15
4786.415094339623,-3.360905978299581e-16
4786.566037735849,1.3252682452507948e-14
4786.7169811320755,-8.494244265546438e-15
4786.867924528302,9.141075733227228e-15
4787.018867924528,2.9315945883658063e-15
4787.169811320755,-3.2818611434863407e-16
4787.320754716981,5.4657879938121415e-15
4787.471698113208,1.6307335325043326e-15
4787.622641509434,4.381644983642453e-15
4787.773584905661,3.34569200167158e-16
4787.924528301887,4.355220032768025e-15
4788.075471698113,5.176378690155619e-15
4788.226415094339,-2.7302225942115824e-15
4788.377358490566,7.169325870354928e-15
4788.528301886792,4.883246145212783e-15
4788.679245283019,-6.332919497614582e-15
4788.830188679245,1.5512259787053936e-14
4788.981132075472,-8.101798771338955e-15
4789.132075471698,9.373641063880758e-15
4789.2830188679245,5.169547440374757e-16
4789.433962264151,3.52684318973761e-15
4789.584905660377,1.3777874278478353e-15
4789.735849056604,6.275621907516736e-15
4789.88679245283,-9.393428372104185e-16
4790.037735849057,4.209851347648137e-15
4790.188679245283,5.9817418616218685e-15
4790.33962264151,-3.4593517575747952e-15
4790.490566037736,9.06424157166814e-15
4790.641509433963,-6.021171596199693e-16
4790.792452830188,4.883133752784768e-15
4790.943396226415,-1.273127389290562e-15
4791.094339622641,1.1103961930749984e-14
4791.245283018868,-6.353654954876203e-15
4791.396226415094,7.575428936148631e-15
4791.547169811321,5.649511404444927e-15
4791.698113207547,-4.258746229014464e-15
4791.8490566037735,8.270555014111643e-15
4792.0,3.268034190627457e-15
4792.1509433962265,-1.8481737416221378e-15
4792.301886792453,7.750893893712403e-15
4792.452830188679,4.942643017273028e-16
4792.603773584906,4.5447937140356155e-15
4792.754716981132,-1.347613109179065e-15
4792.905660377359,1.0830923308243009e-14
4793.056603773585,-5.687969470149864e-15
4793.207547169812,7.813180844620796e-15
4793.358490566037,3.755622836404401e-15
4793.509433962264,-1.7704785287184128e-15
4793.66037735849,7.633781603865269e-15
4793.811320754717,8.7053495325741855e-16
4793.962264150943,2.462122074457668e-15
4794.11320754717,3.888116107758924e-15
4794.264150943396,3.2046997099568377e-15
4794.415094339623,1.487177132816562e-15
4794.566037735849,4.035233944494711e-15
4794.7169811320755,3.4924088672406522e-15
4794.867924528302,1.0304150144752868e-15
4795.018867924528,4.413480597143142e-15
4795.169811320755,3.355875167473171e-15
4795.320754716981,1.378888216015214e-15
4795.471698113208,2.8807218270565703e-15
4795.622641509434,6.870107871584284e-15
4795.773584905661,-4.03278791174071e-15
4795.924528301887,9.375454644339157e-15
4796.075471698113,5.0647268840076845e-16
4796.226415094339,7.564522912398774e-16
4796.377358490566,7.897152840482999e-15
4796.528301886792,-2.5926748252782446e-15
4796.679245283019,8.296183962908963e-15
4796.830188679245,-2.4436985316287817e-15
4796.981132075472,8.486669407456167e-15
4797.132075471698,-1.6401447302557799e-15
4797.2830188679245,4.35430694574354e-15
4797.433962264151,7.118402733480654e-15
4797.584905660377,-6.9872845260973404e-15
4797.735849056604,1.5305577505964354e-14
4797.88679245283,-5.944047599604446e-15
4798.037735849057,4.348452466514242e-15
4798.188679245283,7.647201772397842e-15
4798.33962264151,-1.3317636705558098e-15
4798.490566037736,1.0890360777692542e-15
4798.641509433963,1.041500732424064e-14
4798.792452830188,-2.9514834218420523e-15
4798.943396226415,4.422738693694677e-16
4799.094339622641,1.3774955402708336e-14
4799.245283018868,-8.456905496725948e-15
4799.396226415094,6.8944316328131474e-15
4799.547169811321,8.262348448942138e-15
4799.698113207547,-6.280181892944448e-15
4799.8490566037735,9.790762410381192e-15
4800.0,9.606206282751141e-16
4800.1509433962265,2.3944082549002108e-15
4800.301886792453,3.2907600974127045e-15
4800.452830188679,3.127719737398347e-15
4800.603773584906,5.167210913087126e-15
4800.754716981132,-4.256715631684999e-15
4800.905660377359,1.511403433828071e-14
4801.056603773585,-1.0125648856101872e-14
4801.207547169812,1.1531379736570812e-14
4801.358490566037,3.0944605543541597e-15
4801.509433962264,-5.427227172868666e-15
4801.66037735849,1.4733215617275693e-14
4801.811320754717,-5.015959596614168e-15
4801.962264150943,2.979605994114928e-15
4802.11320754717,9.451866141055263e-15
4802.264150943396,-3.452861771064504e-15
4802.415094339623,3.706134964490087e-15
4802.566037735849,7.995832328218989e-15
4802.7169811320755,-1.5305403702338745e-15
4802.867924528302,2.9166409129162937e-16
4803.018867924528,1.45581172491039e-14
4803.169811320755,-1.2219896142883143e-14
4803.320754716981,1.4074741051530725e-14
4803.471698113208,1.0753274657657091e-15
4803.622641509434,-3.0357647703941813e-15
4803.773584905661,1.1385748379114626e-14
4803.924528301887,-1.809377787543284e-15
4804.075471698113,2.1858892478811013e-15
4804.226415094339,7.75143003730558e-15
4804.377358490566,-2.876893534408804e-15
4804.528301886792,9.358408523460122e-15
4804.679245283019,-4.731571160389888e-15
4804.830188679245,1.2580134070064593e-14
4804.981132075472,-6.4197850178798506e-15
4805.132075471698,9.408556430183274e-15
4805.2830188679245,1.4046741916039203e-15
4805.433962264151,8.835349432797229e-16
4805.584905660377,6.279227706439637e-15
4805.735849056604,1.2815543165333597e-15
4805.88679245283,2.279359151480635e-15
4806.037735849057,5.6601572197806736e-15
4806.188679245283,2.8545815037122305e-16
4806.33962264151,4.314571322921183e-15
4806.490566037736,3.717754228934145e-15
4806.641509433963,1.803280941250501e-15
4806.792452830188,2.4085546616501763e-15
4806.943396226415,7.032960283636193e-15
4807.094339622641,-2.5098639443372505e-15
4807.245283018868,5.6808665381919515e-15
4807.396226415094,6.780219884089684e-15
4807.547169811321,-4.940842892522032e-15
4807.698113207547,7.919150647098447e-15
4807.8490566037735,8.195054752416184e-15
4808.0,-1.1531876131943585e-14
4808.1509433962265,1.8516041644328305e-14
4808.301886792453,-3.533177576533182e-15
4808.452830188679,-1.4076008420677881e-15
4808.603773584906,1.1207204923486182e-14
4808.754716981132,2.1275632156079408e-15
4808.905660377359,-8.503695819193466e-15
4809.056603773585,2.289414639888337e-14
4809.207547169812,-1.4995126691375128e-14
4809.358490566037,1.1824587942123582e-14
4809.509433962264,3.3921322364868495e-15
4809.66037735849,4.447258579715844e-16
4809.811320754717,1.1786164966410333e-15
4809.962264150943,1.0864313354562974e-14
4810.11320754717,-5.974388674926089e-15
4810.264150943396,7.317429616726432e-15
4810.415094339623,6.3168431441538754e-15
4810.566037735849,-5.322331788452777e-15
4810.7169811320755,1.2036956823325207e-14
4810.867924528302,-3.0405771001176183e-15
4811.018867924528,6.0853711098505285e-15
4811.169811320755,1.4987720761826318e-15
4811.320754716981,5.030510663983795e-15
4811.471698113208,4.1823684303977546e-16
4811.622641509434,5.736960569087605e-15
4811.773584905661,1.5125489544946424e-15
4811.924528301887,3.3071830268994063e-15
4812.075471698113,3.648966317501677e-15
4812.226415094339,3.0206739587065824e-15
4812.377358490566,1.892439007445596e-15
4812.528301886792,5.072978656232726e-15
4812.679245283019,2.3464554053596215e-15
4812.830188679245,7.211932884173711e-16
4812.981132075472,8.782508606949881e-15
4813.132075471698,-3.4331653556299376e-15
4813.2830188679245,6.630901406180819e-15
4813.433962264151,5.782070805593517e-15
4813.584905660377,-5.927211743780347e-15
4813.735849056604,1.5192868379167942e-14
4813.88679245283,-6.785956002336533e-15
4814.037735849057,6.9622316132692794e-15
4814.188679245283,5.5673507069672936e-15
4814.33962264151,-2.2683273112449787e-15
4814.490566037736,7.261321643153081e-15
4814.641509433963,2.0610679795990707e-15
4814.792452830188,2.960770229803659e-15
4814.943396226415,9.01993483502456e-16
4815.094339622641,9.825899645559865e-15
4815.245283018868,-6.229006891128421e-15
4815.396226415094,9.969746973581233e-15
4815.547169811321,4.195280116706016e-15
4815.698113207547,-7.042888327620222e-15
4815.8490566037735,1.7281679723844423e-14
4816.0,-5.9607406260022965e-15
4816.1509433962265,9.645984583511435e-16
4816.301886792453,1.4565520737919625e-14
4816.452830188679,-8.292724217574338e-15
4816.603773584906,5.786275034247643e-15
4816.754716981132,1.0202556909017078e-14
4816.905660377359,-6.217662485139962e-15
4817.056603773585,6.077025536622656e-15
4817.207547169812,9.57466041436608e-15
4817.358490566037,-8.576826614590008e-15
4817.509433962264,1.3718706256944344e-14
4817.66037735849,-2.1689339170870136e-15
4817.811320754717,3.2157066338349283e-15
4817.962264150943,5.373361802222723e-15
4818.11320754717,2.5598716681330786e-15
4818.264150943396,7.040415616117913e-17
4818.415094339623,7.975013150223047e-15
4818.566037735849,2.051961459937872e-15
4818.7169811320755,-3.954489281163983e-15
4818.867924528302,1.7352927782161406e-14
4819.018867924528,-1.0916791180364046e-14
4819.169811320755,9.29907498950108e-15
4819.320754716981,7.227966828054804e-15
4819.471698113208,-5.8741700778802524e-15
4819.622641509434,8.568462712947791e-15
4819.773584905661,7.129442803864912e-15
4819.924528301887,-8.862138582929993e-15
4820.075471698113,1.643049824667186e-14
4820.226415094339,-4.307218963553049e-15
4820.377358490566,2.868961763874175e-15
4820.528301886792,7.866221882357939e-15
4820.679245283019,-6.7643848804767465e-16
4820.830188679245,3.0444195204265544e-15
4820.981132075472,7.813870341532775e-15
4821.132075471698,-5.122377661029291e-15
4821.2830188679245,1.3820771015931669e-14
4821.433962264151,-7.503004704758548e-15
4821.584905660377,1.1330271393380256e-14
4821.735849056604,-1.4104658204640835e-15
4821.88679245283,6.326222104736293e-15
4822.037735849057,-2.073256083088807e-15
4822.188679245283,1.2164210218609367e-14
4822.33962264151,-6.726364492318665e-15
4822.490566037736,8.726588967026414e-15
4822.641509433963,5.498487371245217e-15
4822.792452830188,-4.912418541981452e-15
4822.943396226415,1.0774488128129851e-14
4823.094339622641,1.7853181364491177e-15
4823.245283018868,-1.6187726786133651e-15
4823.396226415094,8.881397683695056e-15
4823.547169811321,2.6656917713080215e-15
4823.698113207547,-2.4816057154757262e-15
4823.8490566037735,1.0497902180609452e-14
4824.0,2.9647631055692605e-16
4824.1509433962265,-2.1971395978342248e-18
4824.301886792453,8.627220707261473e-15
4824.452830188679,1.6788747769937323e-15
4824.603773584906,-2.0260044656337947e-15
4824.754716981132,1.2560653151535562e-14
4824.905660377359,-4.262064097951699e-15
4825.056603773585,4.6483322114247845e-15
4825.207547169812,6.981729000374911e-15
4825.358490566037,-8.095805575659015e-16
4825.509433962264,2.8007519731595698e-15
4825.66037735849,9.215164612397355e-15
4825.811320754717,-5.701440561846187e-15
4825.962264150943,1.1486167070806458e-14
4826.11320754717,-2.439022829600955e-15
4826.264150943396,6.796918259750221e-15
4826.415094339623,1.653738215356985e-16
4826.566037735849,6.979904879886739e-15
4826.7169811320755,-1.235645351288404e-15
4826.867924528302,7.75555852798056e-15
4827.018867924528,-6.173004608607919e-16
4827.169811320755,6.206738464804682e-15
4827.320754716981,8.403422706724796e-16
4827.471698113208,5.794853031424973e-15
4827.622641509434,-1.5306370581633746e-16
4827.773584905661,7.643271509273119e-15
4827.924528301887,-1.3738942340700217e-15
4828.075471698113,6.735491308876057e-15
4828.226415094339,1.6046313089912575e-15
4828.377358490566,4.313891345044929e-15
4828.528301886792,-8.422326689685233e-17
4828.679245283019,1.0874475650410268e-14
4828.830188679245,-7.323970257054283e-15
4828.981132075472,1.2447591027348417e-14
4829.132075471698,-6.252550404783808e-16
4829.2830188679245,1.949130479534746e-15
4829.433962264151,5.602873018671835e-15
4829.584905660377,4.268406782653549e-15
4829.735849056604,-1.7600426944545926e-15
4829.88679245283,9.06801314207582e-15
4830.037735849057,4.696918834475657e-16
4830.188679245283,1.8449683914897074e-15
4830.33962264151,7.60419488956299e-15
4830.490566037736,-2.3299139916888476e-15
4830.641509433963,9.45869059097759e-15
4830.792452830188,-3.1971557685306788e-15
4830.943396226415,9.047324320601431e-15
4831.094339622641,-2.154108083386187e-16
4831.245283018868,3.2331242490247648e-15
4831.396226415094,6.967609817718886e-15
4831.547169811321,-2.7576489271885517e-15
4831.698113207547,9.04461910465238e-15
4831.8490566037735,7.915773620578439e-16
4832.0,1.0198523893128394e-15
4832.1509433962265,8.637888003197009e-15
4832.301886792453,-9.511375062409902e-16
4832.452830188679,2.5599204998966603e-15
4832.603773584906,9.501342661233864e-15
4832.754716981132,-5.3246877713739265e-15
4832.905660377359,1.0367915585845772e-14
4833.056603773585,-9.720105631149172e-16
4833.207547169812,7.0406848966778446e-15
4833.358490566037,-3.307037684516203e-15
4833.509433962264,1.3646872944035697e-14
4833.66037735849,-8.048173803853491e-15
4833.811320754717,1.1252666160293932e-14
4833.962264150943,1.4150226909717421e-15
4834.11320754717,9.439672609299173e-17
4834.264150943396,7.393796133831057e-15
4834.415094339623,3.123967142699261e-15
4834.566037735849,-2.6305766901789255e-15
4834.7169811320755,1.3244846951920752e-14
4834.867924528302,-5.565010836818314e-15
4835.018867924528,6.642539413149075e-15
4835.169811320755,6.071334205553332e-15
4835.320754716981,-1.800028068409764e-15
4835.471698113208,5.621050127335161e-15
4835.622641509434,6.234701275829586e-15
4835.773584905661,-2.836924455115389e-15
4835.924528301887,8.321939484080112e-15
4836.075471698113,2.283918431335256e-15
4836.226415094339,8.527599122412979e-16
4836.377358490566,7.219533668937048e-15
4836.528301886792,-1.1974059593652557e-15
4836.679245283019,9.277357602231574e-15
4836.830188679245,-4.48728908721025e-15
4836.981132075472,1.1117812735753104e-14
4837.132075471698,-1.0823508762372167e-15
4837.2830188679245,2.071635359678005e-15
4837.433962264151,9.240734708963079e-15
4837.584905660377,-3.2423324023735743e-15
4837.735849056604,6.176958784177407e-15
4837.88679245283,5.659645466771575e-15
4838.037735849057,-1.627345075050288e-15
4838.188679245283,6.500935529445109e-15
4838.33962264151,4.561530559640308e-15
4838.490566037736,-1.5190121765527064e-15
4838.641509433963,9.473123492493356e-15
4838.792452830188,-3.1309866407901273e-15
4838.943396226415,1.1145662459176145e-14
4839.094339622641,-6.7001478937175246e-15
4839.245283018868,1.4038207091070636e-14
4839.396226415094,-4.16703060796322e-15
4839.547169811321,4.2776099127238725e-15
4839.698113207547,8.80237262837791e-15
4839.8490566037735,-4.410429890775414e-15
4840.0,8.22084963419679e-15
4840.1509433962265,3.852399227853598e-15
4840.301886792453,-1.3757830246223842e-15
4840.452830188679,9.849305377051335e-15
4840.603773584906,-4.1532649229953244e-15
4840.754716981132,1.2757066571865883e-14
4840.905660377359,-8.071659218571318e-15
4841.056603773585,1.435703677583956e-14
4841.207547169812,-3.788530916750657e-15
4841.358490566037,5.488283758422139e-15
4841.509433962264,3.568486017017153e-15
4841.66037735849,5.096310629822064e-15
4841.811320754717,-2.6956175418871606e-15
4841.962264150943,1.2385563274259969e-14
4842.11320754717,-4.8842134082094584e-15
4842.264150943396,7.20535291555849e-15
4842.415094339623,5.2234003952156166e-15
4842.566037735849,-2.0776766478588277e-15
4842.7169811320755,6.974325970178302e-15
4842.867924528302,7.740231366015459e-15
4843.018867924528,-1.1351340705396929e-14
4843.169811320755,2.3554027303734286e-14
4843.320754716981,-1.2218035223387658e-14
4843.471698113208,6.135193253999665e-15
4843.622641509434,1.3480886869116251e-14
4843.773584905661,-1.1979348487865272e-14
4843.924528301887,1.5186945545777637e-14
4844.075471698113,-1.3476351360019981e-15
4844.226415094339,3.0983817190100385e-15
4844.377358490566,5.376435878125302e-15
4844.528301886792,2.9739472073946744e-16
4844.679245283019,8.627582331448058e-15
4844.830188679245,-3.60577187550911e-15
4844.981132075472,9.188350982121583e-15
4845.132075471698,1.1033154321404433e-15
4845.2830188679245,3.245746297712767e-15
4845.433962264151,2.3610754840432353e-15
4845.584905660377,7.383094013629868e-15
4845.735849056604,-1.314211963060897e-15
4845.88679245283,4.687621850951675e-15
4846.037735849057,6.649908018546824e-15
4846.188679245283,-9.63365939850712e-16
4846.33962264151,3.957308458370403e-15
4846.490566037736,7.809435360563145e-15
4846.641509433963,-2.1931535860572214e-15
4846.792452830188,4.946450924101688e-15
4846.943396226415,7.21934917789677e-15
4847.094339622641,-2.0863033181071194e-15
4847.245283018868,5.4332207271986755e-15
4847.396226415094,6.303065099692069e-15
4847.547169811321,-1.2690175927152777e-15
4847.698113207547,5.172755254149111e-15
4847.8490566037735,6.446113476326383e-15
4848.0,-2.7075572934155735e-15
4848.1509433962265,9.349845714170844e-15
4848.301886792453,-5.62648064234171e-16
4848.452830188679,5.449220909676551e-15
4848.603773584906,2.5805931083473512e-15
4848.754716981132,2.9001330812760802e-15
4848.905660377359,6.098924624270138e-15
4849.056603773585,-1.8171138962925085e-15
4849.207547169812,9.287102485924383e-15
4849.358490566037,7.48811908721727e-16
4849.509433962264,-5.094098466982405e-16
4849.66037735849,1.3595764993173975e-14
4849.811320754717,-8.846228465722041e-15
4849.962264150943,1.2747664048549302e-14
4850.11320754717,-9.855309719855123e-16
4850.264150943396,4.350678928990009e-15
4850.415094339623,3.599111741537601e-15
4850.566037735849,2.5879009539595606e-15
4850.7169811320755,5.847348729846274e-15
4850.867924528302,-7.395534617312802e-16
4851.018867924528,7.272257744093081e-15
4851.169811320755,2.5217659252111914e-15
4851.320754716981,3.182314582038659e-16
4851.471698113208,9.168981548621285e-15
4851.622641509434,-2.767809434372747e-15
4851.773584905661,8.700271473670119e-15
4851.924528301887,-9.368766288677852e-16
4852.075471698113,7.124395839898322e-15
4852.226415094339,5.970987055498582e-16
4852.377358490566,5.086915137213505e-15
4852.528301886792,1.9744871603572976e-15
4852.679245283019,6.788096999789283e-15
4852.830188679245,-3.321802818050686e-15
4852.981132075472,1.2350641910424826e-14
4853.132075471698,-4.271363981777326e-15
4853.2830188679245,6.9864262765198905e-15
4853.433962264151,4.035209262626857e-15
4853.584905660377,1.008487705299416e-15
4853.735849056604,5.427379111781862e-15
4853.88679245283,2.1791113552342437e-15
4854.037735849057,4.5837055240776635e-15
4854.188679245283,2.7264724892080147e-15
4854.33962264151,1.8247109796127394e-15
4854.490566037736,8.808747318537451e-15
4854.641509433963,-4.40909010592662e-15
4854.792452830188,9.165660055682333e-15
4854.943396226415,4.9807776299558586e-15
4855.094339622641,-6.863257374129193e-15
4855.245283018868,1.770080584499741e-14
4855.396226415094,-6.200462849413988e-15
4855.547169811321,2.3817559097894134e-15
4855.698113207547,1.3567517220406727e-14
4855.8490566037735,-7.614500806766548e-15
4856.0,7.52634811697094e-15
4856.1509433962265,7.28310699689141e-15
4856.301886792453,-2.212808211096338e-15
4856.452830188679,4.091019601039541e-15
4856.603773584906,8.37525450552598e-15
4856.754716981132,-9.811958143941592e-16
4856.905660377359,7.393274677715331e-16
4857.056603773585,1.4053431883119853e-14
4857.207547169812,-9.908523372133655e-15
4857.358490566037,1.3648494849045407e-14
4857.509433962264,-1.761442611718847e-15
4857.66037735849,5.7901450267781885e-15
4857.811320754717,1.2588874002478764e-15
4857.962264150943,5.8482651032750026e-15
4858.11320754717,2.682965535071418e-15
4858.264150943396,6.557346761738839e-16
4858.415094339623,9.564654537239457e-15
4858.566037735849,-3.1712679459402468e-15
4858.7169811320755,6.792751297797101e-15
4858.867924528302,5.060435430891329e-15
4859.018867924528,-5.111890660018759e-16
4859.169811320755,4.035915384995164e-15
4859.320754716981,1.0188385880658752e-14
4859.471698113208,-8.073244507259166e-15
4859.622641509434,1.135713837921927e-14
4859.773584905661,6.493818287152179e-15
4859.924528301887,-9.431677590391587e-15
4860.075471698113,1.6373530337460637e-14
4860.226415094339,7.891947218986733e-16
4860.377358490566,-5.540603416155264e-15
4860.528301886792,1.5081544009550417e-14
4860.679245283019,5.383794852271632e-16
4860.830188679245,-5.8145651794105065e-15
4860.981132075472,1.7539196492844653e-14
4861.132075471698,-3.7116916273027874e-15
4861.2830188679245,-2.617378335007971e-15
4861.433962264151,1.8802783249342085e-14
4861.584905660377,-1.027805676165879e-14
4861.735849056604,6.16357075470062e-15
4861.88679245283,1.3128748909159896e-14
4862.037735849057,-1.2162957863480976e-14
4862.188679245283,1.7206227370618614e-14
4862.33962264151,-5.4219732300575784e-15
4862.490566037736,9.783082800209909e-15
4862.641509433963,-3.2367229696338338e-15
4862.792452830188,9.979171890508209e-15
4862.943396226415,2.5225145499062724e-16
4863.094339622641,2.051907312729154e-15
4863.245283018868,6.5416886745716496e-15
4863.396226415094,3.4132339850777534e-15
4863.547169811321,-1.2799457862176606e-15
4863.698113207547,1.0010718340597614e-14
4863.8490566037735,-1.8216819525194568e-17
4864.0,1.5665638414256652e-15
4864.1509433962265,8.78580011353305e-15
4864.301886792453,-1.3040512263481192e-15
4864.452830188679,5.335572604053925e-15
4864.603773584906,3.6303147329840734e-15
4864.754716981132,3.617006616056986e-15
4864.905660377359,2.2287386729561957e-15
4865.056603773585,3.904507360895891e-15
4865.207547169812,6.275820749172397e-15
4865.358490566037,-2.6294237233999678e-15
4865.509433962264,9.903791915030547e-15
4865.66037735849,2.267448068237312e-16
4865.811320754717,2.2155586824056182e-15
4865.962264150943,7.760892324473955e-15
4866.11320754717,-1.4204811297464725e-15
4866.264150943396,7.291645782916135e-15
4866.415094339623,1.5009868291784206e-15
4866.566037735849,3.0093902315234104e-15
4866.7169811320755,6.5863328341940154e-15
4866.867924528302,-1.3317130471618216e-15
4867.018867924528,7.744812393108311e-15
4867.169811320755,1.8850760498548892e-15
4867.320754716981,1.678636397050962e-15
4867.471698113208,7.769103157804056e-15
4867.622641509434,-1.886763427452296e-15
4867.773584905661,8.606596991253459e-15
4867.924528301887,-1.275741743954848e-16
4868.075471698113,4.22711264661316e-15
4868.226415094339,5.8795841547492606e-15
4868.377358490566,-4.685502819597803e-16
4868.528301886792,6.149484930393358e-15
4868.679245283019,3.936726613418388e-15
4868.830188679245,9.222162351215218e-17
4868.981132075472,8.629271229101852e-15
4869.132075471698,-3.140113047108787e-15
4869.2830188679245,1.204046623807496e-14
4869.433962264151,-6.575579644655517e-15
4869.584905660377,1.259685826845682e-14
4869.735849056604,-1.6941460109920786e-15
4869.88679245283,3.561199932148286e-15
4870.037735849057,6.643822933756017e-15
4870.188679245283,4.613990515932292e-16
4870.33962264151,3.9946790295796174e-15
4870.490566037736,5.138645917154667e-15
4870.641509433963,1.9409399568843153e-15
4870.792452830188,3.037462765745736e-15
4870.943396226415,5.1418824915828054e-15
4871.094339622641,3.625754835569566e-15
4871.245283018868,-9.093786750614142e-16
4871.396226415094,1.113594913154466e-14
4871.547169811321,-3.3066735785183105e-15
4871.698113207547,5.408943859455063e-15
4871.8490566037735,6.9000215605482624e-15
4872.0,-2.1190525321703898e-15
4872.1509433962265,7.543824610855423e-15
4872.301886792453,1.7463203652522551e-15
4872.452830188679,5.345525123333328e-15
4872.603773584906,-1.198433639650889e-15
4872.754716981132,1.0710290248071023e-14
4872.905660377359,-3.149071934077069e-15
4873.056603773585,6.461159672694317e-15
4873.207547169812,4.613045405605e-15
4873.358490566037,-2.193092540675048e-16
4873.509433962264,8.453480794085865e-15
4873.66037735849,-2.6568511103787814e-15
4873.811320754717,1.0652444813619227e-14
4873.962264150943,-3.19179668813921e-15
4874.11320754717,7.130359597693704e-15
4874.264150943396,4.5051954957747955e-15
4874.415094339623,-1.51455660945141e-15
4874.566037735849,9.620776892671252e-15
4874.7169811320755,-6.191718595962005e-16
4874.867924528302,4.214269902053747e-15
4875.018867924528,4.3882641998878856e-15
4875.169811320755,4.6183614077581355e-15
4875.320754716981,-2.2307082070360502e-15
4875.471698113208,1.2497674839791514e-14
4875.622641509434,-4.251978514186234e-15
4875.773584905661,5.7416154053405935e-15
4875.924528301887,6.7472313368774065e-15
4876.075471698113,-1.147225987623527e-15
4876.226415094339,4.920452146947062e-15
4876.377358490566,6.188115706840818e-15
4876.528301886792,-3.3621240244085324e-16
4876.679245283019,4.508315958272341e-15
4876.830188679245,6.930155877978044e-15
4876.981132075472,-3.603742631235041e-15
4877.132075471698,1.2456832325829517e-14
4877.2830188679245,-5.882779432126523e-15
4877.433962264151,1.2109183888309142e-14
4877.584905660377,-3.8084270678398235e-15
4877.735849056604,9.631337470558196e-15
4877.88679245283,-2.0382252865304367e-15
4878.037735849057,8.186784163869471e-15
4878.188679245283,5.138951056498991e-16
4878.33962264151,4.317779713173699e-15
4878.490566037736,3.554181340134135e-15
4878.641509433963,4.63350610978153e-15
4878.792452830188,2.621200729584521e-17
4878.943396226415,8.007026645387744e-15
4879.094339622641,9.039167880075676e-16
4879.245283018868,9.01741281869782e-16
4879.396226415094,1.2875008405103075e-14
4879.547169811321,-1.1574104700615104e-14
4879.698113207547,2.0096850835356793e-14
4879.8490566037735,-9.391105615298657e-15
4880.0,9.278510480536642e-15
4880.1509433962265,3.60720220467741e-15
4880.301886792453,2.3115731829023656e-15
4880.452830188679,9.65291445967382e-16
4880.603773584906,1.0408576147299307e-14
4880.754716981132,-4.274911375960582e-15
4880.905660377359,7.446811181685964e-15
4881.056603773585,5.149219932210825e-15
4881.207547169812,-1.8515499445711495e-15
4881.358490566037,8.680123863489749e-15
4881.509433962264,1.027571345565468e-15
4881.66037735849,3.2786201527860776e-15
4881.811320754717,4.152935671886364e-15
4881.962264150943,4.534409071196313e-15
4882.11320754717,3.487477691890203e-16
4882.264150943396,6.729267751064203e-15
4882.415094339623,2.707486032200652e-15
4882.566037735849,1.3025672333503501e-15
4882.7169811320755,5.4188002674293314e-15
4882.867924528302,6.5995080944031165e-15
4883.018867924528,-6.80395432869595e-15
4883.169811320755,1.731710051118091e-14
4883.320754716981,-6.219832720400448e-15
4883.471698113208,2.5120491181147337e-15
4883.622641509434,1.5604058521222936e-14
4883.773584905661,-1.39728672808806e-14
4883.924528301887,1.8304467395043964e-14
4884.075471698113,-3.972606754939213e-15
4884.226415094339,4.092260493023192e-15
4884.377358490566,5.767011114766041e-15
4884.528301886792,1.8908883647801683e-15
4884.679245283019,3.1751730685767034e-15
4884.830188679245,4.805012405654149e-15
4884.981132075472,2.2310427347075736e-15
4885.132075471698,4.2994021812858e-15
4885.2830188679245,2.801268897455544e-15
4885.433962264151,4.088835177996209e-15
4885.584905660377,3.096076761089601e-15
4885.735849056604,3.666436155239863e-15
4885.88679245283,2.7834708874162574e-15
4886.037735849057,5.2434118298281256e-15
4886.188679245283,1.3080352334238969e-15
4886.33962264151,3.956162919509685e-15
4886.490566037736,6.2779292469186525e-15
4886.641509433963,-1.7990745511818066e-15
4886.792452830188,7.982917496779142e-15
4886.943396226415,2.8456372523407873e-15
4887.094339622641,-4.3113371999617174e-16
4887.245283018868,9.860304857288796e-15
4887.396226415094,-2.809899116138633e-15
4887.547169811321,8.467140122624303e-15
4887.698113207547,-7.418482761893278e-16
4887.8490566037735,7.564526499273622e-15
4888.0,-2.5280427859830624e-16
4888.1509433962265,6.083091957782788e-15
4888.301886792453,1.475995857064406e-15
4888.452830188679,6.9182862773540364e-15
4888.603773584906,-3.385337929185959e-15
4888.754716981132,1.3078338946184602e-14
4888.905660377359,-5.565003091663832e-15
4889.056603773585,8.359226800730186e-15
4889.207547169812,3.501287440398087e-15
4889.358490566037,8.726381536428452e-16
4889.509433962264,5.2681917503850815e-15
4889.66037735849,3.901582163893313e-15
4889.811320754717,1.892506865170151e-15
4889.962264150943,4.2495607407974605e-15
4890.11320754717,3.54471748461871e-15
4890.264150943396,4.6807813864720106e-15
4890.415094339623,-1.3149836743305104e-15
4890.566037735849,1.1342613066205999e-14
4890.7169811320755,-4.233079226544056e-15
4890.867924528302,7.34747625541749e-15
4891.018867924528,4.385073533665693e-15
4891.169811320755,-3.2626752959189334e-16
4891.320754716981,7.103410790146873e-15
4891.471698113208,1.6133648119385225e-15
4891.622641509434,3.694721966635484e-15
4891.773584905661,3.748966222233766e-15
4891.924528301887,3.213759385555975e-15
4892.075471698113,3.7289876720682745e-15
4892.226415094339,2.954239388999033e-15
4892.377358490566,3.876314311247453e-15
4892.528301886792,3.468135128381723e-15
4892.679245283019,3.28463856844578e-15
4892.830188679245,2.654059435279797e-15
4892.981132075472,5.867909149246915e-15
4893.132075471698,6.046501053230546e-16
4893.2830188679245,3.9775372878908305e-15
4893.433962264151,6.731859990511183e-15
4893.584905660377,-1.5707113688597161e-15
4893.735849056604,5.686020438547395e-15
4893.88679245283,6.733445993236188e-15
4894.037735849057,-3.867703194360915e-15
4894.188679245283,1.0827792558155204e-14
4894.33962264151,-1.7013442120671595e-15
4894.490566037736,7.497295592296495e-15
4894.641509433963,-2.5804588456689173e-15
4894.792452830188,1.3567242602289275e-14
4894.943396226415,-1.0497184963049064e-14
4895.094339622641,1.821354505546785e-14
4895.245283018868,-7.258715433267484e-15
4895.396226415094,5.180008044048286e-15
4895.547169811321,1.2055523666976447e-14
4895.698113207547,-1.1170655276893004e-14
4895.8490566037735,1.563943093688346e-14
4896.0,3.199804233677058e-16
4896.1509433962265,-2.7256226753384208e-15
4896.301886792453,1.291054088682441e-14
4896.452830188679,-2.488663128596083e-15
4896.603773584906,3.0181673131345794e-15
4896.754716981132,7.954780988802045e-15
4896.905660377359,-1.1232118991905112e-15
4897.056603773585,5.548119451924675e-15
4897.207547169812,3.4650815873605113e-15
4897.358490566037,2.81135551227224e-15
4897.509433962264,3.534987708539215e-15
4897.66037735849,3.752448444787563e-15
4897.811320754717,3.219675200952512e-15
4897.962264150943,3.1883025725377305e-15
4898.11320754717,4.0299764821329275e-15
4898.264150943396,2.462945402795399e-15
4898.415094339623,4.86045871886478e-15
4898.566037735849,1.5690819899740057e-15
4898.7169811320755,5.027281479001223e-15
4898.867924528302,2.7416699072520976e-15
4899.018867924528,3.578612489520527e-15
4899.169811320755,1.873765981772538e-15
4899.320754716981,8.228416957335114e-15
4899.471698113208,-4.510917550931988e-15
4899.622641509434,1.1662609659789194e-14
4899.773584905661,-1.5082196996667167e-15
4899.924528301887,3.0234673662767886e-15
4900.075471698113,7.937318364813343e-15
4900.226415094339,-1.5213802119080305e-15
4900.377358490566,4.719846078737233e-15
4900.528301886792,7.2865388578587e-15
4900.679245283019,-3.642589534808657e-15
4900.830188679245,9.486257854101989e-15
4900.981132075472,1.436270381144752e-15
4901.132075471698,1.1428364275450997e-15
4901.2830188679245,7.583543956239983e-15
4901.433962264151,-3.6165151645612954e-16
4901.584905660377,6.021332588985976e-15
4901.735849056604,1.5045435031000164e-15
4901.88679245283,4.460704018600324e-15
4902.037735849057,4.1919137503334705e-15
4902.188679245283,2.4994031816842646e-16
4902.33962264151,7.602615408972149e-15
4902.490566037736,1.4948661810727627e-16
4902.641509433963,5.033930166631961e-15
4902.792452830188,2.31573015722453e-15
4902.943396226415,4.461865538258836e-15
4903.094339622641,3.956400323320267e-15
4903.245283018868,-1.5778079420651827e-15
4903.396226415094,1.3877268879178737e-14
4903.547169811321,-1.0848543745681344e-14
4903.698113207547,1.797500611747885e-14
4903.8490566037735,-8.559641871059833e-15
4904.0,1.0686272657742976e-14
4904.1509433962265,2.202090060927281e-15
4904.301886792453,-2.6711543899883217e-15
4904.452830188679,1.6399980728564037e-14
4904.603773584906,-1.3776309340225003e-14
4904.754716981132,1.9329281326834427e-14
4904.905660377359,-5.5879631355063166e-15
4905.056603773585,2.0495246582712955e-15
4905.207547169812,1.3898499667886929e-14
4905.358490566037,-1.137396781069827e-14
4905.509433962264,1.605050648928072e-14
4905.66037735849,-2.5371196720972165e-15
4905.811320754717,8.885748136182073e-16
4905.962264150943,1.2774126995735221e-14
4906.11320754717,-9.372320837856678e-15
4906.264150943396,1.537636277568817e-14
4906.415094339623,-5.564237752635808e-15
4906.566037735849,9.693576784658739e-15
4906.7169811320755,-2.409526033951599e-15
4906.867924528302,9.402075659551501e-15
4907.018867924528,-1.3008447683662485e-15
4907.169811320755,4.312362673970065e-15
4907.320754716981,6.0384550141708764e-15
4907.471698113208,1.6233006324840938e-16
4907.622641509434,3.6140621621236504e-15
4907.773584905661,6.533955192753564e-15
4907.924528301887,-5.915067801203819e-16
4908.075471698113,4.936766437893521e-15
4908.226415094339,5.1675944226622044e-15
4908.377358490566,-1.1015179126927524e-15
4908.528301886792,9.559599307298614e-15
4908.679245283019,-4.267015623163649e-15
4908.830188679245,1.1457936425275779e-14
4908.981132075472,-3.207026586005656e-15
4909.132075471698,6.181015471582991e-15
4909.2830188679245,4.65346213196599e-15
4909.433962264151,-4.989253957231839e-16
4909.584905660377,7.429096816204762e-15
4909.735849056604,1.4586177281737942e-16
4909.88679245283,5.881165350969128e-15
4910.037735849057,8.89646275847577e-16
4910.188679245283,5.391664904136276e-15
4910.33962264151,2.3335907471306715e-15
4910.490566037736,3.683641576907025e-15
4910.641509433963,1.5548553597832453e-15
4910.792452830188,8.507421719286906e-15
4910.943396226415,-4.792511363037856e-15
4911.094339622641,1.1016164452867408e-14
4911.245283018868,-1.556102711355651e-16
4911.396226415094,1.476454472305392e-15
4911.547169811321,7.999412326795665e-15
4911.698113207547,-3.868555894617285e-16
4911.8490566037735,4.277180954363731e-15
4912.0,3.4467636602672863e-15
4912.1509433962265,5.242874456255887e-15
4912.301886792453,-2.0985063650932324e-15
4912.452830188679,1.0149479995858687e-14
4912.603773584906,-5.576651030541987e-16
4912.754716981132,4.521610208969234e-16
4912.905660377359,1.318314308839611e-14
4913.056603773585,-9.942067655126239e-15
4913.207547169812,1.4485443584424175e-14
4913.358490566037,-2.0135905694767e-15
4913.509433962264,2.6517528962204227e-15
4913.66037735849,6.835331464041243e-15
4913.811320754717,6.097452993440089e-16
4913.962264150943,3.1147932822088615e-15
4914.11320754717,5.793647102226442e-15
4914.264150943396,6.189522968142672e-16
4914.415094339623,4.227847860706061e-15
4914.566037735849,4.090304541924019e-15
4914.7169811320755,2.968051554920138e-15
4914.867924528302,3.159973760232946e-16
4915.018867924528,1.0225703289373363e-14
4915.169811320755,-5.12659658473523e-15
4915.320754716981,9.552058449525113e-15
4915.471698113208,4.68083503038036e-16
4915.622641509434,4.566346710976126e-15
4915.773584905661,7.500175614387424e-16
4915.924528301887,7.28924330357923e-15
4916.075471698113,7.402557849779018e-16
4916.226415094339,7.247879955718955e-16
4916.377358490566,1.1322137851575388e-14
4916.528301886792,-5.982849149809866e-15
4916.679245283019,7.371429814474355e-15
4916.830188679245,7.011033116969646e-15
4916.981132075472,-3.883498004096946e-15
4917.132075471698,4.9987002856567706e-15
4917.2830188679245,1.255368279191895e-14
4917.433962264151,-1.4213547009988796e-14
4917.584905660377,1.95160894677961e-14
4917.735849056604,-3.243328891939074e-15
4917.88679245283,-1.6500402669820294e-15
4918.037735849057,1.397932162996809e-14
4918.188679245283,-5.285264239593502e-15
4918.33962264151,4.798025893636468e-15
4918.490566037736,7.446898693348606e-15
4918.641509433963,-1.3609585487669293e-15
4918.792452830188,3.7573188340262154e-15
4918.943396226415,6.5991214272544276e-15
4919.094339622641,-4.890333645811095e-17
4919.245283018868,3.6071482043151786e-15
4919.396226415094,3.6883320671103064e-15
4919.547169811321,7.811145394311399e-15
4919.698113207547,-1.0766546926422626e-14
4919.8490566037735,2.4839137846719667e-14
4920.0,-1.804104570108265e-14
4920.1509433962265,1.5196001102421473e-14
4920.301886792453,3.998629919907051e-15
4920.452830188679,-5.622407260349118e-15
4920.603773584906,1.0865075050756357e-14
4920.754716981132,3.927301539372449e-15
4920.905660377359,-6.754647313569768e-15
4921.056603773585,1.846777516278239e-14
4921.207547169812,-1.2764569155499176e-14
4921.358490566037,1.712991106086913e-14
4921.509433962264,-6.594714483225028e-15
4921.66037735849,6.230825944977228e-15
4921.811320754717,8.629798530993754e-15
4921.962264150943,-8.199064983637192e-15
4922.11320754717,1.3721616450159462e-14
4922.264150943396,4.628057336720624e-16
4922.415094339623,-3.592839654109837e-15
4922.566037735849,1.5007357090102822e-14
4922.7169811320755,-6.758463329888925e-15
4922.867924528302,7.0294269366544165e-15
4923.018867924528,4.971267935860317e-15
4923.169811320755,-3.467869892626421e-16
4923.320754716981,4.022714609687687e-15
4923.471698113208,7.632821456525168e-15
4923.622641509434,-5.9663445270257276e-15
4923.773584905661,1.3742860175284315e-14
4923.924528301887,-5.2480561352195805e-15
4924.075471698113,8.38437508645058e-15
4924.226415094339,-8.72170593251521e-16
4924.377358490566,9.130498786754683e-15
4924.528301886792,-5.965457469352403e-15
4924.679245283019,1.3946585756315025e-14
4924.830188679245,-6.406749407270905e-15
4924.981132075472,9.6385587362615e-15
4925.132075471698,-4.268926261993602e-16
4925.2830188679245,5.558176564628056e-15
4925.433962264151,3.323288952133894e-16
4925.584905660377,6.56716216974177e-15
4925.735849056604,7.254598598353354e-16
4925.88679245283,2.5381108348042438e-15
4926.037735849057,7.389240584274956e-15
4926.188679245283,-3.1251690153268945e-15
4926.33962264151,9.155164945968227e-15
4926.490566037736,-1.6155786766044251e-15
4926.641509433963,7.143545365802152e-15
4926.792452830188,-6.49741477109654e-16
4926.943396226415,6.4895952707248445e-15
4927.094339622641,3.7671500958485386e-16
4927.245283018868,6.194701626016157e-15
4927.396226415094,-1.7019436515936388e-15
4927.547169811321,1.0262246958000676e-14
4927.698113207547,-5.259203869974586e-15
4927.8490566037735,1.1130813314838836e-14
4928.0,-3.73825631150247e-15
4928.1509433962265,9.081470660089895e-15
4928.301886792453,-1.967188518225934e-15
4928.452830188679,6.321535034334342e-15
4928.603773584906,2.8480389826344797e-15
4928.754716981132,9.884567040666775e-16
4928.905660377359,5.192940384156273e-15
4929.056603773585,3.690832127553035e-15
4929.207547169812,-1.1149188275350722e-15
4929.358490566037,1.0000931488449897e-14
4929.509433962264,-4.764116455786437e-15
4929.66037735849,1.0441281210335785e-14
4929.811320754717,-2.4282538218173912e-15
4929.962264150943,5.659311636036957e-15
4930.11320754717,3.6062185242912344e-15
4930.264150943396,1.1888537340111493e-15
4930.415094339623,3.669643629153431e-15
4930.566037735849,5.485814665285375e-15
4930.7169811320755,-1.9456399514376475e-15
4930.867924528302,9.688072646034836e-15
4931.018867924528,-5.137353287110422e-15
4931.169811320755,1.3678841723577448e-14
4931.320754716981,-9.29083840463937e-15
4931.471698113208,1.4103435547890598e-14
4931.622641509434,-3.064897101468881e-15
4931.773584905661,3.710988223010089e-15
4931.924528301887,4.435711650277525e-15
4932.075471698113,4.408817785770131e-15
4932.226415094339,-2.8322631203996553e-15
4932.377358490566,1.0874216958254144e-14
4932.528301886792,-1.9523760667465628e-15
4932.679245283019,2.3096552915496725e-15
4932.830188679245,8.544666967992264e-15
4932.981132075472,-3.217479449717351e-15
4933.132075471698,6.216922152864237e-15
4933.2830188679245,3.795277372182449e-15
4933.433962264151,1.1865909842452209e-15
4933.584905660377,1.7931794249363683e-15
4933.735849056604,9.499964719404837e-15
4933.88679245283,-6.445688541940023e-15
4934.037735849057,9.677369566478755e-15
4934.188679245283,5.109655676061589e-15
4934.33962264151,-8.971114741813624e-15
4934.490566037736,1.9058461008357434e-14
4934.641509433963,-7.095573184948119e-15
4934.792452830188,6.672307685221556e-16
4934.943396226415,1.494646013684742e-14
4935.094339622641,-7.681424121405267e-15
4935.245283018868,2.7722092540792355e-15
4935.396226415094,1.4020293452395252e-14
4935.547169811321,-8.69634686645207e-15
4935.698113207547,4.724434388244536e-15
4935.8490566037735,1.252766799695431e-14
4936.0,-8.510610117929075e-15
4936.1509433962265,5.6358927217104315e-15
4936.301886792453,1.149024562974775e-14
4936.452830188679,-8.57716496471551e-15
4936.603773584906,7.175681119777453e-15
4936.754716981132,9.693765916823304e-15
4936.905660377359,-8.965026946226843e-15
4937.056603773585,1.1288646275995793e-14
4937.207547169812,2.937080285898068e-15
4937.358490566037,-3.011905009319566e-15
4937.509433962264,9.270117175849019e-15
4937.66037735849,4.795516044827669e-16
4937.811320754717,1.7245034441531467e-15
4937.962264150943,4.94474671010378e-15
4938.11320754717,3.161811756775051e-15
4938.264150943396,1.8803762069624312e-16
4938.415094339623,5.95342177755448e-15
4938.566037735849,2.9292801609850566e-15
4938.7169811320755,-1.2051392472239622e-15
4938.867924528302,9.317446243576216e-15
4939.018867924528,-1.934708020370715e-15
4939.169811320755,3.917507200061156e-15
4939.320754716981,5.6351981921470404e-15
4939.471698113208,-1.7445797396490593e-15
4939.622641509434,8.620887140042384e-15
4939.773584905661,-3.734721660684925e-15
4939.924528301887,1.0316907339361044e-14
4940.075471698113,-3.754259979077018e-15
4940.226415094339,7.060961636614096e-15
4940.377358490566,2.565502584330782e-15
4940.528301886792,-6.199056521248167e-16
4940.679245283019,9.629851594334378e-15
4940.830188679245,-5.527790229764282e-15
4940.981132075472,1.0960075545781265e-14
4941.132075471698,-1.9077114155359376e-15
4941.2830188679245,1.8741736781808958e-15
4941.433962264151,1.0487183963292376e-14
4941.584905660377,-8.40696511300829e-15
4941.735849056604,1.2235485998321705e-14
4941.88679245283,1.1783928757371726e-15
4942.037735849057,-4.9278674214833155e-15
4942.188679245283,1.694230223791369e-14
4942.33962264151,-1.0416281014932162e-14
4942.490566037736,8.767139335653322e-15
4942.641509433963,7.321602289245498e-15
4942.792452830188,-9.828624294465676e-15
4942.943396226415,1.8678997744606083e-14
4943.094339622641,-1.0638355276014303e-14
4943.245283018868,1.0656453063815793e-14
4943.396226415094,2.2401765347431996e-15
4943.547169811321,-3.5510922751193076e-15
4943.698113207547,1.4628624300100225e-14
4943.8490566037735,-1.0422704392730197e-14
4944.0,1.2790760071634924e-14
4944.1509433962265,-6.354883177215271e-16
4944.301886792453,1.274129711310983e-15
4944.452830188679,4.592930190069185e-15
4944.603773584906,5.186381609127582e-15
4944.754716981132,-3.2232097650676304e-15
4944.905660377359,8.382154206836718e-15
4945.056603773585,1.4891327798511998e-15
4945.207547169812,6.860356914574312e-16
4945.358490566037,4.626784476473663e-15
4945.509433962264,4.154834882906499e-15
4945.66037735849,-3.583539711955861e-16
4945.811320754717,4.1263724030109176e-15
4945.962264150943,5.99457574671007e-15
4946.11320754717,-3.939995038883028e-15
4946.264150943396,9.969062811961301e-15
4946.415094339623,-1.9654974270275415e-15
4946.566037735849,4.891519438144621e-15
4946.7169811320755,1.7790385131989115e-15
4946.867924528302,4.626053814472783e-15
4947.018867924528,-1.2890958843270445e-16
4947.169811320755,5.6633115026722796e-15
4947.320754716981,1.424819065857564e-15
4947.471698113208,2.6483266552139888e-15
4947.622641509434,2.9316035644590445e-15
4947.773584905661,4.3381226014434726e-15
4947.924528301887,-1.3323334230646307e-16
4948.075471698113,4.508038867175234e-15
4948.226415094339,4.9339992975170124e-15
4948.377358490566,-3.081929759679613e-15
4948.528301886792,8.831570649367963e-15
4948.679245283019,9.33148355922088e-16
4948.830188679245,-1.3920354929808721e-15
4948.981132075472,1.0805170539573832e-14
4949.132075471698,-4.766221754385061e-15
4949.2830188679245,6.643229624169408e-15
4949.433962264151,2.046345557754143e-15
4949.584905660377,3.955228119130065e-15
4949.735849056604,-2.4693803485253877e-15
4949.88679245283,1.2253456744280846e-14
4950.037735849057,-7.332172556147426e-15
4950.188679245283,8.272221246546998e-15
4950.33962264151,4.740692090771396e-15
4950.490566037736,-5.3457642517664e-15
4950.641509433963,1.2108378350025234e-14
4950.792452830188,-3.14852792993546e-15
4950.943396226415,3.581037481259877e-15
4951.094339622641,5.2089092186072296e-15
4951.245283018868,-9.232057800983848e-16
4951.396226415094,7.46465017444137e-15
4951.547169811321,-4.412327406275922e-15
4951.698113207547,1.2175488893982027e-14
4951.8490566037735,-6.185402946067461e-15
4952.0,7.303020077864722e-15
4952.1509433962265,3.756441845169844e-15
4952.301886792453,-1.4972709268296033e-15
4952.452830188679,5.880981408655049e-15
4952.603773584906,2.8667134972491065e-15
4952.754716981132,6.195872480743997e-16
4952.905660377359,3.2985843211688513e-15
4953.056603773585,4.948106723720963e-15
4953.207547169812,5.624253133431324e-16
4953.358490566037,-3.9826606347944297e-16
4953.509433962264,1.2989201381519663e-14
4953.66037735849,-1.0717861171167965e-14
4953.811320754717,1.1460746687330429e-14
4953.962264150943,3.801851706795071e-15
4954.11320754717,-7.168451616431345e-15
4954.264150943396,1.4967534645898528e-14
4954.415094339623,-6.115217471143195e-15
4954.566037735849,6.8562382475122355e-15
4954.7169811320755,-6.978127651787661e-16
4954.867924528302,9.492893443290172e-15
4955.018867924528,-8.167499360647796e-15
4955.169811320755,1.3720848136628569e-14
4955.320754716981,-4.081538243213833e-15
4955.471698113208,3.4223683566955693e-15
4955.622641509434,5.6155710966335e-15
4955.773584905661,-2.6877860033679037e-16
4955.924528301887,2.9563862934377744e-15
4956.075471698113,4.949654422909218e-15
4956.226415094339,-6.731687651724387e-16
4956.377358490566,5.185793132754985e-15
4956.528301886792,1.5051956141010536e-15
4956.679245283019,3.025947888026989e-15
4956.830188679245,1.1524467086480818e-15
4956.981132075472,6.831320522499083e-15
4957.132075471698,-4.459064730325184e-15
4957.2830188679245,1.0762605580381699e-14
4957.433962264151,-4.522387294297805e-15
4957.584905660377,8.095105256368442e-15
4957.735849056604,-2.0011384071667022e-15
4957.88679245283,6.761333972070816e-15
4958.037735849057,-4.94076278464108e-16
4958.188679245283,4.052922063783616e-15
4958.33962264151,1.7823866121667157e-15
4958.490566037736,4.796418463531143e-15
4958.641509433963,-2.042996952285109e-15
4958.792452830188,8.129777027635594e-15
4958.943396226415,-6.903103246983352e-16
4959.094339622641,8.805603301039236e-16
4959.245283018868,9.640800109855329e-15
4959.396226415094,-7.760751194532317e-15
4959.547169811321,1.235603383033441e-14
4959.698113207547,-2.9138267736160477e-15
4959.8490566037735,2.093801986546304e-15
4960.0,7.053297578407544e-15
4960.1509433962265,-1.3775629004501855e-15
4960.301886792453,1.592361890763297e-15
4960.452830188679,9.39537055391529e-15
4960.603773584906,-7.225909581423792e-15
4960.754716981132,1.059502666851045e-14
4960.905660377359,-1.1933696540442163e-15
4961.056603773585,3.613552095347371e-15
4961.207547169812,-5.509378355128341e-16
4961.358490566037,1.0973115262481975e-14
4961.509433962264,-9.724411838682433e-15
4961.66037735849,1.2721293871307694e-14
4961.811320754717,-4.637640259046738e-16
4961.962264150943,-1.1572716426243742e-15
4962.11320754717,6.523272062783611e-15
4962.264150943396,4.476605867117758e-15
4962.415094339623,-5.357890116569992e-15
4962.566037735849,9.253533122891905e-15
4962.7169811320755,4.309155390969436e-15
4962.867924528302,-8.310756602347215e-15
4963.018867924528,1.477548705050087e-14
4963.169811320755,-2.371026647382632e-15
4963.320754716981,-2.7025597598919674e-15
4963.471698113208,1.2461770241520457e-14
4963.622641509434,-4.248776063932552e-15
4963.773584905661,1.5777536228957039e-15
4963.924528301887,9.46304522667439e-15
4964.075471698113,-5.74508843684815e-15
4964.226415094339,7.86099657696331e-15
4964.377358490566,8.173552510889576e-16
4964.528301886792,2.360022450025185e-15
4964.679245283019,1.0387828010434227e-15
4964.830188679245,7.80185162206022e-15
4964.981132075472,-6.566054867313966e-15
4965.132075471698,1.215933421139708e-14
4965.2830188679245,-4.608465861574586e-15
4965.433962264151,6.135913452276749e-15
4965.584905660377,-5.016812949902729e-16
4965.735849056604,7.829782580865276e-15
4965.88679245283,-5.688998312127794e-15
4966.037735849057,1.0073757906561414e-14
4966.188679245283,-1.147311137819664e-15
4966.33962264151,1.2961730134543722e-15
4966.490566037736,5.779771860632105e-15
4966.641509433963,-2.2477028677722237e-16
4966.792452830188,3.1421241927551913e-15
4966.943396226415,2.842745224919916e-15
4967.094339622641,2.494143266562705e-15
4967.245283018868,3.9748773211327193e-16
4967.396226415094,6.299804525633453e-15
4967.547169811321,-1.5841488995699555e-15
4967.698113207547,4.348529761572249e-15
4967.8490566037735,2.2992298479539553e-15
4968.0,3.896539860892685e-15
4968.1509433962265,-4.463246909107021e-15
4968.301886792453,1.5443686769061456e-14
4968.452830188679,-1.3323320760034849e-14
4968.603773584906,1.4790621511852983e-14
4968.754716981132,-2.3220687635250724e-15
4968.905660377359,-8.697864145891828e-16
4969.056603773585,9.598111297135816e-15
4969.207547169812,-3.3376966796009977e-15
4969.358490566037,2.5732530865260297e-15
4969.509433962264,8.210796024508737e-15
4969.66037735849,-7.095169087385719e-15
4969.811320754717,1.1572224948244601e-14
4969.962264150943,-3.591060970628446e-15
4970.11320754717,4.4462797434399954e-15
4970.264150943396,1.377651918691073e-15
4970.415094339623,6.58384432572642e-15
4970.566037735849,-7.692739313645456e-15
4970.7169811320755,1.550079305113237e-14
4970.867924528302,-7.285982222240812e-15
4971.018867924528,3.123124024906181e-15
4971.169811320755,8.908638909290875e-15
4971.320754716981,-4.231778886599885e-15
4971.471698113208,1.7491465346307362e-15
4971.622641509434,1.0904727012521157e-14
4971.773584905661,-9.501112206759059e-15
4971.924528301887,1.2025542376799738e-14
4972.075471698113,-3.73884836594135e-15
4972.226415094339,6.230096907709963e-15
4972.377358490566,-1.0650732236794025e-15
4972.528301886792,4.640492018778525e-15
4972.679245283019,2.3697551568454712e-15
4972.830188679245,-6.026855052595514e-16
4972.981132075472,6.430167579601213e-15
4973.132075471698,-7.465297049787581e-16
4973.2830188679245,2.720531708261763e-15
4973.433962264151,3.824814141732487e-15
4973.584905660377,7.552147270262231e-16
4973.735849056604,2.055701242531123e-15
4973.88679245283,3.653901254976092e-15
4974.037735849057,2.3082984706403976e-15
4974.188679245283,-1.6510287805695518e-15
4974.33962264151,9.595133069872107e-15
4974.490566037736,-5.121382995596531e-15
4974.641509433963,5.7103855247995434e-15
4974.792452830188,4.109258038012586e-15
4974.943396226415,-3.0851533409801315e-15
4975.094339622641,7.473236598436802e-15
4975.245283018868,-3.743270257259143e-16
4975.396226415094,2.1150535449367184e-15
4975.547169811321,3.0382967715117003e-15
4975.698113207547,2.8686278995869728e-15
4975.8490566037735,-1.9789661296290098e-16
4976.0,4.292573832757896e-15
4976.1509433962265,3.300026213777859e-15
4976.301886792453,-3.1265047827053813e-15
4976.452830188679,9.574313706703128e-15
4976.603773584906,-2.4445229424021154e-15
4976.754716981132,-5.089893793211086e-16
4976.905660377359,1.3214408750612763e-14
4977.056603773585,-1.266970493398848e-14
4977.207547169812,1.2975859395962122e-14
4977.358490566037,1.3412849140108476e-15
4977.509433962264,-6.0619293022713566e-15
4977.66037735849,1.2101106130711619e-14
4977.811320754717,-9.164797641256495e-16
4977.962264150943,-5.150900979967933e-15
4978.11320754717,1.6449700631895965e-14
4978.264150943396,-1.173492620728584e-14
4978.415094339623,9.340601400997685e-15
4978.566037735849,3.93348225539441e-15
4978.7169811320755,-6.795515251772671e-15
4978.867924528302,1.4149501945541028e-14
4979.018867924528,-8.732393612152884e-15
4979.169811320755,9.653319646117125e-15
4979.320754716981,-2.536782114953082e-15
4979.471698113208,5.933260228616332e-15
4979.622641509434,-1.829221740938038e-15
4979.773584905661,5.1532495228792555e-15
4979.924528301887,2.0089219707411663e-15
4980.075471698113,-1.3990455224511553e-15
4980.226415094339,7.856890967326638e-15
4980.377358490566,-3.502344310177665e-15
4980.528301886792,6.098209288391168e-15
4980.679245283019,-3.836661382133484e-16
4980.830188679245,4.1161063847752744e-15
4980.981132075472,-2.014947171920293e-16
4981.132075471698,4.605340629806011e-15
4981.2830188679245,-1.2742133956424432e-16
4981.433962264151,3.781141278555439e-15
4981.584905660377,5.666372197971642e-16
4981.735849056604,3.949446438274238e-15
4981.88679245283,-2.4819418915376503e-16
4982.037735849057,4.3213267614255105e-15
4982.188679245283,5.296786376823073e-16
4982.33962264151,2.957752746334255e-15
4982.490566037736,8.253623744223632e-16
4982.641509433963,4.663723365162723e-15
4982.792452830188,-1.582970519299722e-15
4982.943396226415,4.744669224863118e-15
4983.094339622641,2.3205271969589767e-15
4983.245283018868,-1.154330593131342e-15
4983.396226415094,5.470719542944463e-15
4983.547169811321,2.189407912051457e-15
4983.698113207547,-4.220081799424709e-15
4983.8490566037735,1.4139721781453058e-14
4984.0,-1.329514128516314e-14
4984.1509433962265,1.7291459682547712e-14
4984.301886792453,-1.1152557606433874e-14
4984.452830188679,1.2857939730976914e-14
4984.603773584906,-7.044812126568846e-15
4984.754716981132,9.057272485618444e-15
4984.905660377359,-1.8318930556345997e-15
4985.056603773585,1.9371818810159484e-15
4985.207547169812,4.855782105587183e-15
4985.358490566037,-1.4777030924492101e-15
4985.509433962264,4.671628040559641e-15
4985.66037735849,6.895392922385214e-17
4985.811320754717,3.67513527583829e-15
4985.962264150943,3.036660517378533e-16
4986.11320754717,3.796700189752451e-15
4986.264150943396,-6.065308666042599e-16
4986.415094339623,6.078212435552474e-15
4986.566037735849,-3.979362452146254e-15
4986.7169811320755,9.628198658190271e-15
4986.867924528302,-7.245473480992357e-15
4987.018867924528,1.2269120652177332e-14
4987.169811320755,-8.435435263157485e-15
4987.320754716981,1.1141674707920746e-14
4987.471698113208,-5.317944819252022e-15
4987.622641509434,7.117727474189883e-15
4987.773584905661,-1.164881600206062e-15
4987.924528301887,3.3310615722510452e-15
4988.075471698113,1.0262346761722385e-15
4988.226415094339,3.654841683268087e-15
4988.377358490566,-2.1271237331908246e-16
4988.528301886792,1.792684684048095e-15
4988.679245283019,7.036914786540497e-15
4988.830188679245,-8.261156407415816e-15
4988.981132075472,1.428488961161736e-14
4989.132075471698,-9.116170382155496e-15
4989.2830188679245,9.34164301905478e-15
4989.433962264151,-1.609412111367763e-15
4989.584905660377,2.8065974974046373e-15
4989.735849056604,1.0580028963487154e-15
4989.88679245283,4.771187315442748e-15
4990.037735849057,-2.5644475882522835e-15
4990.188679245283,4.286735313773671e-15
4990.33962264151,5.541068580903363e-15
4990.490566037736,-8.502474293495292e-15
4990.641509433963,1.4841174798304476e-14
4990.792452830188,-7.269269388104103e-15
4990.943396226415,2.730722973021508e-15
4991.094339622641,8.743646467591474e-15
4991.245283018868,-7.90152907260842e-15
4991.396226415094,8.760897652505638e-15
4991.547169811321,5.712844334488651e-16
4991.698113207547,-1.2768479700544695e-15
4991.8490566037735,6.2866969397505306e-15
4992.0,-2.212667531206168e-15
4992.1509433962265,6.054747046571019e-15
4992.301886792453,-3.5492287125802703e-15
4992.452830188679,7.808561839088644e-15
4992.603773584906,-3.2444842783099316e-15
4992.754716981132,5.437347067660049e-15
4992.905660377359,-1.060762648811408e-15
4993.056603773585,3.885568065651882e-15
4993.207547169812,2.5177679043817155e-15
4993.358490566037,-3.790426316225344e-15
4993.509433962264,1.180599252846003e-14
4993.66037735849,-9.554631298930158e-15
4993.811320754717,1.1468696971842724e-14
4993.962264150943,-5.303617093705999e-15
4994.11320754717,6.9476363405940905e-15
4994.264150943396,-1.8566711841281884e-15
4994.415094339623,3.409049448913099e-15
4994.566037735849,2.6083153790423704e-15
4994.7169811320755,-9.82481870812364e-16
4994.867924528302,5.04850656948631e-15
4995.018867924528,-7.451128083731693e-16
4995.169811320755,2.94051564994325e-15
4995.320754716981,1.8022557318583056e-15
4995.471698113208,8.299685910407528e-16
4995.622641509434,3.121672942541447e-15
4995.773584905661,4.975007053481393e-16
4995.924528301887,2.300153612989846e-15
4996.075471698113,1.785801319875726e-15
4996.226415094339,2.3468558572417597e-15
4996.377358490566,-1.2953139422962122e-15
4996.528301886792,7.645341836664213e-15
4996.679245283019,-5.402037807694152e-15
4996.830188679245,7.644098447213904e-15
4996.981132075472,-2.1602832214200174e-15
4997.132075471698,4.664932256467869e-15
4997.2830188679245,-1.492814264007598e-15
4997.433962264151,4.5567013650813574e-15
4997.584905660377,1.1131281306967876e-15
4997.735849056604,-1.0609139951755626e-15
4997.88679245283,6.675695931820012e-15
4998.037735849057,-2.9597435421354323e-15
4998.188679245283,4.108889609076491e-15
4998.33962264151,1.3534342396978383e-15
4998.490566037736,1.5904535300473453e-15
4998.641509433963,8.828777658542451e-16
4998.792452830188,2.7075254686520442e-15
4998.943396226415,2.5150483997441318e-15
4999.094339622641,-2.4411456285842994e-15
4999.245283018868,8.065363303341164e-15
4999.396226415094,-4.602693904969005e-15
4999.547169811321,6.017449908455891e-15
4999.698113207547,-6.88799841678891e-16
4999.8490566037735,2.6749643112133923e-15
5000.0,1.254648613917765e-15
5000.1509433962265,1.9497348650559738e-15
5000.301886792453,9.635314824306945e-16
5000.452830188679,2.4885315548536465e-15
5000.603773584906,1.6654348687535406e-15
5000.754716981132,-5.760179752857576e-16
5000.905660377359,6.333449175984017e-15
5001.056603773585,-4.67333584163555e-15
5001.207547169812,7.981849795281504e-15
5001.358490566037,-3.705252428529253e-15
5001.509433962264,5.470782010385555e-15
5001.66037735849,-9.271300484936207e-16
5001.811320754717,3.18886992360726e-15
5001.962264150943,3.3024429107838684e-16
5002.11320754717,3.2309390257432093e-15
5002.264150943396,-7.220910943493201e-16
5002.415094339623,3.997202468598975e-15
5002.566037735849,2.893357583498722e-16
5002.7169811320755,9.738143770164815e-16
5002.867924528302,3.265415485060721e-15
5003.018867924528,9.934741339625657e-16
5003.169811320755,-5.512796672671974e-16
5003.320754716981,4.9832991544406634e-15
5003.471698113208,1.0338909927947844e-15
5003.622641509434,-4.13211025382852e-15
5003.773584905661,1.1663041297119474e-14
5003.924528301887,-6.140336680877123e-15
5004.075471698113,4.209467883388168e-16
5004.226415094339,1.1170123811015022e-14
5004.377358490566,-8.974052894005281e-15
5004.528301886792,4.029975033449901e-15
5004.679245283019,9.990890275307656e-15
5004.830188679245,-1.3087765481088834e-14
5004.981132075472,1.4562922443716287e-14
5005.132075471698,-5.881455709041893e-15
5005.2830188679245,5.07076235347119e-15
5005.433962264151,-2.081046210854552e-15
5005.584905660377,5.54266741342284e-15
5005.735849056604,1.4711305979365844e-15
5005.88679245283,-7.297547821279674e-15
5006.037735849057,1.8428896952248037e-14
5006.188679245283,-1.6168804069122277e-14
5006.33962264151,1.0775170192152266e-14
5006.490566037736,4.515021113080909e-15
5006.641509433963,-9.82627677701685e-15
5006.792452830188,1.2340487116515037e-14
5006.943396226415,-1.812839553786823e-15
5007.094339622641,-4.162328604148099e-15
5007.245283018868,1.2118660608861037e-14
5007.396226415094,-8.938893052603714e-15
5007.547169811321,8.627896340513795e-15
5007.698113207547,-2.779636869246815e-15
5007.8490566037735,4.841537414292402e-15
5008.0,-2.8077559810017323e-15
5008.1509433962265,6.606868408290007e-15
5008.301886792453,-3.0705118876922075e-15
5008.452830188679,3.4558910277519563e-15
5008.603773584906,2.39054820989911e-15
5008.754716981132,-1.1552419763827577e-15
5008.905660377359,3.6973753533688614e-15
5009.056603773585,5.659387689356739e-16
5009.207547169812,5.950884743270038e-16
5009.358490566037,4.141295695254937e-15
5009.509433962264,-3.178418417375239e-15
5009.66037735849,6.595610608232549e-15
5009.811320754717,-2.3442102217442388e-15
5009.962264150943,3.3285097110426278e-15
5010.11320754717,-1.6974121022377739e-15
5010.264150943396,1.0308554665665956e-14
5010.415094339623,-1.5399221658182973e-14
5010.566037735849,2.2699796495089302e-14
5010.7169811320755,-1.7580129151062996e-14
5010.867924528302,1.2845448550377728e-14
5011.018867924528,-2.935871441137846e-15
5011.169811320755,3.1141469122461577e-15
5011.320754716981,-1.999631793648262e-15
5011.471698113208,6.733495698585134e-15
5011.622641509434,-3.1710484814716642e-15
5011.773584905661,2.1811639167370774e-15
5011.924528301887,4.594705760599899e-15
5012.075471698113,-3.621070224203123e-15
5012.226415094339,4.561279639688312e-15
5012.377358490566,2.3714704289582103e-15
5012.528301886792,-3.826345536036854e-15
5012.679245283019,7.93050100761605e-15
5012.830188679245,-3.3556272190902645e-15
5012.981132075472,2.555588679988341e-15
5013.132075471698,2.760262486291662e-15
5013.2830188679245,-1.5431170359959231e-15
5013.433962264151,5.782684586381751e-15
5013.584905660377,-5.708435228977825e-15
5013.735849056604,1.0190642074918798e-14
5013.88679245283,-6.160843647973662e-15
5014.037735849057,3.8055278205209556e-15
5014.188679245283,4.04326099876748e-15
5014.33962264151,-2.9688445818468112e-15
5014.490566037736,2.521264990927768e-15
5014.641509433963,4.344680556456088e-15
5014.792452830188,-3.0783540578333766e-15
5014.943396226415,2.6167265297830286e-15
5015.094339622641,4.9320596334476156e-15
5015.245283018868,-5.85657463453287e-15
5015.396226415094,8.689858947024184e-15
5015.547169811321,-4.2075403754201864e-15
5015.698113207547,4.56541586883177e-15
5015.8490566037735,-9.741834292018317e-16
5016.0,3.5356580402037027e-15
5016.1509433962265,-1.600047480775568e-15
5016.301886792453,4.674426909907583e-15
5016.452830188679,-2.49833683508569e-15
5016.603773584906,4.717382261494909e-15
5016.754716981132,-1.1835397561008613e-15
5016.905660377359,2.2645184886664403e-15
5017.056603773585,4.825958092201835e-16
5017.207547169812,3.962662486037577e-15
5017.358490566037,-5.056772963987557e-15
5017.509433962264,9.869031755813177e-15
5017.66037735849,-6.231895407866264e-15
5017.811320754717,4.155902012413308e-15
5017.962264150943,3.0633526272200758e-15
5018.11320754717,-2.739115352788182e-15
5018.264150943396,4.150872362262319e-15
5018.415094339623,-1.9455653590813454e-16
5018.566037735849,3.0223932714316453e-15
5018.7169811320755,-3.006698058562353e-15
5018.867924528302,7.19806268050401e-15
5019.018867924528,-4.265463289633719e-15
5019.169811320755,4.341639868497566e-15
5019.320754716981,-1.524840130642815e-17
5019.471698113208,1.5710378292789937e-15
5019.622641509434,1.2216131578432976e-15
5019.773584905661,-2.28827547610224e-16
5019.924528301887,4.890396257262212e-15
5020.075471698113,-5.0725770694553174e-15
5020.226415094339,8.928729157084966e-15
5020.377358490566,-6.358259216582245e-15
5020.528301886792,6.2045817261245126e-15
5020.679245283019,-4.067424431541534e-17
5020.830188679245,-1.1166801463419151e-15
5020.981132075472,4.1105446403498305e-15
5021.132075471698,1.4058189374566046e-15
5021.2830188679245,-5.561850719859077e-15
5021.433962264151,1.4332473562439575e-14
5021.584905660377,-1.502446644041856e-14
5021.735849056604,1.4695033672968082e-14
5021.88679245283,-6.083625170492753e-15
5022.037735849057,2.468583401369688e-15
5022.188679245283,1.1952453233856538e-15
5022.33962264151,4.1124933968274334e-15
5022.490566037736,-6.236487233081425e-15
5022.641509433963,1.0108445602160746e-14
5022.792452830188,-5.645984086092111e-15
5022.943396226415,3.074206970515787e-15
5023.094339622641,3.665470907351179e-15
5023.245283018868,-3.722177605863188e-15
5023.396226415094,4.3995068258240435e-15
5023.547169811321,2.7618311407176322e-15
5023.698113207547,-6.65104485319747e-15
5023.8490566037735,1.1378879554853338e-14
5024.0,-5.472644443467976e-15
5024.1509433962265,-5.911169243189442e-16
5024.301886792453,8.980858789662631e-15
5024.452830188679,-6.1912483796390576e-15
5024.603773584906,1.5730343372476862e-15
5024.754716981132,7.450007636011392e-15
5024.905660377359,-7.993476392242561e-15
5025.056603773585,8.859937287298998e-15
5025.207547169812,-5.037444754444824e-15
5025.358490566037,5.960180281041593e-15
5025.509433962264,-1.5779322619354945e-15
5025.66037735849,-1.2890026704772212e-15
5025.811320754717,8.715041445972912e-15
5025.962264150943,-8.571533241234247e-15
5026.11320754717,7.095428307083355e-15
5026.264150943396,1.438624091953774e-15
5026.415094339623,-4.50773334347252e-15
5026.566037735849,7.292876687214061e-15
5026.7169811320755,-2.8305475815194327e-15
5026.867924528302,2.7039846458360854e-15
5027.018867924528,-1.803052220871644e-15
5027.169811320755,7.366345120824506e-15
5027.320754716981,-8.304793741951481e-15
5027.471698113208,1.0030423124551912e-14
5027.622641509434,-5.433694954199501e-15
5027.773584905661,4.957586442526172e-15
5027.924528301887,-2.6588582287039563e-15
5028.075471698113,5.813113612344689e-15
5028.226415094339,-5.242912820713009e-15
5028.377358490566,7.684544593313076e-15
5028.528301886792,-5.2481000669725706e-15
5028.679245283019,4.864463555497149e-15
5028.830188679245,1.829144647716782e-15
5028.981132075472,-6.336239491805132e-15
5029.132075471698,1.2860098200045495e-14
5029.2830188679245,-1.1132403594349437e-14
5029.433962264151,9.706975819992308e-15
5029.584905660377,-5.509504939170756e-15
5029.735849056604,8.796775409835659e-15
5029.88679245283,-1.0337342141254502e-14
5030.037735849057,1.2901565429949467e-14
5030.188679245283,-7.171624899823666e-15
5030.33962264151,3.3960341269329724e-15
5030.490566037736,7.649885285893194e-16
5030.641509433963,3.5390408292738278e-15
5030.792452830188,-5.926124323529651e-15
5030.943396226415,8.907588484140995e-15
5031.094339622641,-3.833084507282357e-15
5031.245283018868,4.009994015029449e-16
5031.396226415094,4.629180012896343e-15
5031.547169811321,-2.6905200785811336e-15
5031.698113207547,2.2823618243355546e-15
5031.8490566037735,1.11500354860032e-15
5032.0,4.2349291360906056e-16
5032.1509433962265,9.580644650492983e-16
5032.301886792453,3.243259071916573e-16
5032.452830188679,2.500709462431248e-15
5032.603773584906,-1.153038243108742e-15
5032.754716981132,1.4932346299671064e-15
5032.905660377359,1.843870750102469e-15
5033.056603773585,8.046288189786048e-16
5033.207547169812,-3.885083571483194e-15
5033.358490566037,1.1274309169132865e-14
5033.509433962264,-1.1530923050766805e-14
5033.66037735849,8.975876768962037e-15
5033.811320754717,5.563097039186741e-16
5033.962264150943,-5.8113424285342766e-15
5034.11320754717,1.063710200652225e-14
5034.264150943396,-9.240448487573358e-15
5034.415094339623,1.0000418858253486e-14
5034.566037735849,-7.307033254539383e-15
5034.7169811320755,7.53688540589458e-15
5034.867924528302,-4.570124416975461e-15
5035.018867924528,5.247158247538169e-15
5035.169811320755,-2.9936055020853587e-15
5035.320754716981,3.1390375128530502e-15
5035.471698113208,1.0655212126924148e-15
5035.622641509434,-2.5814825947927822e-15
5035.773584905661,6.185428937310114e-15
5035.924528301887,-4.910104685878561e-15
5036.075471698113,5.313157329028626e-15
5036.226415094339,-2.337729017887187e-15
5036.377358490566,2.958617838548512e-15
5036.528301886792,-1.3951909658870243e-15
5036.679245283019,3.4491532338009088e-15
5036.830188679245,-2.587045174758719e-15
5036.981132075472,4.196421588621738e-15
5037.132075471698,-2.04973276208892e-15
5037.2830188679245,2.5658967238091186e-15
5037.433962264151,-1.1008622324198694e-15
5037.584905660377,4.364610931519429e-15
5037.735849056604,-5.755519814141351e-15
5037.88679245283,9.10989187450601e-15
5038.037735849057,-7.42907489422004e-15
5038.188679245283,7.014965010838741e-15
5038.33962264151,-3.5117161709753185e-15
5038.490566037736,3.4027872550963415e-15
5038.641509433963,-1.2385390286937479e-15
5038.792452830188,2.724655830293889e-15
5038.943396226415,-1.962096653597304e-15
5039.094339622641,3.4814401373998545e-15
5039.245283018868,-7.332103025184624e-16
5039.396226415094,-4.503548824505033e-16
5039.547169811321,3.903774852511666e-15
5039.698113207547,-2.9220765789719416e-15
5039.8490566037735,3.5305573820949874e-15
5040.0,-2.0008809719030067e-15
5040.1509433962265,3.960980767733492e-15
5040.301886792453,-1.903982649339699e-15
5040.452830188679,-1.237760012219148e-15
5040.603773584906,9.848808170435033e-15
5040.754716981132,-1.4026480960194448e-14
5040.905660377359,1.42539056177752e-14
5041.056603773585,-4.850479861336119e-15
5041.207547169812,-4.709168432888742e-15
5041.358490566037,1.397800428905241e-14
5041.509433962264,-1.497460560396938e-14
5041.66037735849,1.3577692533513236e-14
5041.811320754717,-7.489505502161099e-15
5041.962264150943,4.488461772022827e-15
5042.11320754717,-1.6981555172948843e-15
5042.264150943396,5.023129220779846e-15
5042.415094339623,-8.343988697276584e-15
5042.566037735849,1.3021186699307939e-14
5042.7169811320755,-1.0409081253095785e-14
5042.867924528302,4.459463354297363e-15
5043.018867924528,6.250058688495563e-15
5043.169811320755,-1.1232297693711215e-14
5043.320754716981,1.1134832933702239e-14
5043.471698113208,-1.7406312537269598e-15
5043.622641509434,-7.560260200103074e-15
5043.773584905661,1.6031682590781932e-14
5043.924528301887,-1.675920274686928e-14
5044.075471698113,1.593174573353178e-14
5044.226415094339,-1.1750887532924416e-14
5044.377358490566,9.571704983599288e-15
5044.528301886792,-3.4972853108135342e-15
5044.679245283019,-3.025307364714367e-15
5044.830188679245,1.2638917955682598e-14
5044.981132075472,-1.6573737777642383e-14
5045.132075471698,1.5459597101410365e-14
5045.2830188679245,-5.2593180039874576e-15
5045.433962264151,-4.732028710286827e-15
5045.584905660377,1.2680482287421896e-14
5045.735849056604,-1.166361709760742e-14
5045.88679245283,8.220327739396852e-15
5046.037735849057,-2.287511121287175e-15
5046.188679245283,-7.577106707318897e-17
5046.33962264151,3.850323590597274e-15
5046.490566037736,-5.335551330948252e-15
5046.641509433963,6.776423423784925e-15
5046.792452830188,-2.0780911074718065e-15
5046.943396226415,-3.616546499844794e-15
5047.094339622641,9.828360009390432e-15
5047.245283018868,-8.238217390646414e-15
5047.396226415094,2.6002228535400628e-15
5047.547169811321,6.424372177740054e-15
5047.698113207547,-9.263998440613853e-15
5047.8490566037735,7.780958917199984e-15
5048.0,-1.300745157823124e-15
5048.1509433962265,-1.2158626374875034e-15
5048.301886792453,1.077539283659321e-15
5048.452830188679,3.3433730268466374e-15
5048.603773584906,-4.034921987330861e-15
5048.754716981132,2.018561858556893e-15
5048.905660377359,5.557743594634665e-15
5049.056603773585,-1.179541197316247e-14
5049.207547169812,1.68831315173985e-14
5049.358490566037,-1.587396531267274e-14
5049.509433962264,1.3630568905965102e-14
5049.66037735849,-9.279559042975258e-15
5049.811320754717,7.881700638412164e-15
5049.962264150943,-5.771927626232824e-15
5050.11320754717,5.73820816276877e-15
5050.264150943396,-4.582171724499659e-15
5050.415094339623,5.880982951448428e-15
5050.566037735849,-5.2798152665693614e-15
5050.7169811320755,4.398411199968247e-15
5050.867924528302,5.627800275168577e-17
5051.018867924528,-2.2846423142368125e-15
5051.169811320755,2.6773478205215637e-15
5051.320754716981,1.6887188327211068e-15
5051.471698113208,-4.167297776848491e-15
5051.622641509434,4.715665662607825e-15
5051.773584905661,-8.048730870473933e-16
5051.924528301887,-8.158513552117109e-16
5052.075471698113,3.461879291182264e-16
5052.226415094339,3.9643415544925965e-15
5052.377358490566,-4.7132641264649214e-15
5052.528301886792,1.3922916753297804e-15
5052.679245283019,8.021611204828787e-15
5052.830188679245,-1.596778796527295e-14
5052.981132075472,2.0578414315661745e-14
5053.132075471698,-1.7702479975037012e-14
5053.2830188679245,1.2623811507964011e-14
5053.433962264151,-6.4842044122570036e-15
5053.584905660377,4.386689657996132e-15
5053.735849056604,-3.064608439359823e-15
5053.88679245283,2.7156071860129377e-15
5054.037735849057,1.3884607604201834e-15
5054.188679245283,-6.7117091917853505e-15
5054.33962264151,1.4144753785637714e-14
5054.490566037736,-1.8752916543408666e-14
5054.641509433963,2.063974168021706e-14
5054.792452830188,-1.534223839756579e-14
5054.943396226415,5.436716191359594e-15
5055.094339622641,7.541659937822923e-15
5055.245283018868,-1.4314342244855223e-14
5055.396226415094,1.2380306171218994e-14
5055.547169811321,-1.408485132366271e-15
5055.698113207547,-7.886175904515772e-15
5055.8490566037735,9.821464219974118e-15
5056.0,-1.5167162719189761e-15
5056.1509433962265,-7.760678497929162e-15
5056.301886792453,1.2088411837542491e-14
5056.452830188679,-7.023282846744025e-15
5056.603773584906,-5.1664643794206e-16
5056.754716981132,5.717018921393813e-15
5056.905660377359,-3.527032634808261e-15
5057.056603773585,-1.0537635264421708e-15
5057.207547169812,4.848038385663929e-15
5057.358490566037,-3.64655827147654e-15
5057.509433962264,1.5544657911049129e-15
5057.66037735849,4.316329825328259e-16
5057.811320754717,-4.387690926334118e-16
5057.962264150943,2.699875843132819e-15
5058.11320754717,-6.269714205365211e-15
5058.264150943396,1.0847354919115553e-14
5058.415094339623,-1.202536093090325e-14
5058.566037735849,1.1355968147861671e-14
5058.7169811320755,-8.859326431793926e-15
5058.867924528302,7.343052803043772e-15
5059.018867924528,-4.553530104089127e-15
5059.169811320755,1.6000516614358688e-15
5059.320754716981,1.809836288594787e-15
5059.471698113208,-1.8494380404282823e-15
5059.622641509434,-4.027629970080927e-16
5059.773584905661,4.150759616013435e-15
5059.924528301887,-4.7644852340306165e-15
5060.075471698113,2.5942984950248533e-15
5060.226415094339,2.15453886891023e-15
5060.377358490566,-5.339515510267495e-15
5060.528301886792,6.5883890801238866e-15
5060.679245283019,-4.583649456073131e-15
5060.830188679245,2.0810413993137456e-15
5060.981132075472,1.406529770844154e-16
5061.132075471698,7.742912046462651e-16
5061.2830188679245,-3.587078012921748e-15
5061.433962264151,7.579033832937593e-15
5061.584905660377,-8.69777001888997e-15
5061.735849056604,5.957638394927073e-15
5061.88679245283,1.4051391023257786e-15
5062.037735849057,-8.86407916049587e-15
5062.188679245283,1.2498266337074065e-14
5062.33962264151,-8.394127385236629e-15
5062.490566037736,-4.1258081944242004e-16
5062.641509433963,8.954872069443611e-15
5062.792452830188,-1.1043033644559729e-14
5062.943396226415,7.010886431917377e-15
5063.094339622641,3.15665912785762e-17
5063.245283018868,-4.409740613306155e-15
5063.396226415094,4.8701378518601035e-15
5063.547169811321,-1.994829278283478e-15
5063.698113207547,-6.242629719199966e-16
5063.8490566037735,1.7411988348437714e-15
5064.0,-5.2334427097240395e-16
5064.1509433962265,-1.0984344857956837e-15
5064.301886792453,2.0568078370546493e-15
5064.452830188679,-5.661860101249824e-16
5064.603773584906,-2.4465210089719e-15
5064.754716981132,5.4716382888083824e-15
5064.905660377359,-5.811240926081776e-15
5065.056603773585,3.965312354071549e-15
5065.207547169812,-1.824695016861906e-15
5065.358490566037,1.833957402146574e-15
5065.509433962264,-2.7643587473903752e-15
5065.66037735849,2.1704514056351803e-15
5065.811320754717,1.6023691430711542e-15
5065.962264150943,-5.923561481857447e-15
5066.11320754717,7.189125864667946e-15
5066.264150943396,-3.817053676484223e-15
5066.415094339623,-1.0702525847330044e-15
5066.566037735849,3.148271762547129e-15
5066.7169811320755,-2.081315209846552e-16
5066.867924528302,-5.565889806947908e-15
5067.018867924528,1.0122485458639722e-14
5067.169811320755,-1.0472140835155703e-14
5067.320754716981,6.996975357304061e-15
5067.471698113208,-2.8236486568071974e-15
5067.622641509434,1.634398972740563e-15
5067.773584905661,-4.801194901381287e-15
5067.924528301887,9.79698984712417e-15
5068.075471698113,-1.221069323585173e-14
5068.226415094339,9.413200505744692e-15
5068.377358490566,-3.7295418667112775e-15
5068.528301886792,-1.0414567314493908e-16
5068.679245283019,-9.545195242723696e-16
5068.830188679245,4.6593377279948916e-15
5068.981132075472,-6.609266941561843e-15
5069.132075471698,3.7914823661253466e-15
5069.2830188679245,1.7897354615374633e-15
5069.433962264151,-6.205174520834365e-15
5069.584905660377,6.0430071154005134e-15
5069.735849056604,-2.5047576907093115e-15
5069.88679245283,-1.0073982536336246e-15
5070.037735849057,5.175263932333717e-16
5070.188679245283,3.455491174425733e-15
5070.33962264151,-7.887432066088855e-15
5070.490566037736,8.218713107326104e-15
5070.641509433963,-3.994880492047182e-15
5070.792452830188,-2.7820929063298977e-15
5070.943396226415,7.264467854867924e-15
5071.094339622641,-7.30022348470955e-15
5071.245283018868,2.6186236021051243e-15
5071.396226415094,2.5936102054697922e-15
5071.547169811321,-5.129086718172517e-15
5071.698113207547,2.7510892360520612e-15
5071.8490566037735,1.5888921300980297e-15
5072.0,-5.273092000681424e-15
5072.1509433962265,5.98394713694583e-15
5072.301886792453,-6.15848680047487e-15
5072.452830188679,7.0132554839434635e-15
5072.603773584906,-9.54438841234403e-15
5072.754716981132,1.0349017798544233e-14
5072.905660377359,-7.878022090128067e-15
5073.056603773585,1.0293340297439834e-15
5073.207547169812,5.918430454608987e-15
5073.358490566037,-9.73283548553957e-15
5073.509433962264,7.075004962867465e-15
5073.66037735849,-8.395555260292592e-16
5073.811320754717,-5.845223394714699e-15
5073.962264150943,8.074091520047253e-15
5074.11320754717,-6.619561793033004e-15
5074.264150943396,2.925876012537337e-15
5074.415094339623,-1.959511573692502e-15
5074.566037735849,3.9150637220685024e-15
5074.7169811320755,-8.246411027638004e-15
5074.867924528302,9.913112909249249e-15
5075.018867924528,-8.411315049882476e-15
5075.169811320755,3.8146622678937366e-15
5075.320754716981,-7.737421038150873e-16
5075.471698113208,-8.60646039384566e-16
5075.622641509434,9.853247358884912e-16
5075.773584905661,-3.0453621834712852e-15
5075.924528301887,4.984435423537201e-15
5076.075471698113,-5.710115040724122e-15
5076.226415094339,1.3560657632558977e-15
5076.377358490566,5.3157274626591055e-15
5076.528301886792,-1.185267971193628e-14
5076.679245283019,1.2701642836265987e-14
5076.830188679245,-9.825926893074942e-15
5076.981132075472,5.390517544534145e-15
5077.132075471698,-4.744283827739784e-15
5077.2830188679245,5.343925435037185e-15
5077.433962264151,-5.264990587893838e-15
5077.584905660377,2.455215910586393e-16
5077.735849056604,5.759736343120924e-15
5077.88679245283,-1.004421315193491e-14
5078.037735849057,7.337799510250909e-15
5078.188679245283,-4.747041742782801e-16
5078.33962264151,-8.422490284429178e-15
5078.490566037736,1.2682032366287459e-14
5078.641509433963,-1.2189108429423912e-14
5078.792452830188,5.7211005989015724e-15
5078.943396226415,1.3649275804332743e-15
5079.094339622641,-7.51546606214323e-15
5079.245283018868,8.005813744277376e-15
5079.396226415094,-5.178472788399881e-15
5079.547169811321,-7.225860986243009e-16
5079.698113207547,4.2573565144597266e-15
5079.8490566037735,-6.326104622865282e-15
5080.0,5.5126759537523354e-15
5080.1509433962265,-6.097710849553474e-15
5080.301886792453,6.2751976654428416e-15
5080.452830188679,-7.238803765427704e-15
5080.603773584906,5.0959617076804355e-15
5080.754716981132,-3.239845728663019e-15
5080.905660377359,2.4246353673671905e-15
5081.056603773585,-7.81033386809569e-15
5081.207547169812,1.5139081579241807e-14
5081.358490566037,-2.137035624982473e-14
5081.509433962264,1.8799962265320602e-14
5081.66037735849,-1.0326002895568876e-14
5081.811320754717,-1.3234521219878386e-15
5081.962264150943,7.428955540912202e-15
5082.11320754717,-8.847261404587224e-15
5082.264150943396,5.29304101837417e-15
5082.415094339623,-2.9871691600089257e-15
5082.566037735849,9.62994840310784e-17
5082.7169811320755,1.4999271468709128e-15
5082.867924528302,-5.004607516464547e-15
5083.018867924528,5.9866558474527935e-15
5083.169811320755,-6.0979784525721465e-15
5083.320754716981,3.3451099403917113e-15
5083.471698113208,-3.2883112659008158e-15
5083.622641509434,3.977048217751003e-15
5083.773584905661,-6.642200206611045e-15
5083.924528301887,5.4512948258930254e-15
5084.075471698113,-3.1343493628185947e-15
5084.226415094339,-1.1755332261003434e-15
5084.377358490566,2.078036745176894e-15
5084.528301886792,-2.860534950042472e-15
5084.679245283019,1.7270450487912166e-15
5084.830188679245,-2.6017473847247063e-15
5084.981132075472,1.59802724149643e-15
5085.132075471698,-1.637013516529292e-15
5085.2830188679245,3.004879365069311e-16
5085.433962264151,-2.6539905727218346e-15
5085.584905660377,5.849506940408598e-15
5085.735849056604,-1.159218025196487e-14
5085.88679245283,1.3328704531890469e-14
5086.037735849057,-1.250630485163448e-14
5086.188679245283,6.2902435208278365e-15
5086.33962264151,-1.1039847337117755e-15
5086.490566037736,-3.683234881541557e-15
5086.641509433963,3.242753766454825e-15
5086.792452830188,-2.0396745588950467e-15
5086.943396226415,-1.4592611221594065e-15
5087.094339622641,1.2977140311873236e-15
5087.245283018868,-1.6497612795368217e-16
5087.396226415094,-4.537798321002823e-15
5087.547169811321,6.35243088879087e-15
5087.698113207547,-6.91296315652389e-15
5087.8490566037735,2.473480283713156e-15
5088.0,1.0690882096246402e-15
5088.1509433962265,-5.331934392024995e-15
5088.301886792453,5.220721380785574e-15
5088.452830188679,-4.5518052840732866e-15
5088.603773584906,6.511894332878098e-17
5088.754716981132,2.6659034604382512e-15
5088.905660377359,-5.6099725179701965e-15
5089.056603773585,3.5501732593617607e-15
5089.207547169812,-1.330336016826553e-15
5089.358490566037,-3.0621147013591635e-15
5089.509433962264,3.951347188322449e-15
5089.66037735849,-5.514157831955434e-15
5089.811320754717,4.294776618077613e-15
5089.962264150943,-4.435186399544242e-15
5090.11320754717,1.000690820670952e-15
5090.264150943396,1.4486892312251972e-15
5090.415094339623,-5.171072014790729e-15
5090.566037735849,3.634311507335732e-15
5090.7169811320755,-1.0342849226745321e-15
5090.867924528302,-4.6873293108654424e-15
5091.018867924528,6.308226949510492e-15
5091.169811320755,-7.174781710687846e-15
5091.320754716981,4.014772589606805e-15
5091.471698113208,-3.3454447565054536e-15
5091.622641509434,1.8111048071789807e-15
5091.773584905661,-3.559939722968037e-15
5091.924528301887,2.8412571617031334e-15
5092.075471698113,-3.461911006502819e-15
5092.226415094339,1.1408266485002723e-15
5092.377358490566,-1.624448959213767e-15
5092.528301886792,1.0547798354165187e-15
5092.679245283019,-3.630813488507736e-15
5092.830188679245,2.92356629544757e-15
5092.981132075472,-2.353711152917646e-15
5093.132075471698,-2.1114535340039576e-15
5093.2830188679245,3.156559039637087e-15
5093.433962264151,-3.609412499694744e-15
5093.584905660377,-9.89764422686954e-16
5093.735849056604,3.6558734261245695e-15
5093.88679245283,-7.749292792820517e-15
5094.037735849057,8.274318435394964e-15
5094.188679245283,-1.0512061337868102e-14
5094.33962264151,9.218634039583458e-15
5094.490566037736,-9.231583408064547e-15
5094.641509433963,6.212683520979094e-15
5094.792452830188,-6.195437849840124e-15
5094.943396226415,4.152848931333321e-15
5095.094339622641,-4.409914421684551e-15
5095.245283018868,1.3236893583586387e-15
5095.396226415094,-4.952054060922564e-16
5095.547169811321,-2.5414469807631902e-15
5095.698113207547,2.2682817840630746e-15
5095.8490566037735,-3.843745088889756e-15
5096.0,1.4279808031714108e-15
5096.1509433962265,1.8758083784209326e-16
5096.301886792453,-5.456191011287934e-15
5096.452830188679,6.590661566193098e-15
5096.603773584906,-6.9132615030289225e-15
5096.754716981132,1.4318805635099731e-15
5096.905660377359,1.6296927496285332e-15
5097.056603773585,-4.979947767673624e-15
5097.207547169812,2.6595563142211904e-15
5097.358490566037,-2.031793859861568e-15
5097.509433962264,-2.884313319194671e-16
5097.66037735849,-1.743858903112648e-15
5097.811320754717,1.0382815739008374e-15
5097.962264150943,-1.3585609535049068e-15
5098.11320754717,-2.977119135590177e-15
5098.264150943396,4.027931934761861e-15
5098.415094339623,-5.258632607431791e-15
5098.566037735849,1.6286684328069385e-15
5098.7169811320755,-2.070928411863499e-15
5098.867924528302,2.4163288872081855e-15
5099.018867924528,-5.562062686652655e-15
5099.169811320755,9.353061948491847e-16
5099.320754716981,6.056087632767519e-15
5099.471698113208,-1.5106990719665075e-14
5099.622641509434,1.2838382717869245e-14
5099.773584905661,-4.5348783894999824e-15
5099.924528301887,-7.628323392207902e-15
5100.075471698113,7.976849388674667e-15
5100.226415094339,-8.159136308847085e-16
5100.377358490566,-1.1562616035518815e-14
5100.528301886792,1.2657177027318171e-14
5100.679245283019,-6.079683121624357e-15
5100.830188679245,-6.568819196205603e-15
5100.981132075472,8.92643052904774e-15
5101.132075471698,-4.007420298140418e-15
5101.2830188679245,-8.267578643652897e-15
5101.433962264151,1.2697043547242759e-14
5101.584905660377,-1.154740699985627e-14
5101.735849056604,1.8171977131834447e-15
5101.88679245283,3.717416541486885e-15
5102.037735849057,-7.006478778124881e-15
5102.188679245283,1.754490610751439e-15
5102.33962264151,2.258199369598218e-15
5102.490566037736,-7.312415493972142e-15
5102.641509433963,4.9911268145871355e-15
5102.792452830188,-3.2996162586296327e-15
5102.943396226415,-6.387731834524142e-16
5103.094339622641,-1.5631226512877588e-15
5103.245283018868,1.3721935068288613e-15
5103.396226415094,-1.6099006829407595e-15
5103.547169811321,-5.3764860102622314e-15
5103.698113207547,9.990591851438039e-15
5103.8490566037735,-1.4749183083481936e-14
5104.0,1.1419767561009517e-14
5104.1509433962265,-8.273799683074156e-15
5104.301886792453,1.6679983690933517e-15
5104.452830188679,-1.0673096267959084e-15
5104.603773584906,8.116248930085474e-16
5104.754716981132,-5.957219529361642e-15
5104.905660377359,5.537617780460798e-15
5105.056603773585,-3.0342340960191547e-15
5105.207547169812,-6.969663938539173e-15
5105.358490566037,1.1415036924641594e-14
5105.509433962264,-1.1648694767905987e-14
5105.66037735849,1.5168711265558886e-15
5105.811320754717,5.247691244765927e-15
5105.962264150943,-9.243414987273423e-15
5106.11320754717,3.4013308539560414e-15
5106.264150943396,-1.6468313049249972e-16
5106.415094339623,-2.718210883220277e-15
5106.566037735849,-1.503388333721702e-15
5106.7169811320755,1.672186767008703e-15
5106.867924528302,-1.9397810188059355e-15
5107.018867924528,-3.9792628037097906e-15
5107.169811320755,5.749274189715968e-15
5107.320754716981,-8.439998658300552e-15
5107.471698113208,5.229493047058226e-15
5107.622641509434,-5.0830766244447425e-15
5107.773584905661,1.8422067932451834e-15
5107.924528301887,-2.891108182497462e-15
5108.075471698113,9.61232571754636e-16
5108.226415094339,-3.894967362713004e-15
5108.377358490566,4.4401950241249016e-15
5108.528301886792,-8.8406409361474e-15
5108.679245283019,7.568137376789057e-15
5108.830188679245,-6.434227363665576e-15
5108.981132075472,-1.6281872869137975e-15
5109.132075471698,6.293353532035844e-15
5109.2830188679245,-1.1318196982143757e-14
5109.433962264151,7.138860438939307e-15
5109.584905660377,-2.870028524654202e-15
5109.735849056604,-4.801300605334477e-15
5109.88679245283,4.563264890861445e-15
5110.037735849057,-3.856238113621408e-15
5110.188679245283,-1.9242258515756527e-15
5110.33962264151,1.693640497361111e-15
5110.490566037736,-1.894589741754803e-15
5110.641509433963,-4.396969155350837e-15
5110.792452830188,7.743567932139036e-15
5110.943396226415,-1.3983201255423864e-14
5111.094339622641,1.3265820396915322e-14
5111.245283018868,-1.2274118105546701e-14
5111.396226415094,4.3861006649212156e-15
5111.547169811321,-1.1550905991038391e-15
5111.698113207547,-1.785658676529954e-15
5111.8490566037735,-3.773935453217912e-15
5112.0,6.444459939244733e-15
5112.1509433962265,-9.956114965300064e-15
5112.301886792453,4.7388335689168836e-15
5112.452830188679,-9.366313076419513e-16
5112.603773584906,-5.56095129365199e-15
5112.754716981132,3.701195310711035e-15
5112.905660377359,-1.5490588838424983e-15
5113.056603773585,-6.062999199342956e-15
5113.207547169812,7.0801495758224796e-15
5113.358490566037,-7.700389484529476e-15
5113.509433962264,1.1040490570605065e-15
5113.66037735849,1.1244028157104584e-15
5113.811320754717,-4.774821587735372e-15
5113.962264150943,1.7556023829585952e-15
5114.11320754717,-2.323847858119571e-15
5114.264150943396,-3.3370984545264497e-16
5114.415094339623,-1.861291947879051e-15
5114.566037735849,-7.167184163289421e-16
5114.7169811320755,1.1721691696672756e-16
5114.867924528302,-3.5318473136935746e-15
5115.018867924528,8.547691990776761e-16
5115.169811320755,-6.586380670578603e-16
5115.320754716981,-2.8560601253972696e-15
5115.471698113208,-1.7316959672444127e-15
5115.622641509434,5.384603406711809e-15
5115.773584905661,-1.1893716555051744e-14
5115.924528301887,7.685275356029299e-15
5116.075471698113,-1.5197886032442304e-15
5116.226415094339,-8.995004988430084e-15
5116.377358490566,8.151983353155637e-15
5116.528301886792,-3.0938936697182654e-15
5116.679245283019,-9.60822786124702e-15
5116.830188679245,1.4059573741039474e-14
5116.981132075472,-1.5857931970567674e-14
5117.132075471698,8.77011317428944e-15
5117.2830188679245,-6.2821979966724874e-15
5117.433962264151,1.8841302714437946e-15
5117.584905660377,-3.0517089820214342e-15
5117.735849056604,-1.5704603172628688e-15
5117.88679245283,3.656024154178602e-15
5118.037735849057,-1.01515970875201e-14
5118.188679245283,9.700844646779851e-15
5118.33962264151,-1.0570106305571015e-14
5118.490566037736,5.250131962438529e-15
5118.641509433963,-4.923082799910413e-15
5118.792452830188,1.8123743410446e-15
5118.943396226415,-4.647100734456288e-15
5119.094339622641,3.145014333421611e-15
5119.245283018868,-5.3648142090605445e-15
5119.396226415094,2.0747611752947717e-15
5119.547169811321,-3.1292122058420718e-15
5119.698113207547,3.104504143919702e-16
5119.8490566037735,-3.1920374893574615e-15
5120.0,2.0484381512288376e-15
5120.1509433962265,-4.9420000639796915e-15
5120.301886792453,1.7641767555375154e-15
5120.452830188679,-2.228471283008207e-15
5120.603773584906,-1.1074999147004866e-15
5120.754716981132,-2.763838718600916e-15
5120.905660377359,4.082087693871129e-15
5121.056603773585,-9.494448258980796e-15
5121.207547169812,6.8221439070992395e-15
5121.358490566037,-5.085418570523927e-15
5121.509433962264,-2.7549377400008486e-15
5121.66037735849,4.059125692196814e-15
5121.811320754717,-6.607762231665561e-15
5121.962264150943,1.6035613693672524e-15
5122.11320754717,-9.46197643133329e-16
5122.264150943396,-2.3241821690845236e-15
5122.415094339623,-2.365030977422296e-15
5122.566037735849,3.916873140473491e-15
5122.7169811320755,-8.822699660944194e-15
5122.867924528302,5.228236107359968e-15
5123.018867924528,-3.327810963133806e-15
5123.169811320755,-3.773995796593707e-15
5123.320754716981,3.787629537926176e-15
5123.471698113208,-5.9154291323394705e-15
5123.622641509434,1.8307183660243e-15
5123.773584905661,-2.9796278591805434e-15
5123.924528301887,2.02160734184871e-16
5124.075471698113,-2.8376093981584406e-15
5124.226415094339,4.074013935241961e-16
5124.377358490566,-2.614952451390646e-15
5124.528301886792,-1.001400970341695e-16
5124.679245283019,-2.3901008297298634e-15
5124.830188679245,3.770612323413152e-17
5124.981132075472,-2.467396606797071e-15
5125.132075471698,-3.426075231032972e-16
5125.2830188679245,-1.884471753787232e-15
5125.433962264151,-5.068260467035342e-16
5125.584905660377,-2.4595242299741054e-15
5125.735849056604,2.6274756277345575e-16
5125.88679245283,-2.5123345820579597e-15
5126.037735849057,-7.576191131808699e-16
5126.188679245283,-1.2897240976066051e-15
5126.33962264151,-7.884521666160689e-16
5126.490566037736,-2.9747773931067956e-15
5126.641509433963,1.237885594778073e-15
5126.792452830188,-3.0337308990849954e-15
5126.943396226415,-1.5553765932423004e-15
5127.094339622641,1.8225654620176425e-16
5127.245283018868,-9.933101019007477e-16
5127.396226415094,-5.871779996685336e-15
5127.547169811321,6.786176925616932e-15
5127.698113207547,-8.568679542777017e-15
5127.8490566037735,6.104495550288483e-16
5128.0,3.1021168127996766e-15
5128.1509433962265,-8.406268438908547e-15
5128.301886792453,3.4866612943126e-15
5128.452830188679,-2.0564081270385505e-15
5128.603773584906,-1.151193742528749e-15
5128.754716981132,-6.356905548311935e-15
5128.905660377359,1.0522516162888598e-14
5129.056603773585,-1.568198902079884e-14
5129.207547169812,8.219205230400198e-15
5129.358490566037,-1.4944906798651756e-15
5129.509433962264,-9.082139759684675e-15
5129.66037735849,8.954898273421218e-15
5129.811320754717,-9.469396667483954e-15
5129.962264150943,3.594102167907135e-15
5130.11320754717,-4.7028287659930546e-15
5130.264150943396,2.030397992299547e-15
5130.415094339623,-4.718496219451818e-15
5130.566037735849,1.5335362566027724e-15
5130.7169811320755,-4.349323840276315e-15
5130.867924528302,3.4530445581455448e-15
5131.018867924528,-8.85837422241378e-15
5131.169811320755,7.40462819752121e-15
5131.320754716981,-7.834114252652293e-15
5131.471698113208,-6.129879033065952e-16
5131.622641509434,4.466429556740727e-15
5131.773584905661,-1.1006959985024555e-14
5131.924528301887,7.010030131835797e-15
5132.075471698113,-3.7925173832081064e-15
5132.226415094339,-6.610988683943939e-15
5132.377358490566,9.317720099069488e-15
5132.528301886792,-1.293808164082148e-14
5132.679245283019,7.319240279217415e-15
5132.830188679245,-6.626158568024644e-15
5132.981132075472,2.281876222365646e-15
5133.132075471698,-5.136752007853814e-15
5133.2830188679245,2.1269732027757615e-15
5133.433962264151,-3.0851887058784926e-15
5133.584905660377,-2.5399225905996495e-15
5133.735849056604,2.185529089116097e-15
5133.88679245283,-6.0978226690676055e-15
5134.037735849057,2.8005802956932302e-15
5134.188679245283,-3.4338405625028246e-15
5134.33962264151,-2.9028808253240706e-15
5134.490566037736,3.720107741601328e-15
5134.641509433963,-8.109333578364691e-15
5134.792452830188,2.7135077316236692e-15
5134.943396226415,1.2818299705580386e-15
5135.094339622641,-1.2035958465084905e-14
5135.245283018868,1.2849489750304075e-14
5135.396226415094,-1.1485869551530894e-14
5135.547169811321,-1.4609491472611323e-15
5135.698113207547,7.547138775405344e-15
5135.8490566037735,-1.1587204260288568e-14
5136.0,1.6131896048282046e-15
5136.1509433962265,5.0542490264456616e-15
5136.301886792453,-1.2734378597918195e-14
5136.452830188679,6.9143464614312626e-15
5136.603773584906,-1.699984023530227e-15
5136.754716981132,-9.056332671070698e-15
5136.905660377359,9.62014961455989e-15
5137.056603773585,-1.0701742386599287e-14
5137.207547169812,2.463831846453108e-15
5137.358490566037,8.909250591763095e-16
5137.509433962264,-8.804261137415697e-15
5137.66037735849,8.14836017434337e-15
5137.811320754717,-9.862573193248506e-15
5137.962264150943,2.4030327708325695e-15
5138.11320754717,1.0988015689438998e-15
5138.264150943396,-9.742930351013979e-15
5138.415094339623,9.109412710523143e-15
5138.566037735849,-1.006991153880695e-14
5138.7169811320755,2.4829068133333733e-15
5138.867924528302,-1.0507037314027615e-15
5139.018867924528,-4.203404759102274e-15
5139.169811320755,1.6435021177460284e-15
5139.320754716981,-4.240070790630852e-15
5139.471698113208,3.2910301226672876e-16
5139.622641509434,-1.1730496238576127e-15
5139.773584905661,-4.988060951066572e-15
5139.924528301887,4.386128124360081e-15
5140.075471698113,-6.890803165210618e-15
5140.226415094339,3.4336109839118304e-16
5140.377358490566,1.1135492059803242e-15
5140.528301886792,-6.8468200022420305e-15
5140.679245283019,3.792954610609843e-15
5140.830188679245,-5.052855854358678e-15
5140.981132075472,3.7287061979231094e-16
5141.132075471698,-2.863824959043703e-15
5141.2830188679245,1.4069418799453366e-16
5141.433962264151,-3.444691103405713e-15
5141.584905660377,1.0946027262759492e-16
5141.735849056604,-2.5409268469012315e-15
5141.88679245283,-8.339671691839068e-16
5142.037735849057,-2.477674827112374e-15
5142.188679245283,-1.059429267856187e-16
5142.33962264151,-2.9683430326628464e-15
5142.490566037736,-8.512783668562559e-16
5142.641509433963,-1.2625811045641483e-15
5142.792452830188,-1.9258115333801678e-15
5142.943396226415,-2.3939434043232127e-15
5143.094339622641,8.930323850965138e-16
5143.245283018868,-3.8282874742989955e-15
5143.396226415094,-2.1788560576049773e-15
5143.547169811321,2.8054563337739065e-15
5143.698113207547,-6.811676976083319e-15
5143.8490566037735,1.0121171695346035e-16
5144.0,2.56542781842547e-15
5144.1509433962265,-9.451781665659636e-15
5144.301886792453,5.913543507378785e-15
5144.452830188679,-5.611982702453643e-15
5144.603773584906,-1.5834871772931113e-15
5144.754716981132,1.807018493718655e-15
5144.905660377359,-7.262352429803747e-15
5145.056603773585,4.852632746886451e-15
5145.207547169812,-6.418158330230429e-15
5145.358490566037,-4.0059334509347066e-16
5145.509433962264,1.2726892437301058e-15
5145.66037735849,-6.819292344657471e-15
5145.811320754717,3.711830246271481e-15
5145.962264150943,-5.653503486462749e-15
5146.11320754717,1.4834845332340678e-15
5146.264150943396,-4.465184490273767e-15
5146.415094339623,1.221123981168598e-15
5146.566037735849,-3.81470612062876e-15
5146.7169811320755,1.7412882861170808e-17
5146.867924528302,-3.926523424612474e-15
5147.018867924528,3.1603483141651845e-15
5147.169811320755,-9.094190759786593e-15
5147.320754716981,6.6034078361232245e-15
5147.471698113208,-7.270780746370192e-15
5147.622641509434,-9.759241591053605e-16
5147.773584905661,2.7642934805675503e-15
5147.924528301887,-8.01232463206407e-15
5148.075471698113,2.1260939733048052e-15
5148.226415094339,7.456595756151584e-16
5148.377358490566,-9.436581598844649e-15
5148.528301886792,6.37011673790154e-15
5148.679245283019,-3.1423518942129128e-15
5148.830188679245,-9.578831315097653e-15
5148.981132075472,1.2338628787116057e-14
5149.132075471698,-1.3985417717965347e-14
5149.2830188679245,3.0831280951635924e-15
5149.433962264151,1.0772915285497602e-15
5149.584905660377,-6.0223212422112925e-15
5149.735849056604,-1.5786885169122112e-15
5149.88679245283,3.689308967429146e-15
5150.037735849057,-8.089163051657344e-15
5150.188679245283,4.652976869929315e-16
5150.33962264151,2.519527084626886e-15
5150.490566037736,-9.470154767440607e-15
5150.641509433963,5.3779851998233895e-15
5150.792452830188,-5.365608738539629e-15
5150.943396226415,-4.074393415002534e-16
5151.094339622641,-3.2327742844714343e-15
5151.245283018868,2.1245888723420687e-15
5151.396226415094,-6.9526690950469944e-15
5151.547169811321,2.537503214174143e-15
5151.698113207547,-2.9595968760517464e-15
5151.8490566037735,-2.0411695464148884e-15
5152.0,-3.493768805486385e-15
5152.1509433962265,5.3529704825404806e-15
5152.301886792453,-1.2688531306644908e-14
5152.452830188679,8.087328964725308e-15
5152.603773584906,-5.246210224870829e-15
5152.754716981132,-4.371158269737484e-15
5152.905660377359,2.073376328461179e-15
5153.056603773585,-7.4517146640941525e-16
5153.207547169812,-8.340462194741868e-15
5153.358490566037,5.9889523906100206e-15
5153.509433962264,-4.435028531186259e-15
5153.66037735849,-5.560902301813376e-15
5153.811320754717,4.686814148248377e-15
5153.962264150943,-4.5934333206794226e-15
5154.11320754717,-4.880270333671354e-15
5154.264150943396,4.592920440455131e-15
5154.415094339623,-5.0682024102957536e-15
5154.566037735849,-5.746867355774206e-15
5154.7169811320755,9.377129869836969e-15
5154.867924528302,-1.5067321945465448e-14
5155.018867924528,8.208789801413532e-15
5155.169811320755,-5.333940347646294e-15
5155.320754716981,-3.240728576090768e-15
5155.471698113208,1.66188897783977e-15
5155.622641509434,-4.4575012248810005e-15
5155.773584905661,-3.0447319266618514e-17
5155.924528301887,-3.107504828207847e-15
5156.075471698113,-4.258737760230411e-16
5156.226415094339,-2.4008498742712116e-15
5156.377358490566,-1.6922950431973667e-15
5156.528301886792,-2.592765495105175e-15
5156.679245283019,1.811108144282888e-15
5156.830188679245,-8.138714923382677e-15
5156.981132075472,5.172670262959096e-15
5157.132075471698,-5.733501747997318e-15
5157.2830188679245,-2.7798644976429118e-15
5157.433962264151,3.664591065832461e-15
5157.584905660377,-8.366050028172935e-15
5157.735849056604,2.212313019027731e-15
5157.88679245283,-7.903374685633953e-16
5158.037735849057,-6.825163895946761e-15
5158.188679245283,3.8929453847648685e-15
5158.33962264151,-3.585704141896384e-15
5158.490566037736,-6.527699967759938e-15
5158.641509433963,9.060785303563271e-15
5158.792452830188,-1.48682569763306e-14
5158.943396226415,8.794814309488595e-15
5159.094339622641,-6.730305970297324e-15
5159.245283018868,-2.0990280881532148e-15
5159.396226415094,1.0436005759310944e-15
5159.547169811321,-4.031597519872401e-15
5159.698113207547,-1.41218941037743e-15
5159.8490566037735,-8.1554351020776e-16
5160.0,-2.6937312831962635e-15
5160.1509433962265,-1.6657710236552204e-15
5160.301886792453,-1.4833025716465903e-15
5160.452830188679,-1.4318460548464077e-15
5160.603773584906,-3.4263202565613695e-15
5160.754716981132,6.168451624305918e-16
5160.905660377359,-3.49891379771022e-15
5161.056603773585,-1.7732187438357086e-15
5161.207547169812,-1.0006420932939325e-15
5161.358490566037,-7.927420237986414e-16
5161.509433962264,-6.663031776601016e-15
5161.66037735849,6.160197748999627e-15
5161.811320754717,-9.240494991878254e-15
5161.962264150943,1.38210973010907e-15
5162.11320754717,2.5260155193692e-16
5162.264150943396,-6.753701799022684e-15
5162.415094339623,2.480632911235408e-15
5162.566037735849,-3.4108623868480234e-15
5162.7169811320755,-2.1954251132769984e-15
5162.867924528302,-1.7047391532009277e-15
5163.018867924528,-1.7908202700117635e-16
5163.169811320755,-4.1722960739164115e-15
5163.320754716981,-1.4924667083812535e-15
5163.471698113208,1.6860197128319237e-15
5163.622641509434,-7.883377903569095e-15
5163.773584905661,3.255431243342703e-15
5163.924528301887,-3.0766951239847524e-15
5164.075471698113,-4.454531456904455e-15
5164.226415094339,2.8640545531835752e-15
5164.377358490566,-7.243875598521227e-15
5164.528301886792,4.4406803556319905e-15
5164.679245283019,-9.345055703934398e-15
5164.830188679245,5.872629548881646e-15
5164.981132075472,-7.000339478112048e-15
5165.132075471698,-2.0128834280206197e-15
5165.2830188679245,4.382723292659828e-15
5165.433962264151,-1.1789443104727133e-14
5165.584905660377,7.487070069830417e-15
5165.735849056604,-6.284903410389358e-15
5165.88679245283,-4.4233998736578755e-15
5166.037735849057,6.689525734191376e-15
5166.188679245283,-1.2600958254208178e-14
5166.33962264151,6.6688379218692e-15
5166.490566037736,-5.31737203718072e-15
5166.641509433963,-3.4782253620548404e-15
5166.792452830188,2.7598043298148453e-15
5166.943396226415,-6.844005095708302e-15
5167.094339622641,1.64594504978795e-15
5167.245283018868,-3.2589874101877333e-15
5167.396226415094,-1.8829896901214194e-15
5167.547169811321,-2.2971389638376074e-15
5167.698113207547,1.1161991095023278e-15
5167.8490566037735,-7.933685665457696e-15
5168.0,5.3796399056275515e-15
5168.1509433962265,-7.434220719728392e-15
5168.301886792453,7.822403227056984e-16
5168.452830188679,-2.9436202561275976e-15
5168.603773584906,-2.786719716046481e-16
5168.754716981132,-4.310296446409643e-15
5168.905660377359,-9.09605796792064e-16
5169.056603773585,1.6993462653374883e-15
5169.207547169812,-1.0992134557546677e-14
5169.358490566037,1.0279622137456835e-14
5169.509433962264,-1.2462013250309005e-14
5169.66037735849,3.1294631863642063e-15
5169.811320754717,-2.5538271008286163e-16
5169.962264150943,-8.240205784472651e-15
5170.11320754717,6.106292277314617e-15
5170.264150943396,-9.351784988191893e-15
5170.415094339623,4.147412653044278e-15
5170.566037735849,-5.868759782807514e-15
5170.7169811320755,-1.1964568883000253e-15
5170.867924528302,1.6651002884800328e-15
5171.018867924528,-9.0426834777201e-15
5171.169811320755,6.233767577916343e-15
5171.320754716981,-8.366075228528875e-15
5171.471698113208,2.5143878307883188e-15
5171.622641509434,-6.538152261798982e-15
5171.773584905661,5.419663557952497e-15
5171.924528301887,-1.182352370769871e-14
5172.075471698113,7.577759002006233e-15
5172.226415094339,-7.577274802296613e-15
5172.377358490566,-1.0887240482819346e-15
5172.528301886792,2.8013885530214266e-16
5172.679245283019,-4.339990365678343e-15
5172.830188679245,-9.609936166014823e-16
5172.981132075472,-1.3324032601701081e-15
5173.132075471698,-3.4025126787652146e-15
5173.2830188679245,-4.05533559454049e-17
5173.433962264151,-3.8718168491606374e-15
5173.584905660377,-4.687907303025509e-16
5173.735849056604,-2.420310657357804e-15
5173.88679245283,-1.7656260644731998e-15
5174.037735849057,-3.723859141531575e-15
5174.188679245283,3.2399787454547113e-15
5174.33962264151,-9.941178716171174e-15
5174.490566037736,5.8003689798004405e-15
5174.641509433963,-5.865160589137172e-15
5174.792452830188,-3.0563946829790412e-15
5174.943396226415,2.34822051591337e-15
5175.094339622641,-5.998197990800382e-15
5175.245283018868,-4.524541533052388e-16
5175.396226415094,-1.0507751151207953e-15
5175.547169811321,-3.0941012881590863e-15
5175.698113207547,-2.4296383864024555e-15
5175.8490566037735,-1.9873519363808098e-16
5176.0,-2.358742432822431e-15
5176.1509433962265,-5.3304149379648206e-15
5176.301886792453,4.919832049912546e-15
5176.452830188679,-8.966380139086427e-15
5176.603773584906,1.2326310476693744e-15
5176.754716981132,3.5976602283523e-16
5176.905660377359,-8.123880618268168e-15
5177.056603773585,4.4801552920877794e-15
5177.207547169812,-5.6008812624659975e-15
5177.358490566037,-1.7393059451445006e-15
5177.509433962264,-9.722542595528121e-16
5177.66037735849,-6.909412876284154e-16
5177.811320754717,-7.42620427788855e-15
5177.962264150943,6.172943909741849e-15
5178.11320754717,-8.683566920768274e-15
5178.264150943396,-1.9254418333556266e-16
5178.415094339623,1.4182241670474475e-15
5178.566037735849,-7.581477120150696e-15
5178.7169811320755,2.5752450594277152e-15
5178.867924528302,-4.682033212355791e-15
5179.018867924528,7.981635006263707e-16
5179.169811320755,-6.897146338789441e-15
5179.320754716981,5.064980202952886e-15
5179.471698113208,-9.260554134713787e-15
5179.622641509434,3.688939407053312e-15
5179.773584905661,-5.237271880909142e-15
5179.924528301887,-1.1872067303824205e-15
5180.075471698113,-8.534052506938859e-16
5180.226415094339,-3.5809348191696146e-15
5180.377358490566,-1.7369938555642031e-15
5180.528301886792,-6.786968173107477e-16
5180.679245283019,-2.140156859169321e-15
5180.830188679245,-7.2353535009606e-15
5180.981132075472,1.0888479560809118e-14
5181.132075471698,-2.011545185843529e-14
5181.2830188679245,1.517719409009048e-14
5181.433962264151,-1.2051998290018558e-14
5181.584905660377,-1.138844288853536e-15
5181.735849056604,3.0809218248787273e-15
5181.88679245283,-6.905162796472491e-15
5182.037735849057,-1.786779350362227e-15
5182.188679245283,2.5564269335081222e-15
5182.33962264151,-7.722672182400883e-15
5182.490566037736,8.445915242960353e-16
5182.641509433963,-2.0440976255330328e-16
5182.792452830188,-7.588582040777996e-15
5182.943396226415,4.987133338869362e-15
5183.094339622641,-7.563809344154831e-15
5183.245283018868,-3.391581126153386e-16
5183.396226415094,9.4668070110732e-16
5183.547169811321,-7.527552855238037e-15
5183.698113207547,1.9220499071824233e-15
5183.8490566037735,-9.442499861881873e-16
5184.0,-8.086144350910828e-15
5184.1509433962265,5.659735695995664e-15
5184.301886792453,-7.582837907326493e-15
5184.452830188679,9.39095732994293e-16
5184.603773584906,-5.51368742475087e-15
5184.754716981132,5.435211763389003e-15
5184.905660377359,-1.3146423103598509e-14
5185.056603773585,8.294391339677127e-15
5185.207547169812,-6.7117974963509176e-15
5185.358490566037,-3.494288338744853e-15
5185.509433962264,1.1271570924486155e-15
5185.66037735849,-1.4347167898714793e-15
5185.811320754717,-7.81509905673035e-15
5185.962264150943,5.327564018860565e-15
5186.11320754717,-5.7159339289381655e-15
5186.264150943396,-4.345002697438477e-15
5186.415094339623,4.15648919537265e-15
5186.566037735849,-7.744649947196921e-15
5186.7169811320755,2.596568296879036e-16
5186.867924528302,-1.342146720825927e-15
5187.018867924528,-2.8411327144859277e-15
5187.169811320755,-3.57107737014709e-15
5187.320754716981,1.4158023038544612e-15
5187.471698113208,-4.2510717486473484e-15
5187.622641509434,-4.1542851531085766e-15
5187.773584905661,4.338004499991601e-15
5187.924528301887,-8.866483171734098e-15
5188.075471698113,1.1585257501841623e-16
5188.226415094339,3.1750681918938835e-15
5188.377358490566,-1.2873766289240684e-14
5188.528301886792,9.523776882252857e-15
5188.679245283019,-1.02547125169926e-14
5188.830188679245,2.3433874238579863e-15
5188.981132075472,-5.011998339970219e-15
5189.132075471698,1.3826687790466735e-15
5189.2830188679245,-5.171348120349063e-15
5189.433962264151,-1.5846781806060409e-15
5189.584905660377,1.257835969648844e-15
5189.735849056604,-7.741794599856587e-15
5189.88679245283,3.4495687346395545e-15
5190.037735849057,-5.924526913303929e-15
5190.188679245283,6.367026960853104e-16
5190.33962264151,-4.6871166129622454e-15
5190.490566037736,6.460982654586213e-16
5190.641509433963,-3.9443754115593615e-15
5190.792452830188,-1.2720935584706356e-15
5190.943396226415,-3.2741212227572975e-15
5191.094339622641,1.899100522413745e-15
5191.245283018868,-9.439280869487515e-15
5191.396226415094,6.310103779185196e-15
5191.547169811321,-7.024117010567385e-15
5191.698113207547,-3.85084784769391e-15
5191.8490566037735,6.044744882035613e-15
5192.0,-1.2320110908360563e-14
5192.1509433962265,5.311394288623647e-15
5192.301886792453,-4.1649579767864474e-15
5192.452830188679,-4.144578291900439e-15
5192.603773584906,1.8289802437462444e-15
5192.754716981132,-6.854256820569884e-15
5192.905660377359,4.2009304831389944e-15
5193.056603773585,-9.886406561412605e-15
5193.207547169812,5.35746329979267e-15
5193.358490566037,-6.266521315690173e-15
5193.509433962264,-2.5385545892367745e-15
5193.66037735849,1.8587057078654084e-15
5193.811320754717,-6.701669609641715e-15
5193.962264150943,9.278107745898279e-16
5194.11320754717,-2.909548111272392e-15
5194.264150943396,-2.3980469747783768e-15
5194.415094339623,-2.0704773874035382e-15
5194.566037735849,-9.453872866553996e-16
5194.7169811320755,-4.113276898914978e-15
5194.867924528302,-2.1588160681715012e-16
5195.018867924528,-2.6587885319517163e-15
5195.169811320755,-2.962165495904145e-15
5195.320754716981,-1.1487049174064437e-15
5195.471698113208,-8.22149896094306e-16
5195.622641509434,-6.705562831742937e-15
5195.773584905661,4.546522352901439e-15
5195.924528301887,-7.625218176399873e-15
5196.075471698113,-9.317623303674782e-17
5196.226415094339,-4.024489803512835e-16
5196.377358490566,-5.875479603266834e-15
5196.528301886792,2.344145376542949e-15
5196.679245283019,-6.5736057526807804e-15
5196.830188679245,1.7054147646415325e-15
5196.981132075472,-3.5314810749951206e-15
5197.132075471698,-4.3977888201940695e-15
5197.2830188679245,2.957031877509027e-15
5197.433962264151,-6.225753214655953e-15
5197.584905660377,-2.5946013714334385e-15
5197.735849056604,3.632994760762304e-15
5197.88679245283,-9.966299733905207e-15
5198.037735849057,4.05762946727016e-15
5198.188679245283,-5.631648036529423e-15
5198.33962264151,1.6723247171173183e-15
5198.490566037736,-9.523430094511476e-15
5198.641509433963,8.941765782581017e-15
5198.792452830188,-1.2556781039380996e-14
5198.943396226415,3.0779923531216217e-15
5199.094339622641,-1.3382496567642486e-15
5199.245283018868,-4.6171072322271905e-15
5199.396226415094,-2.9971390640406037e-15
5199.547169811321,3.647527521028867e-15
5199.698113207547,-9.377395101317644e-15
5199.8490566037735,1.8923455326717887e-15
5200.0,-6.790348117419471e-16
5200.1509433962265,-7.14774168495918e-15
5200.301886792453,2.9276955930303388e-15
5200.452830188679,-4.685337387602488e-15
5200.603773584906,-1.9170825954435e-15
5200.754716981132,-1.5322255154275286e-15
5200.905660377359,-2.035366179969497e-15
5201.056603773585,-3.000054502817578e-15
5201.207547169812,-1.1606022077568625e-15
5201.358490566037,-2.3510739568199063e-15
5201.509433962264,-2.663650427548283e-15
5201.66037735849,-1.2610999627736775e-15
5201.811320754717,-2.6932590324951577e-15
5201.962264150943,-1.946955599108502e-15
5202.11320754717,-2.135539584351728e-15
5202.264150943396,-1.830169111868615e-15
5202.415094339623,-2.8171048988684598e-15
5202.566037735849,-1.1395403795747386e-15
5202.7169811320755,-3.04915773227836e-15
5202.867924528302,-1.4083575351747545e-15
5203.018867924528,-2.6358310741598283e-15
5203.169811320755,-1.5526654213357814e-15
5203.320754716981,-2.926516892053947e-15
5203.471698113208,-1.0133890098254023e-15
5203.622641509434,-3.3548718258608706e-15
5203.773584905661,-9.680822056974758e-16
5203.924528301887,-3.0438139489304495e-15
5204.075471698113,-1.330151554734764e-15
5204.226415094339,-3.0172650354261087e-15
5204.377358490566,-8.629990800873923e-16
5204.528301886792,-3.744721632522283e-15
5204.679245283019,-4.0070394327090654e-16
5204.830188679245,-3.5378847867998668e-15
5204.981132075472,-1.1440779115326909e-15
5205.132075471698,-3.000857898067433e-15
5205.2830188679245,-6.615769178768167e-16
5205.433962264151,-4.556930664713653e-15
5205.584905660377,8.385030473066374e-16
5205.735849056604,-4.416074025878539e-15
5205.88679245283,-1.3163060809649339e-15
5206.037735849057,-2.2904265367179023e-15
5206.188679245283,-1.7998335489382194e-16
5206.33962264151,-7.782566954286012e-15
5206.490566037736,6.517144097416188e-15
5206.641509433963,-1.0310231474134807e-14
5206.792452830188,1.955548570053456e-15
5206.943396226415,-1.016186082825317e-15
5207.094339622641,-6.2600974159729674e-15
5207.245283018868,1.4681067385721354e-15
5207.396226415094,-2.9221086641866366e-15
5207.547169811321,-3.5314734069509965e-15
5207.698113207547,-1.142378999235402e-15
5207.8490566037735,-4.547459928935161e-16
5208.0,-6.389730191444466e-15
5208.1509433962265,2.402319115097075e-15
5208.301886792453,-3.8028027635083576e-15
5208.452830188679,-5.727754747220245e-15
5208.603773584906,7.670571091628651e-15
5208.754716981132,-1.7026603621593698e-14
5208.905660377359,1.4441832932619652e-14
5209.056603773585,-1.5499893526950364e-14
5209.207547169812,4.348902169206641e-15
5209.358490566037,-1.944385784610983e-15
5209.509433962264,-4.502216973298022e-15
5209.66037735849,-3.1584303465109434e-15
5209.811320754717,4.4989956479312185e-15
5209.962264150943,-1.0942242397637988e-14
5210.11320754717,2.128553690016575e-15
5210.264150943396,3.003672433260981e-15
5210.415094339623,-1.5695512506131906e-14
5210.566037735849,1.3526820425385154e-14
5210.7169811320755,-1.222336898085303e-14
5210.867924528302,-1.926861674808925e-15
5211.018867924528,6.2268570457852e-15
5211.169811320755,-1.3325882703204959e-14
5211.320754716981,5.7295502029067885e-15
5211.471698113208,-4.066994494246664e-15
5211.622641509434,-4.069462460886766e-15
5211.773584905661,-5.577214559534867e-16
5211.924528301887,-3.9544343489367786e-16
5212.075471698113,-7.10803748256591e-15
5212.226415094339,3.6545953630181344e-15
5212.377358490566,-5.771584496134714e-15
5212.528301886792,-2.491862881465993e-15
5212.679245283019,2.1645583267008438e-15
5212.830188679245,-8.64162802467526e-15
5212.981132075472,4.346430532167939e-15
5213.132075471698,-7.21415351575256e-15
5213.2830188679245,1.7057222708812032e-15
5213.433962264151,-5.779818255485451e-15
5213.584905660377,1.800541250782916e-15
5213.735849056604,-5.277545016139292e-15
5213.88679245283,-1.6093685417469942e-15
5214.037735849057,4.718508412181991e-16
5214.188679245283,-6.044318933040979e-15
5214.33962264151,5.057819854384313e-16
5214.490566037736,-2.6357993576239278e-15
5214.641509433963,-2.5155835599333285e-15
5214.792452830188,-2.1468022114062563e-15
5214.943396226415,-2.3892902328161752e-15
5215.094339622641,5.035486878727892e-16
5215.245283018868,-8.396723837701356e-15
5215.396226415094,6.615955612368446e-15
5215.547169811321,-1.0666013036794783e-14
5215.698113207547,4.152401878435234e-15
5215.8490566037735,-6.30845735057859e-15
5216.0,1.7319379700985978e-15
5216.1509433962265,-7.243342766145378e-15
5216.301886792453,3.956776891920975e-15
5216.452830188679,-7.339241837135603e-15
5216.603773584906,7.345632206344593e-16
5216.754716981132,-3.6937957028996975e-15
5216.905660377359,1.4015677955845645e-15
5217.056603773585,-1.0226878672801265e-14
5217.207547169812,9.37829081802117e-15
5217.358490566037,-1.2382478087780834e-14
5217.509433962264,2.4674992855213176e-15
5217.66037735849,-1.0706631009148039e-15
5217.811320754717,-4.319054787616454e-15
5217.962264150943,-3.765532213430404e-15
5218.11320754717,4.1940593728565295e-15
5218.264150943396,-9.441723126907221e-15
5218.415094339623,1.51011355063284e-15
5218.566037735849,-5.274319598377512e-16
5218.7169811320755,-6.749506660499411e-15
5218.867924528302,2.0150546036594305e-15
5219.018867924528,-4.020331659740752e-15
5219.169811320755,-1.8967889258409924e-15
5219.320754716981,-2.1513495185908154e-15
5219.471698113208,-1.817423770931439e-15
5219.622641509434,-2.1311382173995595e-15
5219.773584905661,-2.9148481786629766e-15
5219.924528301887,-1.2239079576818496e-15
5220.075471698113,-2.0389741551278634e-15
5220.226415094339,-3.016326613160204e-15
5220.377358490566,-2.5683666954974487e-15
5220.528301886792,1.8147860936036112e-15
5220.679245283019,-9.189939308280021e-15
5220.830188679245,4.608973092654938e-15
5220.981132075472,-4.626999062186679e-15
5221.132075471698,-4.989398013061368e-15
5221.2830188679245,3.5478723641538865e-15
5221.433962264151,-6.82951174650516e-15
5221.584905660377,5.536307423298026e-18
5221.735849056604,-3.435119221292681e-15
5221.88679245283,1.2569286182182984e-15
5222.037735849057,-8.515485647389938e-15
5222.188679245283,5.164633326665386e-15
5222.33962264151,-6.8112222034872905e-15
5222.490566037736,-2.621284991936898e-15
5222.641509433963,3.802869199369147e-15
5222.792452830188,-1.1363199260300406e-14
5222.943396226415,6.961584719859934e-15
5223.094339622641,-8.092138533227983e-15
5223.245283018868,-1.4383179349057583e-16
5223.396226415094,-1.3088537383162276e-15
5223.547169811321,-4.349389969449091e-15
5223.698113207547,1.5138448995681352e-15
5223.8490566037735,-7.957872463784934e-15
5224.0,5.444561862139126e-15
5224.1509433962265,-8.873253006631036e-15
5224.301886792453,7.759394861947392e-16
5224.452830188679,-8.683232260988384e-17
5224.603773584906,-7.403826663795416e-15
5224.754716981132,3.4257115819242076e-15
5224.905660377359,-5.8680552621993665e-15
5225.056603773585,-2.5677322489703604e-16
5225.207547169812,-3.3765677280131686e-15
5225.358490566037,-2.0725753061887707e-16
5225.509433962264,-5.013060128251472e-15
5225.66037735849,1.1740719495615973e-15
5225.811320754717,-4.9681024140030115e-15
5225.962264150943,-1.0794398434829197e-16
5226.11320754717,-3.722294956509616e-15
5226.264150943396,2.4035294518596046e-16
5226.415094339623,-6.291729729240648e-15
5226.566037735849,3.9456881741947016e-15
5226.7169811320755,-9.275946390318377e-15
5226.867924528302,5.603772720822143e-15
5227.018867924528,-1.0526688616551222e-14
5227.169811320755,6.860372584428036e-15
5227.320754716981,-1.0332799175102882e-14
5227.471698113208,3.326192792917497e-15
5227.622641509434,-3.4101559838670077e-15
5227.773584905661,-4.825425368188421e-15
5227.924528301887,3.3228066576284655e-15
5228.075471698113,-8.770402736076298e-15
5228.226415094339,5.036593062337613e-15
5228.377358490566,-1.0171858827583311e-14
5228.528301886792,7.694804858933647e-15
5228.679245283019,-1.3293926117545785e-14
5228.830188679245,8.374411991556856e-15
5228.981132075472,-9.797448912653995e-15
5229.132075471698,2.9238134783983598e-15
5229.2830188679245,-6.55818082212904e-15
5229.433962264151,2.849460405748375e-15
5229.584905660377,-5.477492306437292e-15
5229.735849056604,-4.1028846595079804e-15
5229.88679245283,6.91904348105979e-15
5230.037735849057,-1.5526730307907172e-14
5230.188679245283,1.0605049947959897e-14
5230.33962264151,-1.0408965955583562e-14
5230.490566037736,1.7457742341281168e-15
5230.641509433963,-3.5846812552497e-15
5230.792452830188,-2.0496650568411056e-15
5230.943396226415,1.1213934211384097e-15
5231.094339622641,-1.1563672338950503e-14
5231.245283018868,1.4536852025642365e-14
5231.396226415094,-2.3071755788256703e-14
5231.547169811321,1.779742135686603e-14
5231.698113207547,-1.5729312686510564e-14
5231.8490566037735,2.6254474002909987e-15
5232.0,1.343838673485864e-15
5232.1509433962265,-9.947461370224498e-15
5232.301886792453,5.113241011869487e-15
5232.452830188679,-5.0282478354071146e-15
5232.603773584906,-3.516552865640107e-15
5232.754716981132,7.954519906000655e-16
5232.905660377359,-3.6274496981067996e-15
5233.056603773585,-1.6638005931438642e-15
5233.207547169812,-4.925464245607442e-15
5233.358490566037,6.991028841857295e-15
5233.509433962264,-1.7850535546568708e-14
5233.66037735849,1.635014224798338e-14
5233.811320754717,-1.7646352633102414e-14
5233.962264150943,7.83754401593564e-15
5234.11320754717,-8.351246080999783e-15
5234.264150943396,5.1555033074463875e-15
5234.415094339623,-1.3556728733234451e-14
5234.566037735849,1.2812026009615586e-14
5234.7169811320755,-1.6046183279733656e-14
5234.867924528302,6.309781436408357e-15
5235.018867924528,-3.624593247956948e-15
5235.169811320755,-4.209688491522175e-15
5235.320754716981,-1.3755040750325137e-15
5235.471698113208,1.5173334951256236e-15
5235.622641509434,-8.662884814843889e-15
5235.773584905661,3.9720962452844355e-15
5235.924528301887,-5.73520983523556e-15
5236.075471698113,5.929272341149502e-16
5236.226415094339,-5.857451328522596e-15
5236.377358490566,1.6263038873990435e-15
5236.528301886792,-7.123520515766858e-16
5236.679245283019,-1.2725353281608806e-14
5236.830188679245,1.5943514626211757e-14
5236.981132075472,-1.91810429849066e-14
5237.132075471698,5.606826015219597e-15
5237.2830188679245,1.5383157539151268e-15
5237.433962264151,-1.0855878390609923e-14
5237.584905660377,3.1034732540495446e-15
5237.735849056604,9.459148269553274e-16
5237.88679245283,-1.0850407160298996e-14
5238.037735849057,6.019104395016812e-15
5238.188679245283,-4.664489707568133e-15
5238.33962264151,-4.148848359812403e-15
5238.490566037736,-7.534004926748044e-16
5238.641509433963,2.399238178223435e-15
5238.792452830188,-1.1805229855767655e-14
5238.943396226415,6.55637417951709e-15
5239.094339622641,-2.091304487977087e-15
5239.245283018868,-1.3002782978379953e-14
5239.396226415094,1.4946287933803108e-14
5239.547169811321,-1.656703417429619e-14
5239.698113207547,4.149861526737269e-15
5239.8490566037735,-6.335621555215291e-16
5240.0,-5.688783578203276e-15
5240.1509433962265,-1.3966353110810163e-15
5240.301886792453,1.6373565187019963e-15
5240.452830188679,-7.885696804691466e-15
5240.603773584906,2.614055667150291e-15
5240.754716981132,-3.049109794907367e-15
5240.905660377359,-6.134676792032169e-15
5241.056603773585,7.847846494693865e-15
5241.207547169812,-1.7648829849912863e-14
5241.358490566037,1.7399534131251844e-14
5241.509433962264,-2.111666417363854e-14
5241.66037735849,1.0950683413902615e-14
5241.811320754717,-4.353991669239643e-15
5241.962264150943,-1.0990202609425202e-14
5242.11320754717,1.3256731752998983e-14
5242.264150943396,-1.5021876702022288e-14
5242.415094339623,8.744721498717239e-16
5242.566037735849,6.955982899287552e-15
5242.7169811320755,-1.776983218475578e-14
5242.867924528302,1.2424237626639403e-14
5243.018867924528,-1.0517656351639745e-14
5243.169811320755,1.70868415358463e-15
5243.320754716981,-5.554644945666087e-15
5243.471698113208,3.835328947384426e-15
5243.622641509434,-7.920720582176479e-15
5243.773584905661,-1.551520307960847e-15
5243.924528301887,6.18154869757156e-15
5244.075471698113,-1.5908434043718157e-14
5244.226415094339,9.144058797297191e-15
5244.377358490566,-2.9050687807809253e-15
5244.528301886792,-1.1916955165908054e-14
5244.679245283019,1.0978837078220113e-14
5244.830188679245,-7.78687803134824e-15
5244.981132075472,-9.057820988599598e-15
5245.132075471698,1.4504765662726472e-14
5245.2830188679245,-1.8049629625654296e-14
5245.433962264151,3.573532725364014e-15
5245.584905660377,5.849992518123563e-15
5245.735849056604,-1.7485645480089e-14
5245.88679245283,1.0832132491717051e-14
5246.037735849057,-5.37057461824289e-15
5246.188679245283,-7.411457412372059e-15
5246.33962264151,6.108360771283499e-15
5246.490566037736,-7.429780140665413e-15
5246.641509433963,-6.799820733684009e-16
5246.792452830188,-9.947448844530303e-16
5246.943396226415,-3.325005323853384e-15
5247.094339622641,-1.196342075414143e-15
5247.245283018868,-2.761961781960025e-15
5247.396226415094,-3.233467165885359e-16
5247.547169811321,-5.461766944939524e-15
5247.698113207547,3.3586292145167462e-15
5247.8490566037735,-8.87181928961955e-15
5248.0,6.235609130879953e-15
5248.1509433962265,-1.2096867093118523e-14
5248.301886792453,1.0078686697953104e-14
5248.452830188679,-1.4804448711783734e-14
5248.603773584906,9.40851251649427e-15
5248.754716981132,-1.0722074954446914e-14
5248.905660377359,4.397072336177719e-15
5249.056603773585,-7.32590310274284e-15
5249.207547169812,3.304212630945378e-15
5249.358490566037,-7.483830723646268e-15
5249.509433962264,3.0085732526059086e-15
5249.66037735849,-5.424511192130394e-15
5249.811320754717,-4.2986873187604125e-16
5249.962264150943,-2.966228397937207e-15
5250.11320754717,2.8827598190816416e-16
5250.264150943396,-5.7979262957443035e-15
5250.415094339623,9.643119856312995e-16
5250.566037735849,-1.0587911892175783e-15
5250.7169811320755,-7.093656694665546e-15
5250.867924528302,3.9087836888070424e-15
5251.018867924528,-4.357300668977222e-15
5251.169811320755,-4.3641361601293e-15
5251.320754716981,2.1541649505347717e-15
5251.471698113208,-3.2049068369267873e-15
5251.622641509434,-6.197099828051774e-15
5251.773584905661,6.424881901601976e-15
5251.924528301887,-1.080761903354827e-14
5252.075471698113,3.878917210458319e-15
5252.226415094339,-4.061732711373743e-15
5252.377358490566,-1.3050957034336534e-15
5252.528301886792,-4.946913657459398e-15
5252.679245283019,5.434851784936513e-15
5252.830188679245,-1.2298405873885875e-14
5252.981132075472,7.078950426828266e-15
5253.132075471698,-6.067202897225293e-15
5253.2830188679245,-3.1087995835125665e-15
5253.433962264151,1.4551635148230302e-15
5253.584905660377,-4.125043796547858e-15
5253.735849056604,-2.3023448675507464e-15
5253.88679245283,-6.424513438931812e-16
5254.037735849057,-2.09273833197322e-15
5254.188679245283,-3.0274416664868224e-15
5254.33962264151,-2.276943468145247e-15
5254.490566037736,2.425896444287554e-15
5254.641509433963,-9.975081776030036e-15
5254.792452830188,5.799941665429839e-15
5254.943396226415,-5.1347837933260146e-15
5255.094339622641,-4.176787076131841e-15
5255.245283018868,2.3164445918996707e-15
5255.396226415094,-3.704773034643492e-15
5255.547169811321,-4.564887789573931e-15
5255.698113207547,3.094882365937805e-15
5255.8490566037735,-5.577793051999026e-15
5256.0,-2.6687350440459616e-15
5256.1509433962265,3.794519707623632e-15
5256.301886792453,-1.0818136670945678e-14
5256.452830188679,6.08761536840667e-15
5256.603773584906,-4.528100445606355e-15
5256.754716981132,-6.690345524154696e-15
5256.905660377359,6.513720627767543e-15
5257.056603773585,-6.110642385834608e-15
5257.207547169812,-8.108653945507248e-15
5257.358490566037,1.2627748988531487e-14
5257.509433962264,-1.5302018760578287e-14
5257.66037735849,1.1354321081239553e-15
5257.811320754717,5.4509712563693064e-15
5257.962264150943,-1.0377986587064641e-14
5258.11320754717,-2.612356555492762e-15
5258.264150943396,9.312183873039309e-15
5258.415094339623,-1.5101368625715654e-14
5258.566037735849,3.0350739221971527e-15
5258.7169811320755,3.451273874058232e-15
5258.867924528302,-1.021659582826883e-14
5259.018867924528,-2.6014485457946263e-17
5259.169811320755,5.555294534063653e-15
5259.320754716981,-1.4126764083562077e-14
5259.471698113208,8.431632857147281e-15
5259.622641509434,-7.380321533950675e-15
5259.773584905661,4.2195352281534524e-18
5259.924528301887,-2.7818090748449323e-15
5260.075471698113,-1.1847671865245017e-15
5260.226415094339,-1.5046105481074936e-15
5260.377358490566,-4.678322132950342e-15
5260.528301886792,3.2563058669816338e-15
5260.679245283019,-7.800283741285657e-15
5260.830188679245,2.246682423107748e-15
5260.981132075472,-2.6681270608520766e-15
5261.132075471698,-3.5469591214541062e-15
5261.2830188679245,-1.3539800752588988e-15
5261.433962264151,2.1976754078925414e-15
5261.584905660377,-1.0664316193200558e-14
5261.735849056604,7.0118758988919035e-15
5261.88679245283,-4.493446875014585e-15
5262.037735849057,-9.19560980002291e-15
5262.188679245283,1.2968846398244198e-14
5262.33962264151,-1.6708142084192157e-14
5262.490566037736,4.423682812093691e-15
5262.641509433963,4.5829492170265704e-15
5262.792452830188,-1.848333586165617e-14
5262.943396226415,1.6960754143781775e-14
5263.094339622641,-1.4982674719837167e-14
5263.245283018868,2.7136630135575764e-15
5263.396226415094,-1.4827281939534522e-15
5263.547169811321,-1.6518214438780412e-15
5263.698113207547,-4.578989235553929e-15
5263.8490566037735,-1.3968145477208987e-16
5264.0,2.031270841105681e-15
5264.1509433962265,-1.194084778933316e-14
5264.301886792453,9.898128371660137e-15
5264.452830188679,-9.856365079991311e-15
5264.603773584906,2.0638828572022505e-16
5264.754716981132,4.61100908574013e-16
5264.905660377359,-6.136917241262725e-15
5265.056603773585,3.169255872008355e-15
5265.207547169812,-7.320003369358113e-15
5265.358490566037,3.2027929029279977e-15
5265.509433962264,-4.8382948259985385e-15
5265.66037735849,-2.394951771220334e-15
5265.811320754717,2.2836091313804516e-15
5265.962264150943,-7.975413182127242e-15
5266.11320754717,3.650178601469013e-15
5266.264150943396,-4.359737287794329e-15
5266.415094339623,-2.8380141160866403e-15
5266.566037735849,3.2288220236267507e-16
5266.7169811320755,-1.083594548505184e-15
5266.867924528302,-7.983699749359378e-15
5267.018867924528,7.388115587898652e-15
5267.169811320755,-7.905233698881868e-15
5267.320754716981,-4.108380436839978e-15
5267.471698113208,8.138412940210885e-15
5267.622641509434,-1.3322262789415978e-14
5267.773584905661,4.7483980395309535e-15
5267.924528301887,-2.1249825243283974e-15
5268.075471698113,-3.909007424908738e-15
5268.226415094339,-1.9925078589938352e-15
5268.377358490566,1.6820163305016275e-15
5268.528301886792,-6.4640333422732136e-15
5268.679245283019,1.7336298490720323e-15
5268.830188679245,-3.970732229428578e-15
5268.981132075472,-7.095183565774784e-16
5269.132075471698,-1.162759344839661e-15
5269.2830188679245,-5.394843174211521e-15
5269.433962264151,3.967228246241294e-15
5269.584905660377,-6.814042862882224e-15
5269.735849056604,1.275896432571059e-16
5269.88679245283,-2.0253576444119936e-15
5270.037735849057,7.034283358432602e-16
5270.188679245283,-9.190528782844881e-15
5270.33962264151,8.878878115028407e-15
5270.490566037736,-1.159021154219221e-14
5270.641509433963,4.095555277268685e-15
5270.792452830188,-4.012326730162123e-15
5270.943396226415,-1.192557245094765e-15
5271.094339622641,-2.246081177963754e-15
5271.245283018868,-1.3374467862399105e-15
5271.396226415094,-2.5903811894881404e-15
5271.547169811321,8.854978611353806e-16
5271.698113207547,-7.780444660513984e-15
5271.8490566037735,6.580045761351397e-15
5272.0,-8.973830878311915e-15
5272.1509433962265,7.342841969519992e-16
5272.301886792453,6.969651273675346e-16
5272.452830188679,-6.1456335862782534e-15
5272.603773584906,9.662431689470745e-16
5272.754716981132,-2.484396791808265e-15
5272.905660377359,-2.250333907026904e-16
5273.056603773585,-6.888452069717273e-15
5273.207547169812,5.999940422810432e-15
5273.358490566037,-8.13442280468503e-15
5273.509433962264,3.3992584141404095e-20
5273.66037735849,-5.369255037029162e-17
5273.811320754717,-2.4675673869919756e-15
5273.962264150943,-5.363624378095669e-15
5274.11320754717,4.295231222764283e-15
5274.264150943396,-3.915860590055306e-15
5274.415094339623,-9.513141289428629e-15
5274.566037735849,1.6426538681077225e-14
5274.7169811320755,-2.4296735420354993e-14
5274.867924528302,1.652950206215512e-14
5275.018867924528,-1.0714550763930618e-14
5275.169811320755,-5.240085967086911e-16
5275.320754716981,-1.110868471738442e-15
5275.471698113208,5.017361539841072e-16
5275.622641509434,-6.797142388251413e-15
5275.773584905661,1.874919161744437e-15
5275.924528301887,4.614703533346102e-16
5276.075471698113,-1.0462260351703817e-14
5276.226415094339,9.813861853199582e-15
5276.377358490566,-1.0751794827472955e-14
5276.528301886792,1.369627762165628e-15
5276.679245283019,7.791818473566457e-16
5276.830188679245,-7.081278874000985e-15
5276.981132075472,3.597915890862439e-15
5277.132075471698,-5.527711846744299e-15
5277.2830188679245,3.1604592998668494e-16
5277.433962264151,-2.553462194274e-15
5277.584905660377,-7.945060160538588e-16
5277.735849056604,-4.588721309117897e-15
5277.88679245283,4.218095595206146e-15
5278.037735849057,-9.727927706548622e-15
5278.188679245283,5.43345452505245e-15
5278.33962264151,-5.1746655272201245e-15
5278.490566037736,-2.5523155557349687e-15
5278.641509433963,1.6671859301132342e-15
5278.792452830188,-5.188530503900171e-15
5278.943396226415,5.870654199658621e-16
5279.094339622641,-2.9617114520372707e-15
5279.245283018868,-9.356081620438668e-16
5279.396226415094,-1.9589365746032606e-15
5279.547169811321,-2.2154223235019685e-15
5279.698113207547,-1.0065501213700697e-15
5279.8490566037735,-9.22346039754512e-16
5280.0,-5.096759183895185e-15
5280.1509433962265,3.448878834358143e-15
5280.301886792453,-5.956171844547865e-15
5280.452830188679,-4.928901956294127e-16
5280.603773584906,4.798024627371334e-16
5280.754716981132,-6.303036008157639e-15
5280.905660377359,4.840802743097768e-15
5281.056603773585,-1.0049385989480446e-14
5281.207547169812,7.687414545826913e-15
5281.358490566037,-9.75963857973366e-15
5281.509433962264,2.6945910354909e-15
5281.66037735849,-1.7070565751207513e-15
5281.811320754717,-4.229059855119211e-15
5281.962264150943,8.096484935999847e-16
5282.11320754717,-2.474530571129917e-15
5282.264150943396,-2.2085597239114696e-15
5282.415094339623,-1.1099387815231714e-15
5282.566037735849,-1.5502856729196933e-15
5282.7169811320755,-1.4981926400192282e-15
5282.867924528302,-3.731081562293606e-15
5283.018867924528,2.7229828900109267e-15
5283.169811320755,-6.789477222717403e-15
5283.320754716981,2.4512314416389034e-15
5283.471698113208,-4.664903445466063e-15
5283.622641509434,1.3934521149733115e-15
5283.773584905661,-4.340794201612288e-15
5283.924528301887,-2.104159778654097e-15
5284.075471698113,4.529553055062381e-15
5284.226415094339,-1.2458604507810485e-14
5284.377358490566,9.455692904529381e-15
5284.528301886792,-9.280668669331378e-15
5284.679245283019,2.7740175030677054e-15
5284.830188679245,-5.9450980005976874e-15
5284.981132075472,4.6663675771117686e-15
5285.132075471698,-8.324255699319888e-15
5285.2830188679245,1.514171753093477e-15
5285.433962264151,1.6624065158459024e-15
5285.584905660377,-1.0832049760443152e-14
5285.735849056604,1.0405769445526174e-14
5285.88679245283,-1.3553401088107323e-14
5286.037735849057,9.458653659214903e-15
5286.188679245283,-1.229504135553976e-14
5286.33962264151,7.870815671218912e-15
5286.490566037736,-6.934812250018471e-15
5286.641509433963,-3.0029600926812126e-15
5286.792452830188,4.955558778948368e-15
5286.943396226415,-7.318633040146975e-15
5287.094339622641,-2.4243541092009258e-15
5287.245283018868,5.221122077808756e-15
5287.396226415094,-7.01235356767592e-15
5287.547169811321,-5.383255508971353e-15
5287.698113207547,1.1694419067273567e-14
5287.8490566037735,-1.5893651560542968e-14
5288.0,3.711952763704618e-15
5288.1509433962265,4.495215842965241e-15
5288.301886792453,-1.1460750360210085e-14
5288.452830188679,1.0887022690967315e-15
5288.603773584906,8.007220715662974e-15
5288.754716981132,-1.868883065561474e-14
5288.905660377359,1.3125816198124093e-14
5289.056603773585,-7.232988348612347e-15
5289.207547169812,-3.708692408119768e-15
5289.358490566037,2.094903701621154e-15
5289.509433962264,-2.2023152160775106e-15
5289.66037735849,-3.011050332647389e-15
5289.811320754717,-2.359937402899923e-15
5289.962264150943,4.079745293600124e-15
5290.11320754717,-1.0316960214877056e-14
5290.264150943396,6.337558873276057e-15
5290.415094339623,-6.624762152075188e-15
5290.566037735849,2.504646525391578e-15
5290.7169811320755,-7.799445846876748e-15
5290.867924528302,7.688190795534341e-15
5291.018867924528,-1.1093092383527152e-14
5291.169811320755,4.6383843519026215e-15
5291.320754716981,-2.923122313889742e-15
5291.471698113208,-3.462203147213188e-15
5291.622641509434,1.1335441830544632e-15
5291.773584905661,-3.3707935695538738e-15
5291.924528301887,-1.094843492508343e-15
5292.075471698113,-5.447553550696813e-17
5292.226415094339,-5.600779879574525e-15
5292.377358490566,4.889308355646435e-15
5292.528301886792,-8.228775400200167e-15
5292.679245283019,2.1261271846628943e-15
5292.830188679245,4.573791081281573e-16
5292.981132075472,-8.927073764440949e-15
5293.132075471698,8.099881559365125e-15
5293.2830188679245,-9.166528223200731e-15
5293.433962264151,1.7039079306926355e-15
5293.584905660377,-4.673139772499396e-16
5293.735849056604,-5.4398102750585046e-15
5293.88679245283,4.393296610124341e-15
5294.037735849057,-8.863127755524456e-15
5294.188679245283,6.057819312210474e-15
5294.33962264151,-7.240595966473737e-15
5294.490566037736,1.148374840871625e-15
5294.641509433963,-1.5785289824708694e-15
5294.792452830188,-2.782634998249293e-15
5294.943396226415,1.1733485743574248e-15
5295.094339622641,-6.721847797829486e-15
5295.245283018868,6.359498898427712e-15
5295.396226415094,-8.919653638586404e-15
5295.547169811321,6.778224543414213e-16
5295.698113207547,4.418286677947585e-15
5295.8490566037735,-1.3318008926235971e-14
5296.0,1.0382743004990939e-14
5296.1509433962265,-7.871981985012522e-15
5296.301886792453,-1.9740397538928657e-15
5296.452830188679,3.0785195057479706e-15
5296.603773584906,-5.694420793387527e-15
5296.754716981132,-3.0592687000608354e-16
5296.905660377359,1.9435405087463405e-16
5297.056603773585,-3.5487030693087903e-15
5297.207547169812,-1.4115531307982587e-15
5297.358490566037,1.0320681725183976e-15
5297.509433962264,-4.215578319128813e-15
5297.66037735849,-1.9922849204900834e-15
5297.811320754717,4.0140997278451006e-15
5297.962264150943,-9.191493010852237e-15
5298.11320754717,3.1037033402001992e-15
5298.264150943396,9.307054418131445e-16
5298.415094339623,-9.549612500110697e-15
5298.566037735849,7.84213294791724e-15
5298.7169811320755,-8.319023216513966e-15
5298.867924528302,2.7416141064614512e-15
5299.018867924528,-4.220733803867823e-15
5299.169811320755,1.0940997811710113e-16
5299.320754716981,-3.1711219367212803e-16
5299.471698113208,-6.006128648178724e-15
5299.622641509434,5.160456440120676e-15
5299.773584905661,-7.317965413234749e-15
5299.924528301887,2.665491788716665e-15
5300.075471698113,-5.3991842789913896e-15
5300.226415094339,5.061277605214684e-15
5300.377358490566,-1.0727379957271168e-14
5300.528301886792,7.901319958234104e-15
5300.679245283019,-7.005841310096765e-15
5300.830188679245,-9.187782707734409e-16
5300.981132075472,1.297246991749785e-15
5301.132075471698,-3.918521389223477e-15
5301.2830188679245,-1.1301632602087198e-15
5301.433962264151,1.726273386326621e-16
5301.584905660377,-3.1237098001531965e-15
5301.735849056604,-2.7204536333250094e-16
5301.88679245283,-2.9054135207874447e-15
5302.037735849057,2.1736784315187294e-15
5302.188679245283,-7.658762782150011e-15
5302.33962264151,6.663374920063453e-15
5302.490566037736,-9.201460180017286e-15
5302.641509433963,4.118327080388398e-15
5302.792452830188,-3.1887651267317426e-15
5302.943396226415,-3.3432005023649315e-15
5303.094339622641,3.2354631285841506e-15
5303.245283018868,-6.8805319547782625e-15
5303.396226415094,3.599075022516538e-15
5303.547169811321,-5.0781969281054954e-15
5303.698113207547,1.001775101549468e-15
5303.8490566037735,-2.6018609260319447e-15
5304.0,-7.183639082901795e-16
5304.1509433962265,-2.2077106406559773e-15
5304.301886792453,3.06063514052352e-16
5304.452830188679,-3.2709061109877746e-15
5304.603773584906,-9.315015736053708e-16
5304.754716981132,1.292961932626577e-15
5304.905660377359,-6.6086729303493475e-15
5305.056603773585,3.934037286057522e-15
5305.207547169812,-3.5637344836471564e-15
5305.358490566037,-3.59316613162664e-15
5305.509433962264,4.504559905455732e-15
5305.66037735849,-8.343616369658464e-15
5305.811320754717,4.270909622728586e-15
5305.962264150943,-3.899900454987379e-15
5306.11320754717,-1.5009975341939814e-15
5306.264150943396,-9.283716410152682e-16
5306.415094339623,1.4643634304186352e-15
5306.566037735849,-8.493802149084532e-15
5306.7169811320755,7.319786599437946e-15
5306.867924528302,-6.073619252768936e-15
5307.018867924528,-3.740566489832552e-15
5307.169811320755,6.579013810637077e-15
5307.320754716981,-9.002316557293526e-15
5307.471698113208,7.950307662541723e-16
5307.622641509434,3.5504211267651027e-15
5307.773584905661,-9.46610001465203e-15
5307.924528301887,4.107366712879699e-15
5308.075471698113,8.561795408478428e-17
5308.226415094339,-7.950145728920314e-15
5308.377358490566,4.109415216335701e-15
5308.528301886792,1.6197349570294625e-15
5308.679245283019,-1.4659287237521093e-14
5308.830188679245,1.784748832905686e-14
5308.981132075472,-1.777333926354376e-14
5309.132075471698,6.589780015520738e-15
5309.2830188679245,-9.884257566989866e-16
5309.433962264151,-3.841898622564491e-15
5309.584905660377,-2.5309540445407933e-15
5309.735849056604,5.338173021923604e-15
5309.88679245283,-9.359731656899619e-15
5310.037735849057,2.53978105537841e-15
5310.188679245283,2.475132544681548e-15
5310.33962264151,-1.1075736206624858e-14
5310.490566037736,9.713716375542362e-15
5310.641509433963,-8.376234650394733e-15
5310.792452830188,2.0456921942324733e-16
5310.943396226415,8.137799906557623e-16
5311.094339622641,-2.754865345975743e-15
5311.245283018868,-3.1898017707763255e-15
5311.396226415094,4.521544315947288e-15
5311.547169811321,-9.67760334976965e-15
5311.698113207547,8.786950834584714e-15
5311.8490566037735,-1.193224417160118e-14
5312.0,8.895253894858932e-15
5312.1509433962265,-9.670756672845493e-15
5312.301886792453,5.690876016378339e-15
5312.452830188679,-7.814098698702952e-15
5312.603773584906,5.440659471963048e-15
5312.754716981132,-6.318326155144454e-15
5312.905660377359,9.100900468192672e-17
5313.056603773585,1.2271672152041405e-15
5313.207547169812,-4.176596892954586e-15
5313.358490566037,-1.5235507991176217e-15
5313.509433962264,3.2115171943979314e-15
5313.66037735849,-6.709265921501453e-15
5313.811320754717,1.2608054883137464e-15
5313.962264150943,1.1632248850900718e-15
5314.11320754717,-6.7459208555627714e-15
5314.264150943396,4.3518107972527744e-15
5314.415094339623,-4.59446723344254e-15
5314.566037735849,1.1191039334008498e-16
5314.7169811320755,-1.758389573456868e-15
5314.867924528302,-1.6513313962827083e-16
5315.018867924528,-2.7756705858728398e-15
5315.169811320755,3.7402695945994355e-16
5315.320754716981,-2.1275466639221555e-15
5315.471698113208,-8.059220392171008e-16
5315.622641509434,-1.4062589796090846e-15
5315.773584905661,-6.659914552116563e-16
5315.924528301887,-1.9384857023229043e-15
5316.075471698113,-4.2341788849593977e-16
5316.226415094339,-1.6053684084346943e-15
5316.377358490566,-9.722330596929083e-16
5316.528301886792,-1.3470562094230419e-15
5316.679245283019,-7.480355898149725e-16
5316.830188679245,-1.7118472937148423e-15
5316.981132075472,-6.717328474719703e-16
5317.132075471698,-1.385569070360934e-15
5317.2830188679245,-1.013511198468252e-15
5317.433962264151,-1.4422909360114643e-15
5317.584905660377,-5.376282210320732e-16
5317.735849056604,-1.8170511211999994e-15
5317.88679245283,-7.296782062239425e-16
5318.037735849057,-1.1863490090017007e-15
5318.188679245283,-9.78367795240996e-16
5318.33962264151,-1.950498970483162e-15
5318.490566037736,3.869027422292722e-16
5318.641509433963,-2.447048425111769e-15
5318.792452830188,-9.435060939963036e-16
5318.943396226415,-4.475030545797069e-16
5319.094339622641,-6.600629583316593e-16
5319.245283018868,-4.749056280388128e-15
5319.396226415094,5.704483179466858e-15
5319.547169811321,-8.37026907752576e-15
5319.698113207547,2.8904862410735033e-15
5319.8490566037735,3.305928435127113e-16
5320.0,-6.979872510900915e-15
5320.1509433962265,5.548321203072056e-15
5320.301886792453,-4.283830613666051e-15
5320.452830188679,-3.2697653145840273e-15
5320.603773584906,4.641024200629697e-15
5320.754716981132,-6.012564806859693e-15
5320.905660377359,-6.881910621736351e-16
5321.056603773585,3.664534942560352e-15
5321.207547169812,-8.474862446287794e-15
5321.358490566037,5.6761747596449834e-15
5321.509433962264,-5.445941637826771e-15
5321.66037735849,1.5080314023173851e-15
5321.811320754717,-3.626423561591832e-15
5321.962264150943,2.706669355498481e-15
5322.11320754717,-5.6919810928753756e-15
5322.264150943396,2.918772798221036e-15
5322.415094339623,-3.2606948569023965e-15
5322.566037735849,1.4110636953593796e-16
5322.7169811320755,-3.680125209969322e-15
5322.867924528302,5.049374376380016e-15
5323.018867924528,-1.010623429658091e-14
5323.169811320755,7.946535485566289e-15
5323.320754716981,-6.602752378340539e-15
5323.471698113208,-2.8192183502033986e-16
5323.622641509434,1.8790895035431317e-15
5323.773584905661,-4.998150250594624e-15
5323.924528301887,1.170194743707753e-15
5324.075471698113,4.723741044794219e-16
5324.226415094339,-6.307525360818637e-15
5324.377358490566,5.954001209507241e-15
5324.528301886792,-6.5625743755878525e-15
5324.679245283019,1.0363582446607134e-15
5324.830188679245,1.8482157066249118e-16
5324.981132075472,-3.788687437930298e-15
5325.132075471698,2.1029401652521793e-15
5325.2830188679245,-4.309167432792232e-15
5325.433962264151,2.1780835454560983e-15
5325.584905660377,-2.3796056628506475e-15
5325.735849056604,-3.5217061706621837e-15
5325.88679245283,5.3325767185309006e-15
5326.037735849057,-7.453133838237344e-15
5326.188679245283,3.628170966362028e-16
5326.33962264151,5.445416875090304e-15
5326.490566037736,-1.2912573139957967e-14
5326.641509433963,1.0765750613339691e-14
5326.792452830188,-7.623291717018884e-15
5326.943396226415,-6.889735683919187e-16
5327.094339622641,2.905895538321397e-15
5327.245283018868,-5.641786526017462e-15
5327.396226415094,1.7275074559910278e-15
5327.547169811321,-3.036135592207322e-16
5327.698113207547,-4.726103608734563e-15
5327.8490566037735,4.02284017077085e-15
5328.0,-4.633587954061928e-15
5328.1509433962265,-2.3769953822368293e-16
5328.301886792453,1.3045134010289663e-15
5328.452830188679,-5.470896651923749e-15
5328.603773584906,5.463356819067961e-15
5328.754716981132,-9.018744724556305e-15
5328.905660377359,7.63880717075187e-15
5329.056603773585,-7.956590937582285e-15
5329.207547169812,2.902285860759518e-15
5329.358490566037,-1.569339639876749e-15
5329.509433962264,-2.6410329449231836e-15
5329.66037735849,2.6386561099739093e-15
5329.811320754717,-6.298014747595472e-15
5329.962264150943,5.382640464811991e-15
5330.11320754717,-6.002520285067069e-15
5330.264150943396,6.590684744117899e-16
5330.415094339623,1.6428823770759288e-15
5330.566037735849,-6.27299262001393e-15
5330.7169811320755,5.138386197518319e-15
5330.867924528302,-6.2213611546977846e-15
5331.018867924528,3.204902132715193e-15
5331.169811320755,-3.812252850419311e-15
5331.320754716981,1.0194492452155517e-15
5331.471698113208,-2.8031399293787113e-15
5331.622641509434,2.7417902771634876e-15
5331.773584905661,-7.55930278844199e-15
5331.924528301887,8.039542751551775e-15
5332.075471698113,-9.304355325407978e-15
5332.226415094339,4.112933874308543e-15
5332.377358490566,-1.5549745107805616e-15
5332.528301886792,-3.1031846196828677e-15
5332.679245283019,1.7750722508279853e-15
5332.830188679245,-2.110695956564884e-15
5332.981132075472,-1.6521401086038024e-15
5333.132075471698,1.4548237034348443e-15
5333.2830188679245,-3.690664030534522e-15
5333.433962264151,1.2409509747488385e-15
5333.584905660377,-1.6550878423390253e-15
5333.735849056604,-5.009416719766325e-16
5333.88679245283,-3.0544076240785634e-15
5334.037735849057,5.0752865527966645e-15
5334.188679245283,-1.0034875087297363e-14
5334.33962264151,8.434494651537817e-15
5334.490566037736,-6.497728497431234e-15
5334.641509433963,-5.087033990317861e-16
5334.792452830188,2.504110644240015e-15
5334.943396226415,-3.9484488010171e-15
5335.094339622641,-1.6058406609449045e-15
5335.245283018868,4.654416194160436e-15
5335.396226415094,-8.750921755074088e-15
5335.547169811321,6.267088838198151e-15
5335.698113207547,-5.535004907366199e-15
5335.8490566037735,2.0986180162859803e-15
5336.0,-3.2610053170568777e-15
5336.1509433962265,1.76029374798995e-15
5336.301886792453,-3.434567439792028e-15
5336.452830188679,1.4405194626437483e-15
5336.603773584906,-2.3348579079276393e-15
5336.754716981132,-6.317936792492261e-17
5336.905660377359,-1.2468512768581127e-15
5337.056603773585,-1.6637337927556368e-16
5337.207547169812,-1.5454281792524128e-15
5337.358490566037,-5.066068576427973e-16
5337.509433962264,-3.883757555156702e-16
5337.66037735849,-1.6505649000283979e-15
5337.811320754717,2.18687056054413e-16
5337.962264150943,-1.8955928570800475e-15
5338.11320754717,4.1389315616619253e-16
5338.264150943396,-2.190682207620143e-15
5338.415094339623,1.2306856580867237e-15
5338.566037735849,-3.734207621632976e-15
5338.7169811320755,2.7687509192868647e-15
5338.867924528302,-4.111452027694708e-15
5339.018867924528,2.1616979708821315e-15
5339.169811320755,-4.242756871990618e-15
5339.320754716981,4.522726957178961e-15
5339.471698113208,-8.402996299970103e-15
5339.622641509434,8.948528715673864e-15
5339.773584905661,-1.2007805059170027e-14
5339.924528301887,1.1322649154817356e-14
5340.075471698113,-1.2588679917586798e-14
5340.226415094339,9.811823060985796e-15
5340.377358490566,-9.722375755649874e-15
5340.528301886792,6.810740447645344e-15
5340.679245283019,-6.7668548605359724e-15
5340.830188679245,3.3864736202973845e-15
5340.981132075472,-3.3199610171497712e-15
5341.132075471698,1.6656122779909541e-15
5341.2830188679245,-4.168308177354742e-15
5341.433962264151,3.193410723047833e-15
5341.584905660377,-2.600917401214683e-15
5341.735849056604,-3.668059028948697e-15
5341.88679245283,7.510982208395753e-15
5342.037735849057,-1.1467846963724309e-14
5342.188679245283,8.097353872843966e-15
5342.33962264151,-4.3924658665993896e-15
5342.490566037736,-2.3974603472757285e-15
5342.641509433963,4.154265291043913e-15
5342.792452830188,-6.084253140977219e-15
5342.943396226415,3.414486955947037e-15
5343.094339622641,-2.9235722159299774e-15
5343.245283018868,-7.11333369945592e-17
5343.396226415094,-1.1193386975852966e-15
5343.547169811321,1.6487625826631304e-15
5343.698113207547,-6.389302109302474e-15
5343.8490566037735,7.469127848652813e-15
5344.0,-8.187969741174086e-15
5344.1509433962265,2.9414205160985625e-15
5344.301886792453,4.855685464841804e-16
5344.452830188679,-4.788215651450686e-15
5344.603773584906,3.3840889232881793e-15
5344.754716981132,-2.763044254522979e-15
5344.905660377359,-4.831280366317829e-16
5345.056603773585,-3.403237494825341e-16
5345.207547169812,-3.124136075719613e-16
5345.358490566037,-1.752055257394547e-15
5345.509433962264,1.8570862106024956e-16
5345.66037735849,-3.385341068854935e-16
5345.811320754717,-2.002587133794593e-15
5345.962264150943,4.1699173233133925e-16
5346.11320754717,-2.4659934321832074e-16
5346.264150943396,-2.0506208222111917e-15
5346.415094339623,-5.649116845501193e-16
5346.566037735849,2.7434513720757693e-15
5346.7169811320755,-7.134745451024215e-15
5346.867924528302,5.779542376085642e-15
5347.018867924528,-3.2967054993404183e-15
5347.169811320755,-3.176627410494627e-15
5347.320754716981,5.459186229323277e-15
5347.471698113208,-7.0528185626549e-15
5347.622641509434,3.650162274724303e-15
5347.773584905661,-2.3768310162295464e-15
5347.924528301887,5.895205374339455e-17
5348.075471698113,-2.1975949478139254e-15
5348.226415094339,2.84296762563381e-15
5348.377358490566,-5.185737157511103e-15
5348.528301886792,3.022687731528079e-15
5348.679245283019,-1.7715077034093469e-15
5348.830188679245,-1.027259212388372e-15
5348.981132075472,-1.973849196437949e-15
5349.132075471698,5.7481946838769776e-15
5349.2830188679245,-1.1592129338892663e-14
5349.433962264151,1.0369560127867265e-14
5349.584905660377,-5.7715087256175345e-15
5349.735849056604,-3.054132295548582e-15
5349.88679245283,4.975895247756041e-15
5350.037735849057,-1.2248000082340462e-15
5350.188679245283,-9.940224309544463e-15
5350.33962264151,1.6184386402908744e-14
5350.490566037736,-1.5994026864308462e-14
5350.641509433963,5.0210114527997664e-15
5350.792452830188,5.8511688664826524e-15
5350.943396226415,-1.437995572877991e-14
5351.094339622641,1.355370799083734e-14
5351.245283018868,-1.0617633514711483e-14
5351.396226415094,5.431879272566707e-15
5351.547169811321,-5.00914466312402e-15
5351.698113207547,4.340342119532845e-15
5351.8490566037735,-6.051806787577243e-15
5352.0,4.5133216612167985e-15
5352.1509433962265,-4.472748405489524e-15
5352.301886792453,2.470648440849798e-15
5352.452830188679,-3.472103027677824e-15
5352.603773584906,2.8062531211541816e-15
5352.754716981132,-4.1996756047062626e-15
5352.905660377359,2.926430250586631e-15
5353.056603773585,-3.483300086572612e-15
5353.207547169812,1.989918090263007e-15
5353.358490566037,-3.0594612451253646e-15
5353.509433962264,2.3938443915938267e-15
5353.66037735849,-3.929589422348875e-15
5353.811320754717,2.9835500082185495e-15
5353.962264150943,-3.5044272115989597e-15
5354.11320754717,1.579264359192503e-15
5354.264150943396,-2.3434422491359907e-15
5354.415094339623,2.5171059013864344e-15
5354.566037735849,-6.015017957465556e-15
5354.7169811320755,7.263285717276394e-15
5354.867924528302,-8.67775861896957e-15
5355.018867924528,5.3198971671515306e-15
5355.169811320755,-1.6730497920299072e-15
5355.320754716981,-4.793406116502668e-15
5355.471698113208,7.928736343793859e-15
5355.622641509434,-9.568625030952449e-15
5355.773584905661,4.317474696433424e-15
5355.924528301887,3.1538099828687174e-15
5356.075471698113,-1.2982536006410411e-14
5356.226415094339,1.559256620697982e-14
5356.377358490566,-1.1555784659822118e-14
5356.528301886792,-1.9005685093612004e-16
5356.679245283019,7.747754914037346e-15
5356.830188679245,-8.146620569560678e-15
5356.981132075472,-1.8362554205723983e-15
5357.132075471698,1.0669179383432786e-14
5357.2830188679245,-1.4266650254812974e-14
5357.433962264151,7.794102969498973e-15
5357.584905660377,-1.215115161496457e-15
5357.735849056604,-2.0869362947553756e-15
5357.88679245283,-2.930556826536393e-15
5358.037735849057,7.461574917657985e-15
5358.188679245283,-9.238160719083853e-15
5358.33962264151,3.720379528392837e-15
5358.490566037736,8.049654906263795e-16
5358.641509433963,-2.9715946098798015e-15
5358.792452830188,-1.1065937376629966e-15
5358.943396226415,3.821618222204523e-15
5359.094339622641,-5.375521279640984e-15
5359.245283018868,2.86739402749439e-15
5359.396226415094,-2.6075893400697735e-15
5359.547169811321,1.817430457755624e-15
5359.698113207547,-1.7684705300229496e-15
5359.8490566037735,-3.0064332363286453e-15
5360.0,7.749859059816973e-15
5360.1509433962265,-1.1907473558680282e-14
5360.301886792453,8.774344730067615e-15
5360.452830188679,-2.1507014686438382e-15
5360.603773584906,-7.222402562580731e-15
5360.754716981132,1.0980686326133563e-14
5360.905660377359,-1.0129020958798266e-14
5361.056603773585,3.1578670779091217e-15
5361.207547169812,2.257021446728088e-15
5361.358490566037,-5.774603865846636e-15
5361.509433962264,3.5253383360255978e-15
5361.66037735849,-1.020820118926896e-15
5361.811320754717,-1.9652041127296774e-15
5361.962264150943,7.12204787386162e-16
5362.11320754717,5.825436679975449e-16
5362.264150943396,-2.4392365912770013e-15
5362.415094339623,-3.047881887866025e-16
5362.566037735849,3.831294910049248e-15
5362.7169811320755,-8.211947208392215e-15
5362.867924528302,7.432404200236283e-15
5363.018867924528,-4.264043459548987e-15
5363.169811320755,-1.9514582831097412e-15
5363.320754716981,4.898024064762104e-15
5363.471698113208,-5.566591419712348e-15
5363.622641509434,1.2074368937133137e-15
5363.773584905661,2.8461383721430606e-15
5363.924528301887,-6.635070182940746e-15
5364.075471698113,5.493654685892963e-15
5364.226415094339,-2.8210451307277404e-15
5364.377358490566,-2.3279241203201314e-15
5364.528301886792,4.838309602023707e-15
5364.679245283019,-6.049786675175896e-15
5364.830188679245,2.735659304627378e-15
5364.981132075472,1.035792648619756e-15
5365.132075471698,-5.6206804662265726e-15
5365.2830188679245,5.7495371995802105e-15
5365.433962264151,-3.3836407512527933e-15
5365.584905660377,-2.8101784211656975e-15
5365.735849056604,6.931620907526102e-15
5365.88679245283,-8.507022011436432e-15
5366.037735849057,3.6971783428632576e-15
5366.188679245283,2.3417244488022083e-15
5366.33962264151,-7.390098837887566e-15
5366.490566037736,5.054939912315314e-15
5366.641509433963,1.0024950755289834e-15
5366.792452830188,-7.874864146647768e-15
5366.943396226415,7.502779982570728e-15
5367.094339622641,-2.4084801055026764e-15
5367.245283018868,-4.15387853983786e-15
5367.396226415094,3.1984384090481256e-15
5367.547169811321,3.4788235494414803e-15
5367.698113207547,-1.2680303528985514e-14
5367.8490566037735,1.5004183189770478e-14
5368.0,-1.099417548514794e-14
5368.1509433962265,2.28429326129379e-15
5368.301886792453,2.6387363780338113e-15
5368.452830188679,-3.334572140434295e-15
5368.603773584906,-7.790570173560553e-16
5368.754716981132,3.1449501132501e-15
5368.905660377359,-3.4631444939034665e-15
5369.056603773585,7.450335525035368e-17
5369.207547169812,1.562889454933563e-15
5369.358490566037,-1.2559824636905255e-15
5369.509433962264,-2.758248618826764e-15
5369.66037735849,4.568316851317119e-15
5369.811320754717,-3.0432003476055375e-15
5369.962264150943,-3.502189249145065e-15
5370.11320754717,7.746674246026166e-15
5370.264150943396,-6.6804189746057115e-15
5370.415094339623,-2.1220673461291067e-15
5370.566037735849,1.0801193644582097e-14
5370.7169811320755,-1.463162737985336e-14
5370.867924528302,8.961256800745618e-15
5371.018867924528,1.6943061741167468e-16
5371.169811320755,-7.936379817499127e-15
5371.320754716981,7.913512619968884e-15
5371.471698113208,-3.9410472550614705e-15
5371.622641509434,-5.280520904211969e-16
5371.773584905661,-5.628319304492286e-17
5371.924528301887,1.4754723959811817e-15
5372.075471698113,-7.171711596854849e-16
5372.226415094339,-6.0860244520856025e-15
5372.377358490566,1.2938123689709762e-14
5372.528301886792,-1.5782747315169395e-14
5372.679245283019,1.0671441696211306e-14
5372.830188679245,-3.743193613893483e-15
5372.981132075472,-6.86631596773465e-16
5373.132075471698,-1.8014113372396408e-15
5373.2830188679245,6.248412635387899e-15
5373.433962264151,-9.420676196544231e-15
5373.584905660377,6.90269944113342e-15
5373.735849056604,-2.07603912340295e-15
5373.88679245283,-3.414163247644402e-15
5374.037735849057,4.994939213262576e-15
5374.188679245283,-3.59212090303399e-15
5374.33962264151,-1.6240165372509522e-15
5374.490566037736,6.3376576166103e-15
5374.641509433963,-9.161154782453164e-15
5374.792452830188,6.5462242484145396e-15
5374.943396226415,-1.5343683155971334e-15
5375.094339622641,-3.64366448855097e-15
5375.245283018868,3.7823851120369655e-15
5375.396226415094,-5.371982341591398e-16
5375.547169811321,-4.32646898239393e-15
5375.698113207547,5.246155995907414e-15
5375.8490566037735,-2.4904203019866633e-15
5376.0,-3.709059338733442e-15
5376.1509433962265,8.419167693661241e-15
5376.301886792453,-1.082222901939955e-14
5376.452830188679,8.967499780702431e-15
5376.603773584906,-5.3688999935992545e-15
5376.754716981132,-3.5412142724781084e-16
5376.905660377359,5.576702199821674e-15
5377.056603773585,-1.0260126580977403e-14
5377.207547169812,1.0723785070879565e-14
5377.358490566037,-6.685270199154171e-15
5377.509433962264,-2.4443373533467908e-15
5377.66037735849,1.0460600178136264e-14
5377.811320754717,-1.2525890119088187e-14
5377.962264150943,4.766810921473452e-15
5378.11320754717,6.8247036241616964e-15
5378.264150943396,-1.4995071132378793e-14
5378.415094339623,1.2766939626909378e-14
5378.566037735849,-3.4004910395223124e-15
5378.7169811320755,-7.168544526523884e-15
5378.867924528302,1.1206980785475605e-14
5379.018867924528,-9.04224221069635e-15
5379.169811320755,3.497343325535686e-15
5379.320754716981,-1.1018336349273587e-15
5379.471698113208,2.7557774835815587e-15
5379.622641509434,-7.465823823259885e-15
5379.773584905661,9.775319720436106e-15
5379.924528301887,-8.61619445427212e-15
5380.075471698113,4.184098290793849e-15
5380.226415094339,-7.294681291939099e-16
5380.377358490566,-1.5807575427331714e-15
5380.528301886792,2.666428409125598e-15
5380.679245283019,-4.661635056525061e-15
5380.830188679245,5.173037619279283e-15
5380.981132075472,-3.1608131904769216e-15
5381.132075471698,-2.4482738952750264e-15
5381.2830188679245,7.803042342382415e-15
5381.433962264151,-1.1203562043807945e-14
5381.584905660377,1.1036562648192702e-14
5381.735849056604,-9.268183885193786e-15
5381.88679245283,5.5959237793900265e-15
5382.037735849057,-1.8742556306328867e-15
5382.188679245283,-7.193565046075499e-16
5382.33962264151,-1.3493898241410362e-15
5382.490566037736,6.8672096823584865e-15
5382.641509433963,-1.246907635347675e-14
5382.792452830188,1.188450326436499e-14
5382.943396226415,-4.518747933981431e-15
5383.094339622641,-6.681336343310956e-15
5383.245283018868,1.4660241819359746e-14
5383.396226415094,-1.653118948911805e-14
5383.547169811321,1.2237297481519486e-14
5383.698113207547,-6.793407509270632e-15
5383.8490566037735,3.738649947962161e-15
5384.0,-5.634551141429781e-15
5384.1509433962265,9.711100385969447e-15
5384.301886792453,-1.278547890963449e-14
5384.452830188679,1.123096435718117e-14
5384.603773584906,-6.379085012667011e-15
5384.754716981132,7.402711407656773e-16
5384.905660377359,1.732385611912308e-15
5385.056603773585,-1.0684336523178793e-15
5385.207547169812,-1.5655812496731468e-15
5385.358490566037,2.8729986125442036e-15
5385.509433962264,-2.4893394823205823e-15
5385.66037735849,9.629879977693617e-16
5385.811320754717,-1.2181813813565151e-15
5385.962264150943,3.734174914437531e-15
5386.11320754717,-7.98139051623336e-15
5386.264150943396,1.063003041661636e-14
5386.415094339623,-1.0158374749646494e-14
5386.566037735849,5.778121434768626e-15
5386.7169811320755,4.2675676245851947e-16
5386.867924528302,-6.913034288777777e-15
5387.018867924528,1.1078908798268322e-14
5387.169811320755,-1.2028869697487213e-14
5387.320754716981,9.032864457741454e-15
5387.471698113208,-4.094043259528707e-15
5387.622641509434,-8.530312500772473e-16
5387.773584905661,3.3951727038699144e-15
5387.924528301887,-3.7181530193441e-15
5388.075471698113,2.4060205508951953e-15
5388.226415094339,-1.2494692521106742e-15
5388.377358490566,5.251430513256248e-16
5388.528301886792,-7.235824130643613e-16
5388.679245283019,1.1459427778074338e-15
5388.830188679245,-1.8270459597422317e-15
5388.981132075472,1.888359936672986e-15
5389.132075471698,-1.3511941293235946e-15
5389.2830188679245,1.3455498808228723e-16
5389.433962264151,1.788041374849828e-16
5389.584905660377,1.2272089581898274e-15
5389.735849056604,-4.3258985404690526e-15
5389.88679245283,6.696064944583326e-15
5390.037735849057,-6.519154091031521e-15
5390.188679245283,3.2147506832853516e-15
5390.33962264151,1.1822628344771078e-15
5390.490566037736,-4.711573317938248e-15
5390.641509433963,5.8385975703249266e-15
5390.792452830188,-4.806728389593239e-15
5390.943396226415,2.180614457229501e-15
5391.094339622641,3.479421305160051e-16
5391.245283018868,-1.0391110979998972e-15
5391.396226415094,-1.5646314828111556e-15
5391.547169811321,6.0983360558464686e-15
5391.698113207547,-9.187257440786e-15
5391.8490566037735,7.43540101174945e-15
5392.0,-1.4539117766398618e-15
5392.1509433962265,-4.394220091216014e-15
5392.301886792453,5.166453761302283e-15
5392.452830188679,-5.94498505276109e-16
5392.603773584906,-4.598952054579609e-15
5392.754716981132,4.635231278913849e-15
5392.905660377359,1.5302701849410629e-15
5393.056603773585,-9.589727308702198e-15
5393.207547169812,1.3536696710383972e-14
5393.358490566037,-1.0675334105200503e-14
5393.509433962264,2.9427482611176477e-15
5393.66037735849,4.9740534457783215e-15
5393.811320754717,-9.076510856787068e-15
5393.962264150943,7.887007474259613e-15
5394.11320754717,-2.366342835937283e-15
5394.264150943396,-5.033110691014706e-15
5394.415094339623,1.1202526572806355e-14
5394.566037735849,-1.3263044482569816e-14
5394.7169811320755,1.0218230242248441e-14
5394.867924528302,-3.978848010379665e-15
5395.018867924528,-1.1790927313413042e-15
5395.169811320755,1.922167367136764e-15
5395.320754716981,1.5713694103625288e-15
5395.471698113208,-5.503016783064842e-15
5395.622641509434,6.1835379648238385e-15
5395.773584905661,-2.817916353012078e-15
5395.924528301887,-1.9028101204101933e-15
5396.075471698113,4.9703655874852e-15
5396.226415094339,-5.039102413927726e-15
5396.377358490566,3.3295907156982034e-15
5396.528301886792,-1.4389874413537131e-15
5396.679245283019,5.512580280217587e-16
5396.830188679245,-4.601371865306812e-16
5396.981132075472,9.603691487672072e-16
5397.132075471698,-1.473997535705508e-15
5397.2830188679245,1.8280263285179407e-15
5397.433962264151,-1.3042776729064458e-15
5397.584905660377,1.1228649740390477e-16
5397.735849056604,9.88203216986239e-16
5397.88679245283,-2.2685336718886765e-16
5398.037735849057,-2.549390478980609e-15
5398.188679245283,6.042088263479652e-15
5398.33962264151,-7.150578696529272e-15
5398.490566037736,4.129574335769004e-15
5398.641509433963,2.803366680387763e-15
5398.792452830188,-9.928949041248759e-15
5398.943396226415,1.3232242087544747e-14
5399.094339622641,-1.0189916407804418e-14
5399.245283018868,3.187410974710963e-15
5399.396226415094,3.009990228945875e-15
5399.547169811321,-3.80766874073173e-15
5399.698113207547,-1.6178036472698702e-16
5399.8490566037735,4.885668485327419e-15
5400.0,-5.414723086679412e-15
5400.1509433962265,1.3946721212359743e-15
5400.301886792453,4.3322091925817425e-15
5400.452830188679,-7.307893252557809e-15
5400.603773584906,6.686870533758204e-15
5400.754716981132,-4.148490372946766e-15
5400.905660377359,3.205435613211576e-15
5401.056603773585,-4.531957686977054e-15
5401.207547169812,7.371527905222656e-15
5401.358490566037,-9.173901224713602e-15
5401.509433962264,9.080855970102143e-15
5401.66037735849,-6.376667548410392e-15
5401.811320754717,2.315879855186453e-15
5401.962264150943,2.175505486070814e-15
5402.11320754717,-4.912078802929628e-15
5402.264150943396,5.4891629037599175e-15
5402.415094339623,-3.859079401961055e-15
5402.566037735849,2.277895692870927e-15
5402.7169811320755,-1.7429894836222596e-15
5402.867924528302,2.81016895745071e-15
5403.018867924528,-3.097796662921443e-15
5403.169811320755,1.398592717062051e-15
5403.320754716981,2.517012957863108e-15
5403.471698113208,-5.3407229820489865e-15
5403.622641509434,5.037959359977887e-15
5403.773584905661,-9.10256023506687e-16
5403.924528301887,-3.787640715458e-15
5404.075471698113,6.732369466189973e-15
5404.226415094339,-6.300735738417909e-15
5404.377358490566,4.485882659938533e-15
5404.528301886792,-2.639368240770469e-15
5404.679245283019,2.4394206436391857e-15
5404.830188679245,-2.7613622923590404e-15
5404.981132075472,3.3004759546785004e-15
5405.132075471698,-2.844951223508512e-15
5405.2830188679245,2.41777948228144e-15
5405.433962264151,-1.9182371703360728e-15
5405.584905660377,2.324161404335745e-15
5405.735849056604,-2.5615743007952538e-15
5405.88679245283,2.859075485800595e-15
5406.037735849057,-2.323092314054227e-15
5406.188679245283,2.1156941376410755e-15
5406.33962264151,-1.9880810348702797e-15
5406.490566037736,2.7775053319387922e-15
5406.641509433963,-3.1420692727497237e-15
5406.792452830188,3.2370461422589232e-15
5406.943396226415,-2.2934983356162437e-15
5407.094339622641,2.0099238848124126e-15
5407.245283018868,-2.511434722797516e-15
5407.396226415094,4.439826365967158e-15
5407.547169811321,-5.3704493388845756e-15
5407.698113207547,4.5782202761369e-15
5407.8490566037735,-1.850652760858292e-15
5408.0,1.2710675148550942e-15
5408.1509433962265,-5.053331145303697e-15
5408.301886792453,1.3252704073944489e-14
5408.452830188679,-1.965382866080285e-14
5408.603773584906,1.923213273904695e-14
5408.754716981132,-9.78615042230151e-15
5408.905660377359,-2.8583604816257304e-15
5409.056603773585,1.1926126402340698e-14
5409.207547169812,-1.1837602429224459e-14
5409.358490566037,5.151994427755035e-15
5409.509433962264,2.8778877418245504e-15
5409.66037735849,-5.539534591496404e-15
5409.811320754717,2.3317202682557468e-15
5409.962264150943,4.620846993821346e-15
5410.11320754717,-9.485301030689936e-15
5410.264150943396,9.705790172049e-15
5410.415094339623,-4.204149729949254e-15
5410.566037735849,-2.561864817030324e-15
5410.7169811320755,6.6252061838947516e-15
5410.867924528302,-4.125033200105359e-15
5411.018867924528,-2.1947766650306484e-15
5411.169811320755,7.98643800178201e-15
5411.320754716981,-7.718744897318832e-15
5411.471698113208,2.8278937605361923e-15
5411.622641509434,2.647813809149433e-15
5411.773584905661,-2.609784762728824e-15
5411.924528301887,-2.346160654780387e-15
5412.075471698113,8.8554863638945e-15
5412.226415094339,-1.0841311854842187e-14
5412.377358490566,8.39726406657615e-15
5412.528301886792,-4.3680477786743935e-15
5412.679245283019,4.643660167862639e-15
5412.830188679245,-8.919058425027015e-15
5412.981132075472,1.3970758805208828e-14
5413.132075471698,-1.3419969125571903e-14
5413.2830188679245,7.464876463598436e-15
5413.433962264151,1.2744380511226273e-16
5413.584905660377,-1.945625298351126e-15
5413.735849056604,-2.644452118156874e-15
5413.88679245283,1.0087636506748725e-14
5414.037735849057,-1.2276534617125351e-14
5414.188679245283,7.422759427852355e-15
5414.33962264151,1.5107861486915031e-15
5414.490566037736,-5.497998256464155e-15
5414.641509433963,8.898698481311144e-16
5414.792452830188,1.052454167651727e-14
5414.943396226415,-1.8877138658666382e-14
5415.094339622641,1.804457037906586e-14
5415.245283018868,-7.047150645908315e-15
5415.396226415094,-5.706003103298206e-15
5415.547169811321,1.3349648090772205e-14
5415.698113207547,-1.2060953327199069e-14
5415.8490566037735,6.8392019739888626e-15
5416.0,-2.4443600272474487e-15
5416.1509433962265,2.828693990390501e-15
5416.301886792453,-4.512153715994914e-15
5416.452830188679,4.4747628159433534e-15
5416.603773584906,3.620783679436141e-17
5416.754716981132,-4.954715776062893e-15
5416.905660377359,7.006184750078809e-15
5417.056603773585,-2.9918702404196426e-15
5417.207547169812,-3.5090870137536847e-15
5417.358490566037,8.9301518994225e-15
5417.509433962264,-8.30625109952399e-15
5417.66037735849,3.100795593023779e-15
5417.811320754717,3.7514067595463535e-15
5417.962264150943,-5.917390230152338e-15
5418.11320754717,2.9856255630891525e-15
5418.264150943396,2.95006878331555e-15
5418.415094339623,-5.314505455521575e-15
5418.566037735849,3.3558027164935737e-15
5418.7169811320755,1.0598409196115163e-15
5418.867924528302,-1.658760636893582e-15
5419.018867924528,-1.92718947634368e-15
5419.169811320755,7.762196644920635e-15
5419.320754716981,-9.771960585517708e-15
5419.471698113208,7.828415453202511e-15
5419.622641509434,-3.989503015650562e-15
5419.773584905661,4.216738574570981e-15
5419.924528301887,-7.985926353785676e-15
5420.075471698113,1.2293425809813528e-14
5420.226415094339,-1.0626515035578377e-14
5420.377358490566,3.80960763770889e-15
5420.528301886792,4.54057382256221e-15
5420.679245283019,-7.30753946007275e-15
5420.830188679245,4.357592282610589e-15
5420.981132075472,2.4015628134932404e-15
5421.132075471698,-7.368408171028625e-15
5421.2830188679245,1.0003079493704536e-14
5421.433962264151,-9.500388222470888e-15
5421.584905660377,8.628152357409442e-15
5421.735849056604,-7.195272962177412e-15
5421.88679245283,7.109647401256302e-15
5422.037735849057,-6.513104494305113e-15
5422.188679245283,5.69207173294914e-15
5422.33962264151,-2.9750277317224484e-15
5422.490566037736,1.0731071484574445e-15
5422.641509433963,-3.091080549071677e-16
5422.792452830188,2.1647175305133377e-15
5422.943396226415,-3.1267863879612536e-15
5423.094339622641,1.95175401044183e-15
5423.245283018868,3.405216563789194e-15
5423.396226415094,-9.085014144144202e-15
5423.547169811321,1.2578406214483928e-14
5423.698113207547,-1.015975882975113e-14
5423.8490566037735,4.455155741120836e-15
5424.0,2.208506977670496e-15
5424.1509433962265,-4.9929112983284975e-15
5424.301886792453,4.5523176096894864e-15
5424.452830188679,-1.3842032856357086e-15
5424.603773584906,-2.421589718879002e-16
5424.754716981132,1.4583249741214255e-16
5424.905660377359,2.420219849511902e-15
5425.056603773585,-3.5501239053343412e-15
5425.207547169812,2.5546820583784617e-15
5425.358490566037,1.7417791217608449e-15
5425.509433962264,-5.077540961123165e-15
5425.66037735849,5.660959164516316e-15
5425.811320754717,-9.00107435379666e-16
5425.962264150943,-5.699032056469595e-15
5426.11320754717,1.1677658777822058e-14
5426.264150943396,-1.2669310193850396e-14
5426.415094339623,1.0473537297159043e-14
5426.566037735849,-6.4706938135911594e-15
5426.7169811320755,4.592137991059956e-15
5426.867924528302,-3.542211290980021e-15
5427.018867924528,3.630305829326827e-15
5427.169811320755,-2.681482370693981e-15
5427.320754716981,2.318341262599737e-15
5427.471698113208,-1.183022171150847e-15
5427.622641509434,5.442474742041512e-16
5427.773584905661,1.1656846462840362e-15
5427.924528301887,-2.2697959303672126e-15
5428.075471698113,4.339455588963001e-15
5428.226415094339,-6.1021334907893585e-15
5428.377358490566,8.513618335813817e-15
5428.528301886792,-8.59393969545446e-15
5428.679245283019,6.833767849765262e-15
5428.830188679245,-2.5962047335014015e-15
5428.981132075472,-5.040340578088602e-16
5429.132075471698,2.8083495881104407e-15
5429.2830188679245,-3.5144054281064832e-15
5429.433962264151,5.33520056359452e-15
5429.584905660377,-6.609583878712072e-15
5429.735849056604,7.218688460076418e-15
5429.88679245283,-4.077346755692366e-15
5430.037735849057,-1.061890183500355e-15
5430.188679245283,7.391064605490151e-15
5430.33962264151,-1.0392883268234626e-14
5430.490566037736,9.852025911077873e-15
5430.641509433963,-4.640864885408173e-15
5430.792452830188,-1.571510207755896e-15
5430.943396226415,7.567999813638245e-15
5431.094339622641,-9.687504866295481e-15
5431.245283018868,8.700594170256293e-15
5431.396226415094,-3.699330520130631e-15
5431.547169811321,-2.0780535590081858e-15
5431.698113207547,7.8544552594544e-15
5431.8490566037735,-9.965996941616376e-15
5432.0,9.038256425063285e-15
5432.1509433962265,-4.344077910660848e-15
5432.301886792453,-5.295510831789407e-16
5432.452830188679,4.864217855380106e-15
5432.603773584906,-5.4351588313472955e-15
5432.754716981132,3.3798624792526943e-15
5432.905660377359,1.5245463418413183e-15
5433.056603773585,-5.0445515932359145e-15
5433.207547169812,6.06260139653954e-15
5433.358490566037,-1.9646214514485913e-15
5433.509433962264,-4.267082954150376e-15
5433.66037735849,1.0799044402497663e-14
5433.811320754717,-1.2703492752649787e-14
5433.962264150943,1.0437945192447419e-14
5434.11320754717,-4.4015131134024165e-15
5434.264150943396,-3.6926695405705803e-16
5434.415094339623,3.0146927676323038e-15
5434.566037735849,-2.050320962238347e-15
5434.7169811320755,8.611711345649689e-16
5434.867924528302,4.3049464058367614e-16
5435.018867924528,5.172430247446679e-17
5435.169811320755,1.681809364000453e-17
5435.320754716981,2.229631512275042e-16
5435.471698113208,6.977088491575092e-16
5435.622641509434,-5.858638382634118e-16
5435.773584905661,6.510385035599693e-16
5435.924528301887,3.0503287905363244e-16
5436.075471698113,-9.569496396391526e-18
5436.226415094339,-2.1169661776967517e-16
5436.377358490566,1.316352345290336e-15
5436.528301886792,-8.181863685592359e-16
5436.679245283019,8.995898972424304e-17
5436.830188679245,1.423561745534298e-15
5436.981132075472,-7.56730201721885e-16
5437.132075471698,-6.624786626547941e-16
5437.2830188679245,2.4977065856764774e-15
5437.433962264151,-7.939850896158073e-16
5437.584905660377,-3.00166614569711e-15
5437.735849056604,7.382790476849664e-15
5437.88679245283,-6.9139703948062815e-15
5438.037735849057,2.2587307338586912e-15
5438.188679245283,4.7024515103961236e-15
5438.33962264151,-7.332271581473824e-15
5438.490566037736,4.904252517372291e-15
5438.641509433963,1.6519863227432696e-15
5438.792452830188,-5.392632771021957e-15
5438.943396226415,3.613954562127751e-15
5439.094339622641,5.126630625098663e-15
5439.245283018868,-1.4245764084778204e-14
5439.396226415094,1.839366671885544e-14
5439.547169811321,-1.2450890556515452e-14
5439.698113207547,1.4101552515698075e-15
5439.8490566037735,7.75595041712877e-15
5440.0,-6.7488084502826634e-15
5440.1509433962265,-1.860711463565348e-15
5440.301886792453,1.1798261404515217e-14
5440.452830188679,-1.3946769772418268e-14
5440.603773584906,9.116541564427038e-15
5440.754716981132,-1.6940844590193097e-15
5440.905660377359,-3.9827728559610913e-16
5441.056603773585,-2.1979335410379587e-15
5441.207547169812,6.74774378211034e-15
5441.358490566037,-7.47476655079786e-15
5441.509433962264,5.7803871453250736e-15
5441.66037735849,-2.913411152565382e-15
5441.811320754717,2.3609097227785456e-15
5441.962264150943,-1.8414441153900434e-15
5442.11320754717,1.1307620524615177e-15
5442.264150943396,1.7352427840559972e-15
5442.415094339623,-3.83191815368503e-15
5442.566037735849,5.0740626883288334e-15
5442.7169811320755,-3.5802487181386756e-15
5442.867924528302,1.9708788878469714e-15
5443.018867924528,-1.0643373503552538e-16
5443.169811320755,1.6199345466766721e-16
5443.320754716981,-2.1835440067970266e-16
5443.471698113208,1.0001385116292305e-15
5443.622641509434,-4.665823198786581e-16
5443.773584905661,2.712010917646831e-16
5443.924528301887,6.436439357053874e-16
5444.075471698113,-3.9856594884840717e-16
5444.226415094339,5.843453071172156e-16
5444.377358490566,-3.9666243852560434e-18
5444.528301886792,4.469841655457094e-16
5444.679245283019,-3.5239033770865995e-16
5444.830188679245,1.0020027921368104e-15
5444.981132075472,-6.853665691108807e-16
5445.132075471698,9.69039476937007e-16
5445.2830188679245,-5.301103637595165e-16
5445.433962264151,1.0144852709259617e-15
5445.584905660377,-8.334104442862599e-16
5445.735849056604,1.3284716583037625e-15
5445.88679245283,-9.196186852964508e-16
5446.037735849057,1.2443256417953232e-15
5446.188679245283,-9.69324055319244e-16
5446.33962264151,1.6052090526445709e-15
5446.490566037736,-1.4315947740032127e-15
5446.641509433963,1.7447655910407978e-15
5446.792452830188,-1.1279648710549958e-15
5446.943396226415,1.4637462525134915e-15
5447.094339622641,-1.5601579330706865e-15
5447.245283018868,2.698384958731597e-15
5447.396226415094,-2.670236892402255e-15
5447.547169811321,2.4353486221241226e-15
5447.698113207547,-1.0091038868406938e-15
5447.8490566037735,1.3889265645392724e-15
5448.0,-3.0995672749330633e-15
5448.1509433962265,6.607062884709878e-15
5448.301886792453,-7.998438678940643e-15
5448.452830188679,7.423000922031953e-15
5448.603773584906,-4.595576736810424e-15
5448.754716981132,3.2547956019749274e-15
5448.905660377359,-2.7684559689678177e-15
5449.056603773585,3.3346230305677716e-15
5449.207547169812,-1.713680286885221e-15
5449.358490566037,-9.926970936840803e-16
5449.509433962264,4.6970528611553384e-15
5449.66037735849,-5.536472618615723e-15
5449.811320754717,3.612286444050638e-15
5449.962264150943,1.4974984572979434e-15
5450.11320754717,-5.37672338829236e-15
5450.264150943396,6.635968016950612e-15
5450.415094339623,-3.0943398450786855e-15
5450.566037735849,-2.0686050861760753e-15
5450.7169811320755,7.20395356928118e-15
5450.867924528302,-8.009644439973331e-15
5451.018867924528,4.889788122702646e-15
5451.169811320755,1.7524453001528741e-15
5451.320754716981,-6.313606660281602e-15
5451.471698113208,6.211491019802115e-15
5451.622641509434,5.965824787319286e-16
5451.773584905661,-8.829360801491088e-15
5451.924528301887,1.4196798274725084e-14
5452.075471698113,-1.2179448744802951e-14
5452.226415094339,6.048888323844868e-15
5452.377358490566,6.423544580195019e-16
5452.528301886792,-2.652434696610499e-15
5452.679245283019,1.4513696616041033e-15
5452.830188679245,1.2295969345077688e-15
5452.981132075472,-1.0913371435514132e-15
5453.132075471698,-4.1909058929148696e-16
5453.2830188679245,1.8701673201339875e-15
5453.433962264151,6.335076174754924e-16
5453.584905660377,-4.879328483843243e-15
5453.735849056604,8.364827104155993e-15
5453.88679245283,-6.433025729653315e-15
5454.037735849057,1.2753718278347834e-15
5454.188679245283,3.962925211359914e-15
5454.33962264151,-4.021709387597826e-15
5454.490566037736,8.401610663258846e-16
5454.641509433963,2.6858605587924107e-15
5454.792452830188,-1.873783674056848e-15
5454.943396226415,-1.0197624463117214e-15
5455.094339622641,3.935638883953727e-15
5455.245283018868,-4.2392737082975586e-15
5455.396226415094,5.726531383152895e-15
5455.547169811321,-9.497635991551978e-15
5455.698113207547,1.4831780568737016e-14
5455.8490566037735,-1.49083402442118e-14
5456.0,8.0991407733965e-15
5456.1509433962265,3.3524050239312004e-15
5456.301886792453,-1.0781358333026948e-14
5456.452830188679,1.0889767611535637e-14
5456.603773584906,-4.080581034038432e-15
5456.754716981132,-2.59178225610056e-15
5456.905660377359,5.784371844335367e-15
5457.056603773585,-3.781950892458827e-15
5457.207547169812,8.305366594150782e-16
5457.358490566037,1.1349160269179175e-15
5457.509433962264,2.316436047834917e-16
5457.66037735849,-2.300974294322541e-15
5457.811320754717,4.103850610810358e-15
5457.962264150943,-3.073323291308464e-15
5458.11320754717,1.103999576233969e-15
5458.264150943396,9.229626958801497e-16
5458.415094339623,3.2274998644352353e-16
5458.566037735849,-3.556068067067548e-15
5458.7169811320755,7.358215902968981e-15
5458.867924528302,-7.410645094971394e-15
5459.018867924528,4.8054701846336194e-15
5459.169811320755,-1.5295434962219786e-15
5459.320754716981,1.8636736779020752e-15
5459.471698113208,-3.626442379613645e-15
5459.622641509434,3.71206909964926e-15
5459.773584905661,2.1302969404189748e-15
5459.924528301887,-1.051578852157249e-14
5460.075471698113,1.6507449630853472e-14
5460.226415094339,-1.4225776044314002e-14
5460.377358490566,6.1755056926349556e-15
5460.528301886792,2.6293596424691633e-15
5460.679245283019,-5.395503573892072e-15
5460.830188679245,2.995227567409732e-15
5460.981132075472,1.069041860224943e-15
5461.132075471698,-2.819251431970678e-16
5461.2830188679245,-5.541313774206917e-15
5461.433962264151,1.381387440621973e-14
5461.584905660377,-1.7528596952425603e-14
5461.735849056604,1.4739340407256688e-14
5461.88679245283,-6.577648379757243e-15
5462.037735849057,1.8270611303786514e-16
5462.188679245283,9.125243399011974e-16
5462.33962264151,3.944536448326246e-15
5462.490566037736,-8.709363240288214e-15
5462.641509433963,9.839501506285695e-15
5462.792452830188,-5.6722943218162415e-15
5462.943396226415,6.884036118395263e-16
5463.094339622641,2.5950130865227447e-15
5463.245283018868,-2.0721848981510934e-15
5463.396226415094,2.916388778153504e-16
5463.547169811321,2.295793733662126e-15
5463.698113207547,-4.077043545402506e-15
5463.8490566037735,6.031678006915256e-15
5464.0,-6.6290906307790685e-15
5464.1509433962265,6.775349223743768e-15
5464.301886792453,-5.894326255956389e-15
5464.452830188679,5.585498093259533e-15
5464.603773584906,-4.48214227957332e-15
5464.754716981132,3.096631141040094e-15
5464.905660377359,-6.772365090599092e-16
5465.056603773585,-5.419908093245303e-16
5465.207547169812,1.03784605113897e-15
5465.358490566037,-6.021854485583383e-16
5465.509433962264,1.3679539221119784e-15
5465.66037735849,-1.5690723365577112e-15
5465.811320754717,-1.041422037013979e-16
5465.962264150943,5.7434129209458184e-15
5466.11320754717,-1.178643530389663e-14
5466.264150943396,1.4780456576967872e-14
5466.415094339623,-1.1323655950823996e-14
5466.566037735849,4.526826885602027e-15
5466.7169811320755,1.6747067526410571e-15
5466.867924528302,-2.621581717339669e-15
5467.018867924528,9.877797285865532e-19
5467.169811320755,2.918072771293012e-15
5467.320754716981,-1.205771786495963e-15
5467.471698113208,-3.973121127484708e-15
5467.622641509434,9.181830420397837e-15
5467.773584905661,-8.792381145792003e-15
5467.924528301887,3.4891016117526706e-15
5468.075471698113,3.0233126353574673e-15
5468.226415094339,-4.27476531976817e-15
5468.377358490566,-3.472856106902392e-17
5468.528301886792,6.6811644363943936e-15
5468.679245283019,-8.971735518690276e-15
5468.830188679245,5.725323822193019e-15
5468.981132075472,8.519648898544204e-16
5469.132075471698,-4.3090345228928394e-15
5469.2830188679245,2.1407093892677057e-15
5469.433962264151,5.438876271592359e-15
5469.584905660377,-1.2737574827005483e-14
5469.735849056604,1.5715985090321896e-14
5469.88679245283,-1.1801322170962437e-14
5470.037735849057,4.584575564884862e-15
5470.188679245283,1.9443041568225934e-15
5470.33962264151,-3.4778721946841845e-15
5470.490566037736,1.398403294205182e-15
5470.641509433963,1.4625732353880525e-15
5470.792452830188,-6.869677694753917e-16
5470.943396226415,-3.0109492014383943e-15
5471.094339622641,7.20992540462701e-15
5471.245283018868,-7.353983498289906e-15
5471.396226415094,3.428745706257104e-15
5471.547169811321,2.9054653321605345e-15
5471.698113207547,-6.9541039947471945e-15
5471.8490566037735,7.00654956105199e-15
5472.0,-2.5642240394198667e-15
5472.1509433962265,-2.530292921455071e-15
5472.301886792453,5.447103630699618e-15
5472.452830188679,-3.6752466386513166e-15
5472.603773584906,-5.238380488120532e-16
5472.754716981132,4.785669906057801e-15
5472.905660377359,-6.1033698776450976e-15
5473.056603773585,5.5590471509976124e-15
5473.207547169812,-4.2040211054029894e-15
5473.358490566037,4.096258786454887e-15
5473.509433962264,-3.995700904684984e-15
5473.66037735849,3.4218452187130565e-15
5473.811320754717,-1.4596253008591037e-15
5473.962264150943,6.140389347410582e-16
5474.11320754717,-2.0203798310006227e-15
5474.264150943396,5.993884291672564e-15
5474.415094339623,-8.683902455955761e-15
5474.566037735849,7.789832890173744e-15
5474.7169811320755,-2.642349049056711e-15
5474.867924528302,-2.629706521704861e-15
5475.018867924528,5.0795773613462165e-15
5475.169811320755,-3.3689441685844387e-15
5475.320754716981,1.1700058110100763e-15
5475.471698113208,-1.2185565867327066e-15
5475.622641509434,4.632115383429509e-15
5475.773584905661,-7.643692466062472e-15
5475.924528301887,7.561010651595224e-15
5476.075471698113,-3.3005824747509097e-15
5476.226415094339,-1.6087224913931565e-15
5476.377358490566,4.604896415240701e-15
5476.528301886792,-4.085136777004998e-15
5476.679245283019,2.3137802466113437e-15
5476.830188679245,-6.762403527988962e-16
5476.981132075472,4.884872600217716e-16
5477.132075471698,-2.969937899447287e-16
5477.2830188679245,-3.9172365388236085e-17
5477.433962264151,8.786168612875753e-16
5477.584905660377,-6.456440956120674e-16
5477.735849056604,-7.505996121205371e-17
5477.88679245283,4.377641069070165e-16
5478.037735849057,1.7225067141968817e-15
5478.188679245283,-5.1831565699191696e-15
5478.33962264151,7.849455079503241e-15
5478.490566037736,-6.965132053025484e-15
5478.641509433963,3.952456839359816e-15
5478.792452830188,-1.3013463202413638e-15
5478.943396226415,1.932873271755605e-15
5479.094339622641,-4.633164503254141e-15
5479.245283018868,7.111829233832781e-15
5479.396226415094,-6.2974453759605855e-15
5479.547169811321,2.7772881780222343e-15
5479.698113207547,1.5678163447293327e-15
5479.8490566037735,-3.4228727883844234e-15
5480.0,2.8493672586458237e-15
5480.1509433962265,-1.7918477734739933e-15
5480.301886792453,4.3302578368321475e-15
5480.452830188679,-1.1322618983106294e-14
5480.603773584906,2.0734776024191122e-14
5480.754716981132,-2.653815042175351e-14
5480.905660377359,2.4411139534628533e-14
5481.056603773585,-1.3609387329805183e-14
5481.207547169812,3.13502048547361e-16
5481.358490566037,7.810963429298386e-15
5481.509433962264,-5.7889220539704125e-15
5481.66037735849,-2.9623134013114418e-15
5481.811320754717,1.140175565255714e-14
5481.962264150943,-1.3650900975004083e-14
5482.11320754717,1.0857507758934348e-14
5482.264150943396,-6.935382868929227e-15
5482.415094339623,5.380369365096538e-15
5482.566037735849,-5.106243847115973e-15
5482.7169811320755,4.290577448934475e-15
5482.867924528302,-1.5748736684192107e-15
5483.018867924528,-1.2962576004236683e-15
5483.169811320755,2.8218425061576317e-15
5483.320754716981,-1.7873467410314525e-15
5483.471698113208,-5.176873572440802e-16
5483.622641509434,2.8529231575782397e-15
5483.773584905661,-3.4571606991827778e-15
5483.924528301887,2.506591049231685e-15
5484.075471698113,-6.770571360912114e-16
5484.226415094339,2.9507267021129787e-16
5484.377358490566,-2.253659306251071e-15
5484.528301886792,6.191432042699823e-15
5484.679245283019,-9.131269086457216e-15
5484.830188679245,9.052447902463754e-15
5484.981132075472,-5.331049028861753e-15
5485.132075471698,3.7446587925789325e-16
5485.2830188679245,3.3756887223409476e-15
5485.433962264151,-3.607682460715463e-15
5485.584905660377,5.948051933440768e-16
5485.735849056604,4.151432424346851e-15
5485.88679245283,-7.476967403626753e-15
5486.037735849057,7.656832743168052e-15
5486.188679245283,-4.2611670481712685e-15
5486.33962264151,-5.995826467889735e-16
5486.490566037736,4.641611176420298e-15
5486.641509433963,-5.291190303499931e-15
5486.792452830188,2.1725608609447333e-15
5486.943396226415,3.342210990943307e-15
5487.094339622641,-7.470358622881247e-15
5487.245283018868,7.433357156245812e-15
5487.396226415094,-2.661707558636413e-15
5487.547169811321,-3.48147216569353e-15
5487.698113207547,6.8477850962400066e-15
5487.8490566037735,-4.77103672658699e-15
5488.0,-7.69669485922674e-16
5488.1509433962265,5.498045862835133e-15
5488.301886792453,-5.484546608794459e-15
5488.452830188679,1.0889216093107433e-15
5488.603773584906,4.490312300046315e-15
5488.754716981132,-7.324690660248343e-15
5488.905660377359,6.550684396765631e-15
5489.056603773585,-3.715804403956277e-15
5489.207547169812,1.7420509269400237e-15
5489.358490566037,-1.779038109581795e-15
5489.509433962264,3.2939862598679415e-15
5489.66037735849,-4.160887885216042e-15
5489.811320754717,3.284237804277874e-15
5489.962264150943,-1.0759133993686225e-15
5490.11320754717,-1.592629601078048e-17
5490.264150943396,-1.6571136721956549e-15
5490.415094339623,5.590378438416693e-15
5490.566037735849,-8.552345000066589e-15
5490.7169811320755,7.92414750984328e-15
5490.867924528302,-3.590274160577789e-15
5491.018867924528,-1.4656077452563214e-15
5491.169811320755,4.336422951487051e-15
5491.320754716981,-3.9749693309327895e-15
5491.471698113208,1.9870949833134213e-15
5491.622641509434,-3.1365466899673585e-16
5491.773584905661,4.06953020868467e-17
5491.924528301887,-5.358688204840734e-16
5492.075471698113,9.153225587655966e-16
5492.226415094339,-6.019666317646415e-16
5492.377358490566,3.730825712398218e-17
5492.528301886792,3.146659206616351e-16
5492.679245283019,-1.6606921319606752e-16
5492.830188679245,-7.374143499811337e-17
5492.981132075472,9.047467312596525e-17
5493.132075471698,2.546645749187449e-16
5493.2830188679245,-5.479547357318739e-16
5493.433962264151,5.314683610086304e-16
5493.584905660377,-2.0367699246978287e-16
5493.735849056604,8.324495193921572e-17
5493.88679245283,-4.874572722624975e-16
5494.037735849057,1.2724467883401057e-15
5494.188679245283,-1.6429563621439238e-15
5494.33962264151,1.0473478777530882e-15
5494.490566037736,1.172578299338669e-16
5494.641509433963,-3.137765879866775e-16
5494.792452830188,-1.5902423165949712e-15
5494.943396226415,4.8465537135541315e-15
5495.094339622641,-7.019423154651086e-15
5495.245283018868,6.274477636347067e-15
5495.396226415094,-3.1341706278740085e-15
5495.547169811321,-2.3031921316952287e-16
5495.698113207547,2.3240451931222867e-15
5495.8490566037735,-3.3811326113996137e-15
5496.0,3.8484105264371125e-15
5496.1509433962265,-2.7598489339259736e-15
5496.301886792453,-1.5263812081149874e-15
5496.452830188679,8.440564271649055e-15
5496.603773584906,-1.4161718065445715e-14
5496.754716981132,1.3875234654314736e-14
5496.905660377359,-5.864024401272591e-15
5497.056603773585,-6.783132001224774e-15
5497.207547169812,1.780646470191512e-14
5497.358490566037,-2.2128508606682466e-14
5497.509433962264,1.8750728862920777e-14
5497.66037735849,-1.1021086049053659e-14
5497.811320754717,3.613537209017696e-15
5497.962264150943,6.806783595797911e-17
5498.11320754717,5.827317390624733e-16
5498.264150943396,-4.095005130974893e-15
5498.415094339623,7.683018543955918e-15
5498.566037735849,-9.262175291556012e-15
5498.7169811320755,8.37627167540351e-15
5498.867924528302,-6.389984905168483e-15
5499.018867924528,4.398217133105341e-15
5499.169811320755,-2.8200138971354507e-15
5499.320754716981,1.6834079260111641e-15
5499.471698113208,-1.7507981572628447e-15
5499.622641509434,2.876153376877127e-15
5499.773584905661,-3.404717687163395e-15
5499.924528301887,9.228788023062058e-16
5500.075471698113,4.28046809103356e-15
5500.226415094339,-9.192187665671126e-15
5500.377358490566,1.0249634845324393e-14
5500.528301886792,-7.200040641115231e-15
5500.679245283019,2.330274596976308e-15
5500.830188679245,1.706850924152226e-15
5500.981132075472,-4.503362913020107e-15
5501.132075471698,6.258644746311713e-15
5501.2830188679245,-6.91554107957007e-15
5501.433962264151,5.4651744510577935e-15
5501.584905660377,-2.2046078303757437e-15
5501.735849056604,-1.5452251769093753e-15
5501.88679245283,3.79277512270183e-15
5502.037735849057,-4.237575536934272e-15
5502.188679245283,3.465258001808545e-15
5502.33962264151,-2.6439426088876427e-15
5502.490566037736,1.6813708083516146e-15
5502.641509433963,-6.400254158134126e-16
5502.792452830188,-1.6070487072634041e-16
5502.943396226415,-7.01485100728498e-16
5503.094339622641,3.303981657166978e-15
5503.245283018868,-6.411535695479942e-15
5503.396226415094,7.176450034602807e-15
5503.547169811321,-4.111289534273239e-15
5503.698113207547,-2.36149466998627e-15
5503.8490566037735,8.808689159070178e-15
5504.0,-1.183118958163558e-14
5504.1509433962265,9.529424711270854e-15
5504.301886792453,-3.8659330365313206e-15
5504.452830188679,-1.8252292791196376e-15
5504.603773584906,4.363704207906013e-15
5504.754716981132,-3.752831416265627e-15
5504.905660377359,1.5462033727284044e-15
5505.056603773585,-2.0630974311434763e-16
5505.207547169812,2.2116109338082548e-16
5505.358490566037,-1.2019220020940025e-15
5505.509433962264,1.5851021281367126e-15
5505.66037735849,-1.1255992508788085e-15
5505.811320754717,-2.948987633089339e-17
5505.962264150943,4.953931834533768e-16
5506.11320754717,-4.71254366674658e-19
5506.264150943396,-1.3651855116239597e-15
5506.415094339623,1.9711346008897958e-15
5506.566037735849,-1.1949824088942875e-15
5506.7169811320755,-8.255138587147194e-16
5506.867924528302,1.6559756359055357e-15
5507.018867924528,1.2704900957925359e-16
5507.169811320755,-4.255683694616038e-15
5507.320754716981,7.19427935229899e-15
5507.471698113208,-6.354412612540439e-15
5507.622641509434,1.434987914085293e-15
5507.773584905661,3.852344328456449e-15
5507.924528301887,-6.282100506829132e-15
5508.075471698113,4.732255517015698e-15
5508.226415094339,-2.374917416563536e-15
5508.377358490566,2.178060940619209e-15
5508.528301886792,-5.151246799484909e-15
5508.679245283019,8.106120320198156e-15
5508.830188679245,-8.19207495827048e-15
5508.981132075472,4.340838814936521e-15
5509.132075471698,6.021944738074867e-16
5509.2830188679245,-4.038114424622982e-15
5509.433962264151,4.3021416655408665e-15
5509.584905660377,-2.8214827987445414e-15
5509.735849056604,8.219218874226041e-16
5509.88679245283,2.5141640132043834e-16
5510.037735849057,-7.44568638745731e-16
5510.188679245283,2.6830301246756376e-16
5510.33962264151,6.521065927451559e-16
5510.490566037736,-1.942014843050027e-15
5510.641509433963,1.7360031096307597e-15
5510.792452830188,5.198607892241447e-16
5510.943396226415,-4.338623816756784e-15
5511.094339622641,6.310237672190592e-15
5511.245283018868,-4.6325464498562e-15
5511.396226415094,-3.4578021185063685e-16
5511.547169811321,4.51198814371659e-15
5511.698113207547,-5.480105093424767e-15
5511.8490566037735,3.633635523197029e-15
5512.0,-3.3828800053054886e-15
5512.1509433962265,6.7094978184217965e-15
5512.301886792453,-1.2105536544857598e-14
5512.452830188679,1.4129912112642858e-14
5512.603773584906,-1.0411965893168251e-14
5512.754716981132,2.271784436171216e-15
5512.905660377359,5.055129425115676e-15
5513.056603773585,-8.752394820975318e-15
5513.207547169812,8.126024638305334e-15
5513.358490566037,-5.4233344095682995e-15
5513.509433962264,1.6015246185034299e-15
5513.66037735849,1.7216089199055418e-15
5513.811320754717,-3.927150367222398e-15
5513.962264150943,3.2668070884118448e-15
5514.11320754717,-2.2420162553768456e-16
5514.264150943396,-4.315926108677226e-15
5514.415094339623,7.505599653440643e-15
5514.566037735849,-8.303705869488687e-15
5514.7169811320755,6.0873554889397256e-15
5514.867924528302,-3.173639822651839e-15
5515.018867924528,1.5582285346149116e-15
5515.169811320755,-3.4802996342460803e-15
5515.320754716981,7.337144656819198e-15
5515.471698113208,-1.0529946942296925e-14
5515.622641509434,9.59193924617502e-15
5515.773584905661,-5.22904650041259e-15
5515.924528301887,-1.9617311293051095e-16
5516.075471698113,2.722617511019139e-15
5516.226415094339,-2.020154634182159e-15
5516.377358490566,-6.918548067586065e-16
5516.528301886792,2.0364873315001194e-15
5516.679245283019,-1.6052252258253368e-15
5516.830188679245,2.7315697525010745e-16
5516.981132075472,-1.0939887996898568e-15
5517.132075471698,4.041264104361247e-15
5517.2830188679245,-7.786688429115632e-15
5517.433962264151,8.777825794413133e-15
5517.584905660377,-6.340724519285489e-15
5517.735849056604,9.292875779418213e-16
5517.88679245283,3.975548114555203e-15
5518.037735849057,-5.95967159826861e-15
5518.188679245283,2.5625130767552713e-15
5518.33962264151,4.3693090087567286e-15
5518.490566037736,-1.1296641635422928e-14
5518.641509433963,1.2796186752891459e-14
5518.792452830188,-8.037531519340347e-15
5518.943396226415,-6.521219576276868e-16
5519.094339622641,7.478817642850875e-15
5519.245283018868,-9.96466045896787e-15
5519.396226415094,7.947940478048928e-15
5519.547169811321,-4.979209780709357e-15
5519.698113207547,2.7271530242348665e-15
5519.8490566037735,-2.40334098886836e-15
5520.0,2.4500934536429373e-15
5520.1509433962265,-2.7869941509364008e-15
5520.301886792453,2.5441386346432785e-15
5520.452830188679,-2.6052232631156878e-15
5520.603773584906,2.106935155296686e-15
5520.754716981132,-1.5043194904102341e-15
5520.905660377359,3.356736848072171e-16
5521.056603773585,-4.723236618851498e-16
5521.207547169812,2.0284393900078847e-15
5521.358490566037,-4.949499006031788e-15
5521.509433962264,6.273379568971641e-15
5521.66037735849,-5.256290326505064e-15
5521.811320754717,1.906743024321791e-15
5521.962264150943,9.759717459273011e-16
5522.11320754717,-3.282561707133248e-15
5522.264150943396,5.090504372919611e-15
5522.415094339623,-7.781261876917005e-15
5522.566037735849,9.208514485066341e-15
5522.7169811320755,-7.912746032117018e-15
5522.867924528302,2.9163696311862206e-15
5523.018867924528,1.931076318716711e-15
5523.169811320755,-3.5885986718165426e-15
5523.320754716981,4.177271221683246e-16
5523.471698113208,3.679618110540842e-15
5523.622641509434,-5.349110656267109e-15
5523.773584905661,2.30402942274712e-15
5523.924528301887,2.525268767888532e-15
5524.075471698113,-6.475113625192763e-15
5524.226415094339,6.778683607120109e-15
5524.377358490566,-4.817808934513593e-15
5524.528301886792,1.797325086591146e-15
5524.679245283019,-3.746628242651279e-16
5524.830188679245,4.313354672927291e-16
5524.981132075472,-2.2616625869655583e-15
5525.132075471698,3.5703090770830065e-15
5525.2830188679245,-3.476281945064109e-15
5525.433962264151,5.327539142196008e-16
5525.584905660377,2.916853643338769e-15
5525.735849056604,-4.932078942004975e-15
5525.88679245283,3.079079657130667e-15
5526.037735849057,5.992908294633256e-16
5526.188679245283,-4.24065083782086e-15
5526.33962264151,5.637393355500133e-15
5526.490566037736,-6.642356263318021e-15
5526.641509433963,7.881787787780895e-15
5526.792452830188,-9.919839835995162e-15
5526.943396226415,9.901954209532023e-15
5527.094339622641,-7.155710771893022e-15
5527.245283018868,1.5714526307280991e-15
5527.396226415094,3.082107446378451e-15
5527.547169811321,-4.500760779632614e-15
5527.698113207547,8.110168902605477e-16
5527.8490566037735,4.765148208892786e-15
5528.0,-8.815064046785891e-15
5528.1509433962265,7.516071049210938e-15
5528.301886792453,-2.570138302861248e-15
5528.452830188679,-3.058192339320443e-15
5528.603773584906,4.9030473460587605e-15
5528.754716981132,-3.3991239781543317e-15
5528.905660377359,3.162338602385225e-16
5529.056603773585,3.8731905424823757e-16
5529.207547169812,9.440450353171122e-16
5529.358490566037,-2.7080817166832222e-15
5529.509433962264,1.093227931391533e-15
5529.66037735849,3.0295543020767186e-15
5529.811320754717,-7.182285635490762e-15
5529.962264150943,6.717869296936188e-15
5530.11320754717,-2.0841326373996373e-15
5530.264150943396,-4.179178469996033e-15
5530.415094339623,6.839810775292745e-15
5530.566037735849,-5.432411661528381e-15
5530.7169811320755,1.761600009248865e-15
5530.867924528302,-8.488684121674989e-16
5531.018867924528,3.357691017600423e-15
5531.169811320755,-7.817223071809216e-15
5531.320754716981,9.113590861801573e-15
5531.471698113208,-5.694706823831753e-15
5531.622641509434,-2.0314615121138725e-15
5531.773584905661,8.864108738450513e-15
5531.924528301887,-1.1573792762904696e-14
5532.075471698113,8.204613793676177e-15
5532.226415094339,-2.345203630602474e-15
5532.377358490566,-2.8868726650587502e-15
5532.528301886792,4.283525638563667e-15
5532.679245283019,-3.5300286375996755e-15
5532.830188679245,2.0345696561618516e-15
5532.981132075472,-2.1633455580109085e-15
5533.132075471698,2.4015217192129354e-15
5533.2830188679245,-2.2397445581621414e-15
5533.433962264151,5.114561965048514e-16
5533.584905660377,1.5086515373925636e-16
5533.735849056604,1.1355792413307886e-15
5533.88679245283,-4.826562197213923e-15
5534.037735849057,7.1054034215264924e-15
5534.188679245283,-6.384715355104675e-15
5534.33962264151,2.159756807511656e-15
5534.490566037736,1.7560691883521294e-15
5534.641509433963,-4.0989142663918656e-15
5534.792452830188,4.317960955377894e-15
5534.943396226415,-5.210273103248781e-15
5535.094339622641,6.560306888953962e-15
5535.245283018868,-7.789819523015702e-15
5535.396226415094,5.432138398845356e-15
5535.547169811321,4.1614589234691017e-16
5535.698113207547,-8.182455715345696e-15
5535.8490566037735,1.2073402760559052e-14
5536.0,-9.603906760113042e-15
5536.1509433962265,9.998611669884052e-16
5536.301886792453,7.492625943970784e-15
5536.452830188679,-1.1369678238394653e-14
5536.603773584906,7.800696669657756e-15
5536.754716981132,-2.4708915670308625e-16
5536.905660377359,-7.579685239857154e-15
5537.056603773585,1.0918828052113195e-14
5537.207547169812,-9.542690226195926e-15
5537.358490566037,3.706694122879916e-15
5537.509433962264,3.0436047413286417e-15
5537.66037735849,-8.754017643950741e-15
5537.811320754717,1.0228804703505348e-14
5537.962264150943,-7.982352041334542e-15
5538.11320754717,2.7643537121145438e-15
5538.264150943396,1.6117331102560212e-15
5538.415094339623,-4.049048707373815e-15
5538.566037735849,3.4973307198162682e-15
5538.7169811320755,-2.391500126835638e-15
5538.867924528302,1.2678373468051056e-15
5539.018867924528,-1.4882439465756414e-15
5539.169811320755,1.4082099488579042e-15
5539.320754716981,-1.241256897237984e-15
5539.471698113208,8.511232244328506e-17
5539.622641509434,1.6994462291587893e-16
5539.773584905661,3.186836212314696e-16
5539.924528301887,-2.0915174653015135e-15
5540.075471698113,2.380236331035093e-15
5540.226415094339,-6.400676618140608e-16
5540.377358490566,-3.3733725898121952e-15
5540.528301886792,5.754012875119245e-15
5540.679245283019,-4.8597427828204766e-15
5540.830188679245,1.1073076174296025e-17
5540.981132075472,4.677221050768825e-15
5541.132075471698,-6.978529951943843e-15
5541.2830188679245,5.508883182244364e-15
5541.433962264151,-3.858727895913588e-15
5541.584905660377,3.928894950222754e-15
5541.735849056604,-6.877525789584787e-15
5541.88679245283,9.12477443709298e-15
5542.037735849057,-9.016428663983549e-15
5542.188679245283,5.454973500726203e-15
5542.33962264151,-1.540356350494286e-15
5542.490566037736,-1.6034555528043864e-15
5542.641509433963,2.358375043359556e-15
5542.792452830188,-1.9114007939704585e-15
5542.943396226415,-5.796959766189733e-16
5543.094339622641,3.8102022568006735e-15
5543.245283018868,-7.415237435171015e-15
5543.396226415094,8.260353813003271e-15
5543.547169811321,-5.801394452862299e-15
5543.698113207547,-2.8732915207168164e-16
5543.8490566037735,5.8648652232240795e-15
5544.0,-7.683357031791243e-15
5544.1509433962265,2.6532349857537943e-15
5544.301886792453,5.506054344543828e-15
5544.452830188679,-1.0960357919697642e-14
5544.603773584906,7.224399420242934e-15
5544.754716981132,3.203941598990725e-15
5544.905660377359,-1.270113117255749e-14
5545.056603773585,1.1845294799437056e-14
5545.207547169812,-1.4664983207086617e-15
5545.358490566037,-1.0334636830771195e-14
5545.509433962264,1.2392992961012322e-14
5545.66037735849,-3.862439795568774e-15
5545.811320754717,-7.897353596980247e-15
5545.962264150943,1.1202861657440995e-14
5546.11320754717,-3.50201065204124e-15
5546.264150943396,-9.727951247367852e-15
5546.415094339623,1.7229145567741583e-14
5546.566037735849,-1.477855191909002e-14
5546.7169811320755,5.235525831423362e-15
5546.867924528302,2.022450557636464e-15
5547.018867924528,-2.9388227503880803e-15
5547.169811320755,-1.1025202911608056e-15
5547.320754716981,2.929896218695437e-15
5547.471698113208,-1.728575915557994e-16
5547.622641509434,-5.34462935328533e-15
5547.773584905661,7.208068642472693e-15
5547.924528301887,-4.125185584074701e-15
5548.075471698113,-1.639915961071131e-15
5548.226415094339,3.90857721870253e-15
5548.377358490566,-1.3917124114729343e-15
5548.528301886792,-4.422448408425377e-15
5548.679245283019,8.259913770631943e-15
5548.830188679245,-8.640356751595096e-15
5548.981132075472,5.574095102492286e-15
5549.132075471698,-2.7161479923745764e-15
5549.2830188679245,1.1913648908179744e-15
5549.433962264151,-2.113128479165883e-15
5549.584905660377,3.377659204469255e-15
5549.735849056604,-4.4504538979673355e-15
5549.88679245283,3.4593555612923568e-15
5550.037735849057,-1.3888264008309807e-15
5550.188679245283,-1.496077292548917e-15
5550.33962264151,2.7382030679987834e-15
5550.490566037736,-2.4498545451260597e-15
5550.641509433963,-4.1055003515417525e-17
5550.792452830188,3.2793618511202836e-15
5550.943396226415,-7.965881141827193e-15
5551.094339622641,1.269650153119055e-14
5551.245283018868,-1.6340748137032688e-14
5551.396226415094,1.4754409557011462e-14
5551.547169811321,-7.189749118611412e-15
5551.698113207547,-4.392766403569093e-15
5551.8490566037735,1.2473863276485009e-14
5552.0,-1.2474266341848566e-14
5552.1509433962265,3.9801088353452585e-15
5552.301886792453,5.893061890754186e-15
5552.452830188679,-1.1011096575982497e-14
5552.603773584906,7.740218413324202e-15
5552.754716981132,2.994514579250595e-16
5552.905660377359,-8.45816304649984e-15
5553.056603773585,1.1492928659692677e-14
5553.207547169812,-9.377239732750996e-15
5553.358490566037,3.4519479165448314e-15
5553.509433962264,2.1602884459641187e-15
5553.66037735849,-5.806506636537784e-15
5553.811320754717,5.443210357385619e-15
5553.962264150943,-2.2484970746903736e-15
5554.11320754717,-2.646699789064055e-15
5554.264150943396,5.3636174188348294e-15
5554.415094339623,-4.541984564318707e-15
5554.566037735849,-2.075695826933424e-16
5554.7169811320755,5.014365230443341e-15
5554.867924528302,-7.456207249550269e-15
5555.018867924528,5.921807024317576e-15
5555.169811320755,-3.631313191538793e-15
5555.320754716981,2.9972268074194484e-15
5555.471698113208,-5.767699143263544e-15
5555.622641509434,8.78834481988509e-15
5555.773584905661,-9.516462041045251e-15
5555.924528301887,5.821457373900824e-15
5556.075471698113,-3.244522365174028e-16
5556.226415094339,-4.419291780789548e-15
5556.377358490566,5.145703299426069e-15
5556.528301886792,-2.649516158857105e-15
5556.679245283019,-1.477346807784556e-15
5556.830188679245,3.054039321646926e-15
5556.981132075472,-9.375239536814188e-16
5557.132075471698,-4.270618703871089e-15
5557.2830188679245,7.685803360985771e-15
5557.433962264151,-6.5665672751698696e-15
5557.584905660377,4.149568841024334e-16
5557.735849056604,5.815278442015405e-15
5557.88679245283,-8.287504280668987e-15
5558.037735849057,5.28458909745811e-15
5558.188679245283,-1.3675410807006954e-15
5558.33962264151,9.189905890019376e-16
5558.490566037736,-6.1534318878130574e-15
5558.641509433963,1.204832047368809e-14
5558.792452830188,-1.2710259147487356e-14
5558.943396226415,4.76408262025696e-15
5559.094339622641,6.063130801007525e-15
5559.245283018868,-1.1432251870971053e-14
5559.396226415094,5.61958690732004e-15
5559.547169811321,6.520651634863025e-15
5559.698113207547,-1.5921135016684936e-14
5559.8490566037735,1.4952160720789556e-14
5560.0,-5.722304701906469e-15
5560.1509433962265,-5.096771312250546e-15
5560.301886792453,1.0104119269021212e-14
5560.452830188679,-8.629538175599186e-15
5560.603773584906,3.3477002505968635e-15
5560.754716981132,4.948355535737697e-16
5560.905660377359,-9.225480780801022e-16
5561.056603773585,-2.4658221752154386e-15
5561.207547169812,6.385936236962303e-15
5561.358490566037,-8.456820564302607e-15
5561.509433962264,6.550828642003701e-15
5561.66037735849,-2.414300621226072e-15
5561.811320754717,-2.0805903890085502e-15
5561.962264150943,4.271584079017894e-15
5562.11320754717,-4.513133029240127e-15
5562.264150943396,3.0823281287458627e-15
5562.415094339623,-1.6886941640055328e-15
5562.566037735849,3.4783713113074033e-16
5562.7169811320755,-1.5743974403339485e-16
5562.867924528302,7.639651887358313e-16
5563.018867924528,-2.3305274750079435e-15
5563.169811320755,2.6672943944506337e-15
5563.320754716981,-9.192033370422191e-16
5563.471698113208,-3.0201857014730623e-15
5563.622641509434,5.745177158313628e-15
5563.773584905661,-5.057151475356243e-15
5563.924528301887,3.1256246931350267e-16
5564.075471698113,4.8087241946293575e-15
5564.226415094339,-7.332415663058396e-15
5564.377358490566,5.825678130099596e-15
5564.528301886792,-3.4978336861555412e-15
5564.679245283019,3.1882616314625386e-15
5564.830188679245,-6.193863489422841e-15
5564.981132075472,9.227382444657867e-15
5565.132075471698,-9.426301647020628e-15
5565.2830188679245,5.4291301541794355e-15
5565.433962264151,-2.3951124536481794e-16
5565.584905660377,-3.3482691234973987e-15
5565.735849056604,3.3202459485836407e-15
5565.88679245283,-1.3318582991114853e-15
5566.037735849057,-9.151929913464803e-16
5566.188679245283,1.4637800108124963e-15
5566.33962264151,-9.805411053664838e-16
5566.490566037736,4.253009901184086e-17
5566.641509433963,-7.685819666733874e-17
5566.792452830188,6.50582909863271e-16
5566.943396226415,-1.6374361282120392e-15
5567.094339622641,1.846388971589952e-15
5567.245283018868,-1.5764240136405485e-15
5567.396226415094,7.875041608719196e-16
5567.547169811321,-6.762017291492148e-16
5567.698113207547,1.1607012262847153e-15
5567.8490566037735,-2.355014222666866e-15
5568.0,2.8481065738558577e-15
5568.1509433962265,-2.342173532724872e-15
5568.301886792453,7.807904902478998e-16
5568.452830188679,-2.7494193093428493e-16
5568.603773584906,1.8808670325677047e-15
5568.754716981132,-5.532552327100063e-15
5568.905660377359,8.239644095583983e-15
5569.056603773585,-7.949303940975888e-15
5569.207547169812,4.141947344495702e-15
5569.358490566037,4.3927496452417565e-16
5569.509433962264,-3.5001660826206604e-15
5569.66037735849,3.597540873773147e-15
5569.811320754717,-1.9778509664363305e-15
5569.962264150943,-1.982390709795328e-16
5570.11320754717,1.4542213815348637e-15
5570.264150943396,-1.7679409217761199e-15
5570.415094339623,8.677167883183657e-16
5570.566037735849,2.25546271316011e-16
5570.7169811320755,-5.464581541178183e-16
5570.867924528302,-1.3954846472467288e-15
5571.018867924528,4.837935281209151e-15
5571.169811320755,-7.90003976457469e-15
5571.320754716981,7.840972635796632e-15
5571.471698113208,-4.430296511776753e-15
5571.622641509434,-8.117058045101413e-16
5571.773584905661,4.58110387904679e-15
5571.924528301887,-4.891713234573589e-15
5572.075471698113,1.3342471113065336e-15
5572.226415094339,3.4848353515775685e-15
5572.377358490566,-6.5699962309726905e-15
5572.528301886792,5.7634904966715955e-15
5572.679245283019,-2.1894361351415365e-15
5572.830188679245,-1.8408109961277515e-15
5572.981132075472,4.053293800815104e-15
5573.132075471698,-4.487583219835239e-15
5573.2830188679245,3.6519043119511165e-15
5573.433962264151,-2.0562563921997503e-15
5573.584905660377,-6.4294146290920945e-16
5573.735849056604,3.4548779453403598e-15
5573.88679245283,-4.870996270925495e-15
5574.037735849057,3.762597011725794e-15
5574.188679245283,-1.479413407106747e-15
5574.33962264151,-7.659975826367379e-17
5574.490566037736,-1.1036996618868177e-16
5574.641509433963,5.568834914554526e-16
5574.792452830188,6.971630890165402e-16
5574.943396226415,-4.637215084707671e-15
5575.094339622641,9.603183242369217e-15
5575.245283018868,-1.2928827864397006e-14
5575.396226415094,1.2282750669407144e-14
5575.547169811321,-7.560883519790363e-15
5575.698113207547,4.616817953001545e-16
5575.8490566037735,5.826896281031421e-15
5576.0,-8.60832907533815e-15
5576.1509433962265,6.727372848066676e-15
5576.301886792453,-1.6160026089162143e-15
5576.452830188679,-3.988200231296506e-15
5576.603773584906,7.364649357495105e-15
5576.754716981132,-7.467594775131475e-15
5576.905660377359,4.920806635053113e-15
5577.056603773585,-1.8965905249520095e-15
5577.207547169812,9.114718059314038e-16
5577.358490566037,-3.3641796773920722e-15
5577.509433962264,7.844185608866148e-15
5577.66037735849,-1.0794802464520697e-14
5577.811320754717,9.221517495290513e-15
5577.962264150943,-3.729459732241846e-15
5578.11320754717,-1.5668978150707526e-15
5578.264150943396,2.561849070133279e-15
5578.415094339623,1.017740912774781e-15
5578.566037735849,-5.391841710758559e-15
5578.7169811320755,6.387874233220377e-15
5578.867924528302,-3.0755735297519712e-15
5579.018867924528,-1.8174036574961772e-15
5579.169811320755,4.9277095532043426e-15
5579.320754716981,-4.923963153432299e-15
5579.471698113208,3.055436698321436e-15
5579.622641509434,-1.1350785916359507e-15
5579.773584905661,1.5022014938773308e-16
5579.924528301887,1.6607770441033643e-16
5580.075471698113,-5.141649486264038e-17
5580.226415094339,-4.27559813307825e-16
5580.377358490566,1.232861463921851e-15
5580.528301886792,-1.2496131802037577e-15
5580.679245283019,-5.066931035441621e-16
5580.830188679245,3.8050465090030806e-15
5580.981132075472,-6.289359073152476e-15
5581.132075471698,5.833662690693267e-15
5581.2830188679245,-2.1299898204721464e-15
5581.433962264151,-2.4138889958288104e-15
5581.584905660377,5.288155338539695e-15
5581.735849056604,-5.270483828993345e-15
5581.88679245283,3.579325127090519e-15
5582.037735849057,-1.7990743139803893e-15
5582.188679245283,1.199807725054549e-15
5582.33962264151,-1.4020094092404745e-15
5582.490566037736,1.8589326342579776e-15
5582.641509433963,-1.7723737512756648e-15
5582.792452830188,1.4210986994204882e-15
5582.943396226415,-9.318905365944797e-16
5583.094339622641,8.722775603650889e-16
5583.245283018868,-9.439579392591888e-16
5583.396226415094,1.188184903825199e-15
5583.547169811321,-1.1039636573529885e-15
5583.698113207547,9.973187486469766e-16
5583.8490566037735,-7.24602675454764e-16
5584.0,7.66672328359804e-16
5584.1509433962265,-7.965492851288677e-16
5584.301886792453,1.0129673601770577e-15
5584.452830188679,-9.170144658345972e-16
5584.603773584906,8.537469237305021e-16
5584.754716981132,-5.948694226548562e-16
5584.905660377359,6.87679904055052e-16
5585.056603773585,-7.770963780278566e-16
5585.207547169812,1.097151524350069e-15
5585.358490566037,-1.0092147160816297e-15
5585.509433962264,8.539306851521547e-16
5585.66037735849,-4.2009360898538e-16
5585.811320754717,5.178663049498973e-16
5585.962264150943,-8.87079439100897e-16
5586.11320754717,1.6756069131684618e-15
5586.264150943396,-1.7303549536749688e-15
5586.415094339623,1.0761111480305033e-15
5586.566037735849,2.4876732997563705e-16
5586.7169811320755,-2.876146402233029e-16
5586.867924528302,-1.4878494357413084e-15
5587.018867924528,4.715095216404127e-15
5587.169811320755,-6.45321016508078e-15
5587.320754716981,5.5238877013633255e-15
5587.471698113208,-2.0924368796194073e-15
5587.622641509434,-1.0834822023775834e-15
5587.773584905661,3.3530353349999505e-15
5587.924528301887,-4.759837675153385e-15
5588.075471698113,6.68563701061382e-15
5588.226415094339,-7.789395293795605e-15
5588.377358490566,6.94642889345406e-15
5588.528301886792,-2.9689780398456325e-15
5588.679245283019,-1.8200583197603616e-15
5588.830188679245,5.265753730506992e-15
5588.981132075472,-5.0951303561484335e-15
5589.132075471698,2.83542546133376e-15
5589.2830188679245,-5.351550431904411e-16
5589.433962264151,1.171467054394991e-15
5589.584905660377,-3.965367641823844e-15
5589.735849056604,7.243996433444773e-15
5589.88679245283,-7.608980435539232e-15
5590.037735849057,4.708170228462232e-15
5590.188679245283,1.0789573415940593e-15
5590.33962264151,-6.550003922792557e-15
5590.490566037736,1.0020924641956557e-14
5590.641509433963,-9.290182349378939e-15
5590.792452830188,4.989865228353342e-15
5590.943396226415,2.3314078347740116e-15
5591.094339622641,-9.024760733315936e-15
5591.245283018868,1.2418157740449044e-14
5591.396226415094,-9.703986987992545e-15
5591.547169811321,3.1682407569119297e-15
5591.698113207547,3.448465602701749e-15
5591.8490566037735,-4.847890288491085e-15
5592.0,1.2154347454512642e-15
5592.1509433962265,4.570436016764441e-15
5592.301886792453,-6.4617168609176915e-15
5592.452830188679,2.8181323238087237e-15
5592.603773584906,5.176309523161618e-15
5592.754716981132,-1.1449898962174464e-14
5592.905660377359,1.27577713083606e-14
5593.056603773585,-8.382862482282235e-15
5593.207547169812,3.448260289269716e-15
5593.358490566037,-1.1378161449065286e-15
5593.509433962264,2.8282903579642237e-15
5593.66037735849,-4.187290760956409e-15
5593.811320754717,2.476952500827749e-15
5593.962264150943,3.772707060597922e-15
5594.11320754717,-1.0075433411177165e-14
5594.264150943396,1.2949201834158958e-14
5594.415094339623,-9.697836596147947e-15
5594.566037735849,3.9049913473009835e-15
5594.7169811320755,1.2060815929411485e-15
5594.867924528302,-2.332117790821921e-15
5595.018867924528,1.8286353280423578e-15
5595.169811320755,-1.173105981315879e-15
5595.320754716981,2.0381812738887227e-15
5595.471698113208,-1.3154967591678336e-15
5595.622641509434,-1.6070499723499466e-15
5595.773584905661,6.437404338312141e-15
5595.924528301887,-7.791774176406784e-15
5596.075471698113,3.66008261693316e-15
5596.226415094339,5.6476372387662374e-15
5596.377358490566,-1.3092570260584204e-14
5596.528301886792,1.3962974427625424e-14
5596.679245283019,-5.9857491718325926e-15
5596.830188679245,-4.587449798779488e-15
5596.981132075472,1.1628057774703461e-14
5597.132075471698,-9.875177262853611e-15
5597.2830188679245,2.7808498784961517e-15
5597.433962264151,4.8026727947957315e-15
5597.584905660377,-6.7254198259240515e-15
5597.735849056604,4.3722121672550864e-15
5597.88679245283,-7.812045530183009e-16
5598.037735849057,1.4927648449206368e-15
5598.188679245283,-5.242179905730883e-15
5598.33962264151,9.38054774047649e-15
5598.490566037736,-8.496984032056643e-15
5598.641509433963,3.7710706779790865e-15
5598.792452830188,2.4275163058321444e-15
5598.943396226415,-4.614961646850199e-15
5599.094339622641,3.4674856375298145e-15
5599.245283018868,-5.631340331279944e-16
5599.396226415094,7.695316293093274e-16
5599.547169811321,-3.009374300647202e-15
5599.698113207547,5.907434806309967e-15
5599.8490566037735,-5.163612624167711e-15
5600.0,2.26089313309291e-15
5600.1509433962265,2.0354080132840094e-15
5600.301886792453,-4.577204355559939e-15
5600.452830188679,7.13313029777706e-15
5600.603773584906,-8.744253875240474e-15
5600.754716981132,1.0035261530827066e-14
5600.905660377359,-7.799331072536538e-15
5601.056603773585,3.753748334380686e-15
5601.207547169812,7.671982834431052e-16
5601.358490566037,-9.844333652279702e-16
5601.509433962264,-1.5559460958621363e-15
5601.66037735849,5.100521161720221e-15
5601.811320754717,-4.702807840785023e-15
5601.962264150943,2.1985808848542447e-15
5602.11320754717,9.57660829113978e-16
5602.264150943396,-7.953894509767562e-16
5602.415094339623,-2.1143800262187036e-16
5602.566037735849,1.3802728541347388e-15
5602.7169811320755,3.832608634524689e-17
5602.867924528302,-1.4907409021731576e-15
5603.018867924528,3.925216225929612e-15
5603.169811320755,-5.92418484415575e-15
5603.320754716981,9.236487162090338e-15
5603.471698113208,-1.0167220230737005e-14
5603.622641509434,7.95565088076155e-15
5603.773584905661,-7.466476923816247e-16
5603.924528301887,-6.1632585588084975e-15
5604.075471698113,1.002895315377259e-14
5604.226415094339,-6.874159999802733e-15
5604.377358490566,2.995270268691651e-16
5604.528301886792,7.3807403140908e-15
5604.679245283019,-1.0532985627241616e-14
5604.830188679245,9.66803317616e-15
5604.981132075472,-3.922760777744995e-15
5605.132075471698,-2.3744435645745008e-15
5605.2830188679245,8.45779818612183e-15
5605.433962264151,-1.0306154431168262e-14
5605.584905660377,9.18405737558443e-15
5605.735849056604,-4.122461155083702e-15
5605.88679245283,-7.089292269449999e-16
5606.037735849057,4.903125173239173e-15
5606.188679245283,-4.738717020323474e-15
5606.33962264151,2.1232364905516094e-15
5606.490566037736,3.051483203588221e-15
5606.641509433963,-5.631187670372302e-15
5606.792452830188,5.5126196009005684e-15
5606.943396226415,-1.0550689231983328e-15
5607.094339622641,-3.0316580835051346e-15
5607.245283018868,6.2112074198504145e-15
5607.396226415094,-5.561309710219821e-15
5607.547169811321,4.330178734971441e-15
5607.698113207547,-2.0532537462687823e-15
5607.8490566037735,1.8339693440822335e-15
5608.0,-1.4058567331288404e-15
5608.1509433962265,2.3652548351589167e-15
5608.301886792453,-2.0176546773369633e-15
5608.452830188679,2.4002300175563294e-15
5608.603773584906,-1.3454986010875942e-15
5608.754716981132,1.3280142809822161e-15
5608.905660377359,-4.518756205501501e-16
5609.056603773585,1.3041768173292365e-15
5609.207547169812,-1.5125945549887153e-15
5609.358490566037,2.7003400553274495e-15
5609.509433962264,-1.7132357888370703e-15
5609.66037735849,8.460898157282564e-16
5609.811320754717,9.000239627453413e-16
5609.962264150943,5.70262158498157e-16
5610.11320754717,-3.1529175346708786e-15
5610.264150943396,7.236445031172038e-15
5610.415094339623,-7.444999816469871e-15
5610.566037735849,4.496689959664944e-15
5610.7169811320755,2.8975896688284093e-15
5610.867924528302,-8.753081522188451e-15
5611.018867924528,1.1863334857533764e-14
5611.169811320755,-8.58564164338101e-15
5611.320754716981,3.525304340021553e-15
5611.471698113208,2.1466561878250513e-15
5611.622641509434,-3.5213168967420068e-15
5611.773584905661,3.4115504922309747e-15
5611.924528301887,-1.2785959796087104e-15
5612.075471698113,1.2553252805316843e-15
5612.226415094339,-7.361247178736075e-16
5612.377358490566,1.2618586381083587e-15
5612.528301886792,2.845875741694979e-16
5612.679245283019,-5.425428656129245e-16
5612.830188679245,9.375246666126098e-16
5612.981132075472,1.1862134584688446e-15
5613.132075471698,-1.4002394539576851e-15
5613.2830188679245,4.238831611764392e-16
5613.433962264151,4.138728351351638e-15
5613.584905660377,-6.6904278485156e-15
5613.735849056604,6.909685740008182e-15
5613.88679245283,-1.8637191007268628e-15
5614.037735849057,-2.7420307473143826e-15
5614.188679245283,6.1292193810260106e-15
5614.33962264151,-4.422271782013823e-15
5614.490566037736,2.379130172917029e-15
5614.641509433963,-1.790504446324759e-16
5614.792452830188,1.774723386176372e-15
5614.943396226415,-2.5905846969720828e-15
5615.094339622641,2.713740822341209e-15
5615.245283018868,1.4886787482998505e-15
5615.396226415094,-4.852794769313707e-15
5615.547169811321,6.735514828399034e-15
5615.698113207547,-2.405718316507484e-15
5615.8490566037735,-3.710815264996392e-15
5616.0,1.0615751875010773e-14
5616.1509433962265,-1.1807669481771891e-14
5616.301886792453,9.597241763025991e-15
5616.452830188679,-3.464395862809072e-15
5616.603773584906,-3.1518864145718416e-16
5616.754716981132,3.2283341352505266e-15
5616.905660377359,-2.9927138021107443e-15
5617.056603773585,3.8745653996969214e-15
5617.207547169812,-2.7896029664838762e-15
5617.358490566037,1.972700487866054e-15
5617.509433962264,1.0978921408872975e-15
5617.66037735849,-5.503556615587335e-16
5617.811320754717,-3.056232958280773e-15
5617.962264150943,1.1585464664162437e-14
5618.11320754717,-1.649358635293669e-14
5618.264150943396,1.5633437536802174e-14
5618.415094339623,-5.538415544861694e-15
5618.566037735849,-5.321412282829098e-15
5618.7169811320755,1.3650174639198425e-14
5618.867924528302,-1.355684920870786e-14
5619.018867924528,1.0628490418047787e-14
5619.169811320755,-5.993956838104525e-15
5619.320754716981,5.4255740814449096e-15
5619.471698113208,-4.9826993582610054e-15
5619.622641509434,5.882430048856565e-15
5619.773584905661,-3.934943859325327e-15
5619.924528301887,3.603144197014895e-15
5620.075471698113,-3.1357269507070347e-15
5620.226415094339,5.6349816811892445e-15
5620.377358490566,-5.294849475828338e-15
5620.528301886792,3.5103261224208046e-15
5620.679245283019,1.6466135833066029e-15
5620.830188679245,-2.4828957105069876e-15
5620.981132075472,-3.717506555183054e-16
5621.132075471698,8.30449297112429e-15
5621.2830188679245,-1.241012696587838e-14
5621.433962264151,1.2271022092902292e-14
5621.584905660377,-5.57467666409938e-15
5621.735849056604,9.514459343465637e-16
5621.88679245283,6.560101852915579e-16
5622.037735849057,4.338153988479334e-15
5622.188679245283,-8.398766203614462e-15
5622.33962264151,1.0787328863884962e-14
5622.490566037736,-6.677042734487594e-15
5622.641509433963,1.826360891368422e-15
5622.792452830188,3.877607608554251e-15
5622.943396226415,-4.1623112043118366e-15
5623.094339622641,2.1077606226347213e-15
5623.245283018868,4.254952858696767e-15
5623.396226415094,-8.072189577662606e-15
5623.547169811321,9.879335036802528e-15
5623.698113207547,-4.583886017142081e-15
5623.8490566037735,-2.3376715333535508e-15
5624.0,9.973716135212781e-15
5624.1509433962265,-9.876551144259007e-15
5624.301886792453,4.880380245795272e-15
5624.452830188679,4.7622552977620926e-15
5624.603773584906,-9.239970409473065e-15
5624.754716981132,9.052408589960918e-15
5624.905660377359,-1.9746575537670657e-15
5625.056603773585,-3.255175713035759e-15
5625.207547169812,5.976676960785189e-15
5625.358490566037,-1.2672186577976029e-15
5625.509433962264,-3.845129213772829e-15
5625.66037735849,8.203734288934519e-15
5625.811320754717,-4.814130745403929e-15
5625.962264150943,-1.0608386533239186e-15
5626.11320754717,9.007005780892992e-15
5626.264150943396,-1.150823719979435e-14
5626.415094339623,1.2221549309669164e-14
5626.566037735849,-8.779751738704052e-15
5626.7169811320755,5.973461720734846e-15
5626.867924528302,9.892439188855028e-16
5627.018867924528,-8.25057737277847e-15
5627.169811320755,1.7361590600751253e-14
5627.320754716981,-1.991331749366138e-14
5627.471698113208,1.751316756166045e-14
5627.622641509434,-8.274692673803423e-15
5627.773584905661,1.895657730352993e-15
5627.924528301887,1.459276899373453e-15
5628.075471698113,1.9383833530297595e-15
5628.226415094339,-3.591474853069975e-15
5628.377358490566,3.4414238484607296e-15
5628.528301886792,3.2445793651676516e-15
5628.679245283019,-8.727266219562361e-15
5628.830188679245,1.26632309948634e-14
5628.981132075472,-8.91907305264396e-15
5629.132075471698,3.868074178473692e-15
5629.2830188679245,2.718004771209711e-15
5629.433962264151,-3.913536161894965e-15
5629.584905660377,4.397708693350831e-15
5629.735849056604,-1.9957871158599978e-15
5629.88679245283,2.5580044111974066e-15
5630.037735849057,-1.4816144673282163e-15
5630.188679245283,2.1241026465422415e-15
5630.33962264151,-1.0468602052103274e-16
5630.490566037736,1.2303143739653776e-15
5630.641509433963,-2.1119143842488546e-15
5630.792452830188,5.9838619496964296e-15
5630.943396226415,-5.814037725571316e-15
5631.094339622641,5.104757942410025e-15
5631.245283018868,-1.41777519503865e-15
5631.396226415094,1.8891160792426775e-15
5631.547169811321,-1.7814218504189046e-15
5631.698113207547,2.3430164919255556e-15
5631.8490566037735,3.731213859728926e-15
5632.0,-1.057405356743246e-14
5632.1509433962265,1.761975657948607e-14
5632.301886792453,-1.548645881321095e-14
5632.452830188679,8.780883172509805e-15
5632.603773584906,2.023641695451975e-15
5632.754716981132,-6.403117788969591e-15
5632.905660377359,6.871885075269324e-15
5633.056603773585,-9.876996918345413e-16
5633.207547169812,-2.8803435522780354e-15
5633.358490566037,7.121187866622664e-15
5633.509433962264,-6.5719787666973906e-15
5633.66037735849,6.519220508732513e-15
5633.811320754717,-3.2609691174503964e-15
5633.962264150943,2.993997363022886e-15
5634.11320754717,-1.9046196286309755e-15
5634.264150943396,3.806440037042038e-15
5634.415094339623,-9.137354663995388e-16
5634.566037735849,-4.22448624510706e-15
5634.7169811320755,1.473293518143749e-14
5634.867924528302,-2.0107926975211147e-14
5635.018867924528,2.014357874764647e-14
5635.169811320755,-1.027617008166447e-14
5635.320754716981,1.3120937056842164e-15
5635.471698113208,4.867184267659348e-15
5635.622641509434,-6.48675188218966e-16
5635.773584905661,-6.195210072587018e-15
5635.924528301887,1.4992694423516507e-14
5636.075471698113,-1.6414723073866125e-14
5636.226415094339,1.491244599402532e-14
5636.377358490566,-8.179007736151753e-15
5636.528301886792,4.569806820134622e-15
5636.679245283019,-7.03955849625419e-16
5636.830188679245,1.5409721489787465e-15
5636.981132075472,-1.5160287848274587e-15
5637.132075471698,5.464713210643144e-15
5637.2830188679245,-7.494534146195181e-15
5637.433962264151,1.0980477993241655e-14
5637.584905660377,-9.170844360506106e-15
5637.735849056604,7.337346254847449e-15
5637.88679245283,-2.1945696330260197e-15
5638.037735849057,9.52772756506436e-16
5638.188679245283,9.281844606388965e-16
5638.33962264151,1.2563215505766e-15
5638.490566037736,-1.7504779556577108e-15
5638.641509433963,5.562788564706721e-15
5638.792452830188,-6.756026357478218e-15
5638.943396226415,9.461570236666131e-15
5639.094339622641,-7.851988864352207e-15
5639.245283018868,7.878778571989204e-15
5639.396226415094,-5.104306514888521e-15
5639.547169811321,5.124840587900449e-15
5639.698113207547,-2.628919966829678e-15
5639.8490566037735,3.4538611557285886e-15
5640.0,-2.5268403136570256e-15
5640.1509433962265,4.520198898297342e-15
5640.301886792453,-2.5982729971461964e-15
5640.452830188679,1.6252813462980882e-15
5640.603773584906,2.7867687831900327e-15
5640.754716981132,-3.3645774090601223e-15
5640.905660377359,4.6356728494265156e-15
5641.056603773585,-1.6273488024344452e-15
5641.207547169812,1.1674855517930069e-15
5641.358490566037,1.2922961462698984e-15
5641.509433962264,-5.61910916018179e-17
5641.66037735849,1.1320869182948345e-15
5641.811320754717,4.933525073068575e-16
5641.962264150943,1.1821217797092805e-15
5642.11320754717,-6.517542003902391e-16
5642.264150943396,3.1320277279897045e-15
5642.415094339623,-2.0483774497604182e-15
5642.566037735849,2.3646880272928184e-15
5642.7169811320755,1.121705718374731e-15
5642.867924528302,-1.2510963433806005e-15
5643.018867924528,2.5012830661828178e-15
5643.169811320755,1.0491026234480281e-15
5643.320754716981,-3.3930210488676015e-15
5643.471698113208,9.978628802332046e-15
5643.622641509434,-1.3875131747892622e-14
5643.773584905661,1.8418446402878153e-14
5643.924528301887,-1.594543136700225e-14
5644.075471698113,1.3323149487424415e-14
5644.226415094339,-8.045301000202538e-15
5644.377358490566,8.157681821231692e-15
5644.528301886792,-6.6980967431782964e-15
5644.679245283019,6.630630244051301e-15
5644.830188679245,-5.739892910611133e-16
5644.981132075472,-4.088990360102202e-15
5645.132075471698,9.948705845534668e-15
5645.2830188679245,-8.18918947434803e-15
5645.433962264151,4.4256369168308906e-15
5645.584905660377,4.400013540491731e-15
5645.735849056604,-7.622426278118414e-15
5645.88679245283,8.043495851486032e-15
5646.037735849057,-6.845975335810287e-16
5646.188679245283,-3.5256681374549512e-15
5646.33962264151,5.803642570297906e-15
5646.490566037736,4.724035491856126e-16
5646.641509433963,-4.9710679329673485e-15
5646.792452830188,8.449992480540852e-15
5646.943396226415,-2.954422162690442e-15
5647.094339622641,-2.2522307382190465e-15
5647.245283018868,7.795065223077633e-15
5647.396226415094,-4.169666987288855e-15
5647.547169811321,-8.567468599390954e-16
5647.698113207547,8.240894700986795e-15
5647.8490566037735,-7.192447390480331e-15
5648.0,3.6794796007158404e-15
5648.1509433962265,4.358241645349571e-15
5648.301886792453,-5.54736989249049e-15
5648.452830188679,3.989316016725537e-15
5648.603773584906,4.386764325434669e-15
5648.754716981132,-8.458697182560266e-15
5648.905660377359,1.0382472589991194e-14
5649.056603773585,-2.947340138340547e-15
5649.207547169812,-4.815340593471706e-15
5649.358490566037,1.4754118404728764e-14
5649.509433962264,-1.6611730720243915e-14
5649.66037735849,1.5235685952124168e-14
5649.811320754717,-5.5367440153398675e-15
5649.962264150943,-2.773550714218831e-15
5650.11320754717,1.2561916484749213e-14
5650.264150943396,-1.516602862016754e-14
5650.415094339623,1.6568180380080746e-14
5650.566037735849,-1.09799063863686e-14
5650.7169811320755,6.4124116281509385e-15
5650.867924528302,1.1883795433372558e-15
5651.018867924528,-2.7370904100025204e-15
5651.169811320755,3.933859581058384e-15
5651.320754716981,-7.328268348077708e-17
5651.471698113208,7.506061392279934e-16
5651.622641509434,-9.154250882378893e-16
5651.773584905661,5.986892454285355e-15
5651.924528301887,-6.8033520417318345e-15
5652.075471698113,8.338385734475895e-15
5652.226415094339,-4.348421824330128e-15
5652.377358490566,3.2900124002795916e-15
5652.528301886792,-2.457117598669056e-16
5652.679245283019,2.4260505737821036e-15
5652.830188679245,-2.1103917959687307e-15
5652.981132075472,4.061907581732539e-15
5653.132075471698,-2.8443753511190085e-16
5653.2830188679245,-1.6943187474074527e-15
5653.433962264151,6.1557934286191195e-15
5653.584905660377,-4.255183176313641e-15
5653.735849056604,2.8528225604574415e-15
5653.88679245283,2.936586109963907e-15
5654.037735849057,-4.303255986231474e-15
5654.188679245283,7.097107191158908e-15
5654.33962264151,-4.24107696401509e-15
5654.490566037736,2.7949324760375223e-15
5654.641509433963,3.0359271341473204e-15
5654.792452830188,-4.270847365910782e-15
5654.943396226415,5.814048108943081e-15
5655.094339622641,-4.868504612712552e-16
5655.245283018868,-2.8489759123434856e-15
5655.396226415094,8.15042194509024e-15
5655.547169811321,-6.273220701036137e-15
5655.698113207547,4.325818593881505e-15
5655.8490566037735,2.092215145997313e-15
5656.0,-2.7267840109119593e-15
5656.1509433962265,3.2283424597032316e-15
5656.301886792453,1.9227951646226654e-15
5656.452830188679,-3.1075484313930874e-15
5656.603773584906,6.45887452098897e-15
5656.754716981132,-6.012081980636924e-15
5656.905660377359,9.73740835245291e-15
5657.056603773585,-9.361709565740988e-15
5657.207547169812,9.815901462100452e-15
5657.358490566037,-3.5195483709166213e-15
5657.509433962264,2.41723656352623e-17
5657.66037735849,4.493219609309071e-15
5657.811320754717,-1.7524389573932682e-15
5657.962264150943,1.22848388987429e-15
5658.11320754717,8.486160320921256e-16
5658.264150943396,3.81253503375904e-15
5658.415094339623,-5.574055101750482e-15
5658.566037735849,8.09316893467811e-15
5658.7169811320755,-2.701451507105841e-15
5658.867924528302,-1.3664564055916338e-15
5659.018867924528,7.65100118227449e-15
5659.169811320755,-6.045158233821057e-15
5659.320754716981,3.965184166878425e-15
5659.471698113208,2.9266168205063205e-15
5659.622641509434,-3.627423781334398e-15
5659.773584905661,3.99486751623841e-15
5659.924528301887,1.6792907823479478e-15
5660.075471698113,-3.1672279810562658e-15
5660.226415094339,6.713932620529046e-15
5660.377358490566,-5.960347978187899e-15
5660.528301886792,9.395011442320698e-15
5660.679245283019,-8.78383555500697e-15
5660.830188679245,9.711795068313515e-15
5660.981132075472,-4.16006417873686e-15
5661.132075471698,1.358698332614413e-15
5661.2830188679245,3.59501462575857e-15
5661.433962264151,-2.0087119004098573e-15
5661.584905660377,2.3443430164786685e-15
5661.735849056604,1.0561259902144903e-15
5661.88679245283,4.497599323430261e-16
5662.037735849057,1.003182479666608e-15
5662.188679245283,1.1888278731624978e-15
5662.33962264151,1.0287801402486554e-15
5662.490566037736,4.022683622691547e-16
5662.641509433963,1.364334657983478e-15
5662.792452830188,1.3797154587733713e-15
5662.943396226415,-9.899066072929101e-17
5663.094339622641,1.4336165515567096e-15
5663.245283018868,2.0508176662275103e-15
5663.396226415094,-8.480907304772615e-16
5663.547169811321,8.923988408477656e-16
5663.698113207547,4.956317521966577e-15
5663.8490566037735,-5.925508424024501e-15
5664.0,6.840635362932516e-15
5664.1509433962265,-1.4884013817979215e-16
5664.301886792453,-2.9831635346107854e-15
5664.452830188679,6.743013273642455e-15
5664.603773584906,-2.94922340885573e-15
5664.754716981132,2.590958521840031e-15
5664.905660377359,-1.3237497077638642e-15
5665.056603773585,6.85005296712059e-15
5665.207547169812,-7.369314594872497e-15
5665.358490566037,7.066117495004135e-15
5665.509433962264,1.171861954903608e-15
5665.66037735849,-5.0109863060157725e-15
5665.811320754717,8.939991023722222e-15
5665.962264150943,-5.703524945682341e-15
5666.11320754717,5.8525361396352135e-15
5666.264150943396,-2.1811818713557598e-15
5666.415094339623,1.0701651200221949e-15
5666.566037735849,6.044923559635351e-15
5666.7169811320755,-8.775913903924951e-15
5666.867924528302,1.173474489910613e-14
5667.018867924528,-6.28901131376176e-15
5667.169811320755,3.316563962744582e-15
5667.320754716981,1.8580270228132323e-15
5667.471698113208,-6.395911290760033e-16
5667.622641509434,3.0296045148282004e-15
5667.773584905661,-2.3897027565201622e-15
5667.924528301887,5.808089972102297e-15
5668.075471698113,-3.220541385917835e-15
5668.226415094339,2.35578277208789e-15
5668.377358490566,3.2183549945383186e-15
5668.528301886792,-3.687442862808199e-15
5668.679245283019,7.079569163973489e-15
5668.830188679245,-6.104106664158275e-15
5668.981132075472,9.127106722400052e-15
5669.132075471698,-6.9659696699730635e-15
5669.2830188679245,6.50151053604267e-15
5669.433962264151,5.884676862776599e-16
5669.584905660377,-4.386312298780283e-15
5669.735849056604,1.0351670453433132e-14
5669.88679245283,-8.035426370643525e-15
5670.037735849057,5.304997754395209e-15
5670.188679245283,4.18745085107932e-15
5670.33962264151,-8.63551453922806e-15
5670.490566037736,1.2973786777357381e-14
5670.641509433963,-7.903251716325861e-15
5670.792452830188,3.932888587516678e-15
5670.943396226415,3.344520354162267e-15
5671.094339622641,-2.8932788490961995e-15
5671.245283018868,3.543094069064659e-15
5671.396226415094,8.66612496330439e-17
5671.547169811321,2.8155118331512634e-15
5671.698113207547,-3.367844753092772e-15
5671.8490566037735,7.291763343633903e-15
5672.0,-4.4658195331468274e-15
5672.1509433962265,4.212671461389955e-15
5672.301886792453,-1.227404968771952e-16
5672.452830188679,1.328068150850208e-15
5672.603773584906,1.5570704931638239e-15
5672.754716981132,-9.545257767361769e-16
5672.905660377359,5.08821242008527e-15
5673.056603773585,-4.83640252726628e-15
5673.207547169812,8.581201355841398e-15
5673.358490566037,-7.949949048402435e-15
5673.509433962264,1.1043869759120371e-14
5673.66037735849,-8.319860352067643e-15
5673.811320754717,7.501453778390122e-15
5673.962264150943,-3.5842506191042335e-16
5674.11320754717,-2.862748602289607e-15
5674.264150943396,8.44413577267319e-15
5674.415094339623,-6.0619063404356135e-15
5674.566037735849,3.940786499360256e-15
5674.7169811320755,5.16295734421152e-15
5674.867924528302,-9.748925116595422e-15
5675.018867924528,1.5189133708384466e-14
5675.169811320755,-1.107626627983949e-14
5675.320754716981,7.186358799571352e-15
5675.471698113208,1.4704023006561062e-15
5675.622641509434,-2.1837782672638747e-15
5675.773584905661,2.088278157753653e-15
5675.924528301887,5.297578913322643e-15
5676.075471698113,-6.9747451000585304e-15
5676.226415094339,8.748726823120667e-15
5676.377358490566,-2.536264891399607e-15
5676.528301886792,2.234556376874142e-16
5676.679245283019,4.2941955773038535e-15
5676.830188679245,-1.986801694518969e-15
5676.981132075472,2.9194470535376837e-15
5677.132075471698,8.382411193978309e-16
5677.2830188679245,-5.821355341288534e-16
5677.433962264151,4.989547561603082e-15
5677.584905660377,-4.274013706644032e-15
5677.735849056604,6.442288433708579e-15
5677.88679245283,-2.9338729562264692e-15
5678.037735849057,3.464389293544323e-15
5678.188679245283,3.445092200557357e-16
5678.33962264151,4.711992379566041e-16
5678.490566037736,2.711535650358362e-15
5678.641509433963,-9.439542898756557e-16
5678.792452830188,4.142233909191421e-15
5678.943396226415,-4.762680350496316e-15
5679.094339622641,1.1104582674024561e-14
5679.245283018868,-1.0723342849685681e-14
5679.396226415094,9.139251368650732e-15
5679.547169811321,1.5977674479484238e-15
5679.698113207547,-6.657523968598795e-15
5679.8490566037735,9.343420901065062e-15
5680.0,-6.928555645846289e-16
5680.1509433962265,-4.752091480948322e-15
5680.301886792453,1.0498568651171793e-14
5680.452830188679,-6.6731989871321725e-15
5680.603773584906,5.291146106211971e-15
5680.754716981132,-1.4199388571565312e-16
5680.905660377359,6.780213803854909e-16
5681.056603773585,3.0776128016226315e-15
5681.207547169812,-2.4165710052352253e-15
5681.358490566037,6.074509492617309e-15
5681.509433962264,-4.977855246047884e-15
5681.66037735849,8.620424798460997e-15
5681.811320754717,-7.630691646969064e-15
5681.962264150943,1.0097730208714787e-14
5682.11320754717,-6.531225338220159e-15
5682.264150943396,7.144101369057647e-15
5682.415094339623,-4.0368712707094954e-15
5682.566037735849,6.128402381370091e-15
5682.7169811320755,-2.8410022029378366e-15
5682.867924528302,2.7525820902853214e-15
5683.018867924528,2.0486848791020313e-15
5683.169811320755,-6.250835934719536e-16
5683.320754716981,1.8581826689139824e-15
5683.471698113208,2.5434151726270673e-15
5683.622641509434,-2.687225992713459e-15
5683.773584905661,7.57725958333592e-15
5683.924528301887,-6.9396287594578235e-15
5684.075471698113,8.011803702761028e-15
5684.226415094339,-5.275607311278488e-16
5684.377358490566,-4.360886896742396e-15
5684.528301886792,1.2060032402837858e-14
5684.679245283019,-1.0626625084669878e-14
5684.830188679245,1.0301684668300475e-14
5684.981132075472,-5.423695702032652e-15
5685.132075471698,8.061565071819515e-15
5685.2830188679245,-8.071778919960617e-15
5685.433962264151,1.1575456718406765e-14
5685.584905660377,-7.43834857731743e-15
5685.735849056604,6.602354314266427e-15
5685.88679245283,-2.6027298527816135e-15
5686.037735849057,5.5061933771831085e-15
5686.188679245283,-3.535462713215086e-15
5686.33962264151,3.1842315466459955e-15
5686.490566037736,4.90562917842377e-15
5686.641509433963,-7.808882901196714e-15
5686.792452830188,1.1186539241966129e-14
5686.943396226415,-5.5689267327553485e-15
5687.094339622641,4.1400665102070966e-15
5687.245283018868,-8.478645499311195e-16
5687.396226415094,4.296542968546253e-15
5687.547169811321,-1.0577314392374394e-15
5687.698113207547,-1.7079744039076081e-15
5687.8490566037735,1.1068408096154423e-14
5688.0,-1.2344757697016821e-14
5688.1509433962265,1.1649527656273149e-14
5688.301886792453,-9.69646697286946e-16
5688.452830188679,-4.901609261524617e-15
5688.603773584906,1.0439186571261351e-14
5688.754716981132,-5.061591000077465e-15
5688.905660377359,1.5383212092458787e-15
5689.056603773585,5.359964592135498e-15
5689.207547169812,-4.457015351297998e-15
5689.358490566037,6.880408295360747e-15
5689.509433962264,-5.190461311329186e-15
5689.66037735849,9.052801122883177e-15
5689.811320754717,-7.140761377177704e-15
5689.962264150943,7.457713149650134e-15
5690.11320754717,-4.665931111865031e-16
5690.264150943396,-2.5052156562512447e-15
5690.415094339623,8.579982622770713e-15
5690.566037735849,-6.3591920195501895e-15
5690.7169811320755,5.663199964689575e-15
5690.867924528302,9.533671043142634e-16
5691.018867924528,-1.5451102514302963e-15
5691.169811320755,5.404313878947964e-15
5691.320754716981,-4.3242337539614676e-15
5691.471698113208,8.88166077874801e-15
5691.622641509434,-8.231869591551075e-15
5691.773584905661,9.917107842683588e-15
5691.924528301887,-3.7109392387945894e-15
5692.075471698113,1.2522567969530992e-15
5692.226415094339,4.337181762626911e-15
5692.377358490566,-2.0519385988112054e-15
5692.528301886792,2.5820082611712023e-15
5692.679245283019,1.7399283514600326e-15
5692.830188679245,1.2227413473987561e-16
5692.981132075472,1.7388938843303973e-15
5693.132075471698,1.3460349908762552e-15
5693.2830188679245,1.1652216263481076e-15
5693.433962264151,5.63514643513296e-16
5693.584905660377,2.5216593434871223e-15
5693.735849056604,-1.0660183153010434e-16
5693.88679245283,2.058139398991588e-15
5694.037735849057,7.992451972431016e-16
5694.188679245283,1.80601072611273e-15
5694.33962264151,1.0475765227745924e-17
5694.490566037736,2.9482728245008183e-15
5694.641509433963,-3.689899674606065e-16
5694.792452830188,2.1743041201696247e-15
5694.943396226415,7.320054563650379e-16
5695.094339622641,2.1259415488911946e-15
5695.245283018868,-7.752933128104085e-16
5695.396226415094,4.021767481799251e-15
5695.547169811321,-1.0190601722150293e-15
5695.698113207547,1.869557500731675e-15
5695.8490566037735,1.4627032384264192e-15
5696.0,2.6496301005305133e-15
5696.1509433962265,-3.937451848893908e-15
5696.301886792453,9.47442490508783e-15
5696.452830188679,-6.574413302029157e-15
5696.603773584906,4.941972725563472e-15
5696.754716981132,2.633543183190116e-15
5696.905660377359,-3.1097431746909347e-15
5697.056603773585,5.273564788383003e-15
5697.207547169812,-5.973898156514185e-16
5697.358490566037,1.2116156549898617e-15
5697.509433962264,1.6222541790311852e-15
5697.66037735849,1.5600553312179914e-15
5697.811320754717,3.72654685007929e-16
5697.962264150943,1.7881726922102576e-15
5698.11320754717,1.599045702444516e-15
5698.264150943396,2.4094904253622003e-16
5698.415094339623,2.1184830346623406e-15
5698.566037735849,1.0066261463143025e-15
5698.7169811320755,1.0864877911350054e-15
5698.867924528302,1.0588911022995372e-15
5699.018867924528,2.2845777631358106e-15
5699.169811320755,-3.74404517138714e-16
5699.320754716981,2.6064115858932487e-15
5699.471698113208,7.615846140724833e-16
5699.622641509434,1.1934260286304182e-15
5699.773584905661,7.213647828204424e-16
5699.924528301887,3.2393682479465915e-15
5700.075471698113,-1.7543943085426602e-15
5700.226415094339,3.565256493267721e-15
5700.377358490566,1.0004085659992064e-15
5700.528301886792,3.1813486767754046e-16
5700.679245283019,2.644775794672815e-16
5700.830188679245,6.830631204430635e-15
5700.981132075472,-8.073215146165611e-15
5701.132075471698,9.809783485949489e-15
5701.2830188679245,-1.831413595793062e-15
5701.433962264151,-1.7763454180100873e-15
5701.584905660377,6.207595232935221e-15
5701.735849056604,-1.4937597952282803e-16
5701.88679245283,-2.9307900114367757e-15
5702.037735849057,7.986508965089054e-15
5702.188679245283,-2.2897167032497522e-15
5702.33962264151,-2.407127545536156e-15
5702.490566037736,1.1556731888674275e-14
5702.641509433963,-1.1018974729072079e-14
5702.792452830188,1.01833092868669e-14
5702.943396226415,-1.771980383477392e-15
5703.094339622641,-4.2218945474558976e-16
5703.245283018868,4.74495205282516e-15
5703.396226415094,-2.0182659243973283e-15
5703.547169811321,4.11778226747131e-15
5703.698113207547,-1.5043108596100901e-15
5703.8490566037735,3.4472343570251556e-15
5704.0,5.800512469661723e-16
5704.1509433962265,9.502579937166317e-16
5704.301886792453,-9.107227139928444e-18
5704.452830188679,6.674290737581776e-15
5704.603773584906,-7.698471272404131e-15
5704.754716981132,9.53519613380983e-15
5704.905660377359,-1.7018295527026477e-15
5705.056603773585,-1.7039606990347731e-15
5705.207547169812,5.933737887515473e-15
5705.358490566037,2.82746470397584e-16
5705.509433962264,-3.0524623912581364e-15
5705.66037735849,7.364759008607182e-15
5705.811320754717,-1.176152264688654e-15
5705.962264150943,-2.588992233830751e-15
5706.11320754717,9.303741147141301e-15
5706.264150943396,-6.106737113250798e-15
5706.415094339623,4.567441719268662e-15
5706.566037735849,1.254489299241674e-15
5706.7169811320755,2.1209394379862588e-15
5706.867924528302,-3.980016639498994e-15
5707.018867924528,1.048284873500302e-14
5707.169811320755,-7.555820523613584e-15
5707.320754716981,4.98840892058264e-15
5707.471698113208,4.0028884575590026e-15
5707.622641509434,-5.024298231668456e-15
5707.773584905661,6.5512482769786466e-15
5707.924528301887,-3.6266752012259573e-16
5708.075471698113,5.284016674585236e-16
5708.226415094339,5.97104669418507e-16
5708.377358490566,6.160376416762387e-15
5708.528301886792,-6.953093541543404e-15
5708.679245283019,8.891625552851148e-15
5708.830188679245,-1.8887149798885243e-15
5708.981132075472,-9.531028350477872e-16
5709.132075471698,6.71170072733869e-15
5709.2830188679245,-4.07957722787112e-15
5709.433962264151,4.319452535427305e-15
5709.584905660377,7.34282566436579e-16
5709.735849056604,9.073968017242262e-16
5709.88679245283,2.6016937045096635e-16
5710.037735849057,5.192817932389447e-15
5710.188679245283,-5.198592348947011e-15
5710.33962264151,8.031128280536924e-15
5710.490566037736,-2.48899226630481e-15
5710.641509433963,-6.22706322594499e-16
5710.792452830188,9.306895145958439e-15
5710.943396226415,-1.0405353719262319e-14
5711.094339622641,1.2042040543762417e-14
5711.245283018868,-4.179534950098855e-15
5711.396226415094,-3.0903343448694965e-16
5711.547169811321,7.704871944767422e-15
5711.698113207547,-4.752525863996901e-15
5711.8490566037735,1.9476805174448417e-15
5712.0,6.629908511100584e-15
5712.1509433962265,-5.311275219438999e-15
5712.301886792453,2.554641545217739e-15
5712.452830188679,7.828329411484074e-15
5712.603773584906,-9.143993919092376e-15
5712.754716981132,8.698248475068384e-15
5712.905660377359,3.8338805518237163e-16
5713.056603773585,-1.6584611344439425e-15
5713.207547169812,2.2531644691245215e-15
5713.358490566037,5.397544506853466e-15
5713.509433962264,-5.453910127465593e-15
5713.66037735849,4.677701964505837e-15
5713.811320754717,5.554492418581299e-15
5713.962264150943,-9.811730152640572e-15
5714.11320754717,1.3974519166888046e-14
5714.264150943396,-7.935450144210306e-15
5714.415094339623,5.8754335746944334e-15
5714.566037735849,-1.2429716354957778e-15
5714.7169811320755,4.361291191274624e-15
5714.867924528302,-2.2302642840678402e-15
5715.018867924528,2.8621371880693964e-15
5715.169811320755,3.3712439102468563e-15
5715.320754716981,-3.779674095057882e-15
5715.471698113208,6.831092895854359e-15
5715.622641509434,-2.6647615721085436e-15
5715.773584905661,3.2001853149644205e-15
5715.924528301887,4.79581104222395e-16
5716.075471698113,1.905146924951852e-15
5716.226415094339,5.206597879000567e-16
5716.377358490566,2.111040989377284e-15
5716.528301886792,2.204387772592929e-16
5716.679245283019,2.731591740008077e-15
5716.830188679245,3.0848834940723536e-17
5716.981132075472,8.672942666682579e-16
5717.132075471698,4.310333472826286e-15
5717.2830188679245,-3.4660781199865583e-15
5717.433962264151,5.277639799072942e-15
5717.584905660377,7.701638564775161e-17
5717.735849056604,-6.506264874316426e-16
5717.88679245283,5.606834280642596e-15
5718.037735849057,-5.044519149956254e-15
5718.188679245283,9.483116003094001e-15
5718.33962264151,-7.786186416191467e-15
5718.490566037736,8.799865309184424e-15
5718.641509433963,-2.3644504594436222e-15
5718.792452830188,6.177538537431145e-16
5718.943396226415,4.407203211126506e-15
5719.094339622641,-1.8512030591145814e-15
5719.245283018868,3.1217457107141687e-15
5719.396226415094,3.284209134400487e-16
5719.547169811321,2.2584444186324434e-15
5719.698113207547,8.66144149618432e-17
5719.8490566037735,1.8808087438654935e-15
5720.0,1.8185733707127296e-15
5720.1509433962265,4.997030293529105e-16
5720.301886792453,2.1797337411687961e-16
5720.452830188679,5.317311065121058e-15
5720.603773584906,-4.430666949895888e-15
5720.754716981132,5.685489770723138e-15
5720.905660377359,1.525020621699919e-16
5721.056603773585,-5.903235044953613e-16
5721.207547169812,4.870344282694023e-15
5721.358490566037,-3.939849493055985e-15
5721.509433962264,8.972054963935638e-15
5721.66037735849,-8.527269112277456e-15
5721.811320754717,1.0096587789276438e-14
5721.962264150943,-2.543074863549271e-15
5722.11320754717,-1.2678801519668793e-15
5722.264150943396,6.7984255952967445e-15
5722.415094339623,-1.5223337322831665e-15
5722.566037735849,-1.5836507873516773e-15
5722.7169811320755,6.886826911696012e-15
5722.867924528302,-9.877217758277658e-16
5723.018867924528,-3.4516003241700855e-15
5723.169811320755,1.0796724941700502e-14
5723.320754716981,-7.290528632213642e-15
5723.471698113208,4.5165147401168015e-15
5723.622641509434,3.1925116322230495e-15
5723.773584905661,-2.39324710219314e-15
5723.924528301887,3.3701631402616827e-15
5724.075471698113,1.5088056554981942e-15
5724.226415094339,7.852947993504016e-17
5724.377358490566,1.7419280114997382e-15
5724.528301886792,1.89475307845324e-15
5724.679245283019,3.689153360111675e-16
5724.830188679245,1.466404610509835e-15
5724.981132075472,1.867896428917476e-15
5725.132075471698,5.707573241170283e-16
5725.2830188679245,1.3304512331269588e-15
5725.433962264151,1.7558635179954424e-15
5725.584905660377,1.0133244937321166e-15
5725.735849056604,5.702681488704283e-16
5725.88679245283,2.6122564078179135e-15
5726.037735849057,4.5319339703294e-16
5726.188679245283,6.239088094659801e-16
5726.33962264151,2.546827327193308e-15
5726.490566037736,1.6437424376565969e-15
5726.641509433963,-2.559073276169939e-15
5726.792452830188,7.645403115059989e-15
5726.943396226415,-4.44298810596028e-15
5727.094339622641,3.1537250916719416e-15
5727.245283018868,3.81548431589036e-15
5727.396226415094,-3.937919693266211e-15
5727.547169811321,6.7433561045913416e-15
5727.698113207547,-3.319059773395439e-15
5727.8490566037735,4.803847833645195e-15
5728.0,-1.232695345737877e-15
5728.1509433962265,2.515157015628045e-15
5728.301886792453,4.947256605644897e-16
5728.452830188679,3.6220183854920874e-15
5728.603773584906,-4.717389517221973e-15
5728.754716981132,1.0279386082466318e-14
5728.905660377359,-7.204247436069916e-15
5729.056603773585,4.9923632779723134e-15
5729.207547169812,3.210727114214361e-15
5729.358490566037,-3.080358187925154e-15
5729.509433962264,2.9373861238381614e-15
5729.66037735849,4.783690493083993e-15
5729.811320754717,-5.5210547356702635e-15
5729.962264150943,5.949596666461231e-15
5730.11320754717,3.565183004363708e-15
5730.264150943396,-9.004449035303242e-15
5730.415094339623,1.5017906056770164e-14
5730.566037735849,-8.808642253747584e-15
5730.7169811320755,2.368056850723674e-15
5730.867924528302,8.687828093123007e-15
5731.018867924528,-9.334103974838948e-15
5731.169811320755,8.228068770899758e-15
5731.320754716981,1.8209710032376977e-15
5731.471698113208,-6.423780867248212e-15
5731.622641509434,1.2126787582006184e-14
5731.773584905661,-8.051786166704331e-15
5731.924528301887,5.237216753479192e-15
5732.075471698113,3.957184013775289e-15
5732.226415094339,-6.953268772718213e-15
5732.377358490566,1.1435868275095318e-14
5732.528301886792,-6.841873955521503e-15
5732.679245283019,4.508780858797139e-15
5732.830188679245,2.7356985554350033e-15
5732.981132075472,-2.832760602284191e-15
5733.132075471698,5.272623803402971e-15
5733.2830188679245,-1.363034664982545e-15
5733.433962264151,2.4472541848027084e-15
5733.584905660377,5.94409716400674e-16
5733.735849056604,1.946279383639379e-15
5733.88679245283,2.699136137837786e-16
5734.037735849057,2.263267622265483e-15
5734.188679245283,3.323660524941905e-16
5734.33962264151,1.8603361377197957e-15
5734.490566037736,8.841018843837712e-16
5734.641509433963,1.349645199328932e-15
5734.792452830188,1.1214984365289592e-15
5734.943396226415,1.5568518373050945e-15
5735.094339622641,5.774264987474356e-16
5735.245283018868,1.8995549956761644e-15
5735.396226415094,1.0549009612148512e-15
5735.547169811321,5.646712958558065e-16
5735.698113207547,2.2716677129368953e-15
5735.8490566037735,8.360946673928182e-16
5736.0,2.3821967885745317e-16
5736.1509433962265,2.691202130413436e-15
5736.301886792453,1.5166348473425223e-15
5736.452830188679,-2.5729702013137276e-15
5736.603773584906,7.645197922370935e-15
5736.754716981132,-4.599294408105487e-15
5736.905660377359,3.1678738591099496e-15
5737.056603773585,3.910471177871653e-15
5737.207547169812,-4.243524223601949e-15
5737.358490566037,6.680475548591761e-15
5737.509433962264,-2.6769495276263368e-15
5737.66037735849,3.568695229203339e-15
5737.811320754717,-4.751038444671667e-16
5737.962264150943,2.855942171354298e-15
5738.11320754717,-6.096677579671595e-16
5738.264150943396,3.2688056965914093e-15
5738.415094339623,-1.2057989593747019e-15
5738.566037735849,3.747006775250275e-15
5738.7169811320755,-7.486731736402473e-16
5738.867924528302,1.946551229418011e-15
5739.018867924528,1.0065575314625092e-15
5739.169811320755,2.8871403281158994e-15
5739.320754716981,-3.751547497718836e-15
5739.471698113208,8.846605282767823e-15
5739.622641509434,-6.0864982575045065e-15
5739.773584905661,4.718302858905493e-15
5739.924528301887,2.602162900664444e-15
5740.075471698113,-3.436334146406686e-15
5740.226415094339,6.014002073318241e-15
5740.377358490566,-1.6657967397798348e-15
5740.528301886792,1.9045807915289463e-15
5740.679245283019,1.273969513511518e-15
5740.830188679245,1.8513126934561976e-15
5740.981132075472,-7.899762615564438e-16
5741.132075471698,3.68024655553955e-15
5741.2830188679245,-3.0700990428515737e-16
5741.433962264151,8.379967281784499e-16
5741.584905660377,2.2979383226694307e-15
5741.735849056604,1.880050490058087e-15
5741.88679245283,-3.236722743575063e-15
5742.037735849057,8.435662257156571e-15
5742.188679245283,-5.4565162630277614e-15
5742.33962264151,3.7372955556765936e-15
5742.490566037736,3.5464759945776675e-15
5742.641509433963,-4.066476994678713e-15
5742.792452830188,6.2582002227775325e-15
5742.943396226415,-1.9764225942595738e-15
5743.094339622641,2.573341272141411e-15
5743.245283018868,2.777107621624697e-16
5743.396226415094,2.5051761730413303e-15
5743.547169811321,-6.538715527586584e-16
5743.698113207547,2.9277296116032726e-15
5743.8490566037735,-6.880546166956581e-17
5744.0,1.8824381672448534e-15
5744.1509433962265,5.930105435091712e-16
5744.301886792453,1.946990074174365e-15
5744.452830188679,8.938162208848839e-17
5744.603773584906,2.3058240650385387e-15
5744.754716981132,2.2749346199820606e-16
5744.905660377359,1.74880832875975e-15
5745.056603773585,7.779061591315068e-16
5745.207547169812,1.599417757407056e-15
5745.358490566037,4.4041956378872256e-16
5745.509433962264,2.0827214709095596e-15
5745.66037735849,3.04034772999779e-16
5745.811320754717,1.6087940088025497e-15
5745.962264150943,1.0943700379775451e-15
5746.11320754717,1.1642469357341695e-15
5746.264150943396,7.070506249480458e-16
5746.415094339623,2.0792618467773378e-15
5746.566037735849,2.616786418616531e-16
5746.7169811320755,1.2093722768905162e-15
5746.867924528302,2.035220537099129e-15
5747.018867924528,2.1901404496122472e-16
5747.169811320755,7.868650565917841e-16
5747.320754716981,2.8358260872326145e-15
5747.471698113208,2.5968779753984196e-17
5747.622641509434,-1.0026614140635436e-15
5747.773584905661,7.354274927201532e-15
5747.924528301887,-6.585274303788127e-15
5748.075471698113,5.3064481074300565e-15
5748.226415094339,4.564530109691869e-15
5748.377358490566,-9.410259857635222e-15
5748.528301886792,1.3174172117403802e-14
5748.679245283019,-5.480012281433402e-15
5748.830188679245,-8.65209784454433e-16
5748.981132075472,8.89312292610855e-15
5749.132075471698,-6.163849983137071e-15
5749.2830188679245,2.893669902776057e-15
5749.433962264151,5.4955293909146035e-15
5749.584905660377,-5.8175071107844976e-15
5749.735849056604,5.561416637066882e-15
5749.88679245283,2.2649522848099802e-15
5750.037735849057,-4.8754855279025805e-15
5750.188679245283,7.771660931672775e-15
5750.33962264151,-1.0120621061817363e-15
5750.490566037736,-4.4970887875528455e-15
5750.641509433963,1.332068369635492e-14
5750.792452830188,-1.23939529660871e-14
5750.943396226415,9.62053881604123e-15
5751.094339622641,3.209354358088152e-16
5751.245283018868,-3.414542481893592e-15
5751.396226415094,6.252732371863892e-15
5751.547169811321,-2.21116737926148e-15
5751.698113207547,3.2020272702836335e-15
5751.8490566037735,-4.136709216953972e-16
5752.0,-9.536396929887242e-17
5752.1509433962265,8.161296551085026e-15
5752.301886792453,-1.1991938621801332e-14
5752.452830188679,1.5750754697515583e-14
5752.603773584906,-9.47338874108883e-15
5752.754716981132,5.53897007306455e-15
5752.905660377359,-2.789918675464294e-16
5753.056603773585,4.010499314779558e-15
5753.207547169812,-5.4198459992628196e-15
5753.358490566037,9.601613756800866e-15
5753.509433962264,-6.6478021549075e-15
5753.66037735849,6.26975392422228e-15
5753.811320754717,-1.4558648487397188e-15
5753.962264150943,1.9758627066392826e-15
5754.11320754717,1.7347798477576553e-16
5754.264150943396,3.2787818447050446e-15
5754.415094339623,-2.2502461740024192e-15
5754.566037735849,3.4746553029812974e-15
5754.7169811320755,2.0247848044935013e-15
5754.867924528302,-3.989805357722442e-15
5755.018867924528,8.283425471314076e-15
5755.169811320755,-5.021399871362597e-15
5755.320754716981,3.944542474211597e-15
5755.471698113208,3.3636719857383996e-16
5755.622641509434,2.9604453119746367e-15
5755.773584905661,-4.614199091483619e-15
5755.924528301887,9.631655255938432e-15
5756.075471698113,-6.497897839755759e-15
5756.226415094339,3.762596930780731e-15
5756.377358490566,3.7209625739741345e-15
5756.528301886792,-4.10155560597877e-15
5756.679245283019,5.093888618895882e-15
5756.830188679245,-8.286816218552639e-16
5756.981132075472,2.6588874161926924e-15
5757.132075471698,-2.808977450563692e-15
5757.2830188679245,7.433878728966708e-15
5757.433962264151,-5.695715726719396e-15
5757.584905660377,5.207222219869086e-15
5757.735849056604,1.2280310076029607e-15
5757.88679245283,-3.778143202114132e-15
5758.037735849057,9.352647670051893e-15
5758.188679245283,-8.554673569200505e-15
5758.33962264151,8.880360985357702e-15
5758.490566037736,-2.4935091220600364e-15
5758.641509433963,-6.55128623812375e-16
5758.792452830188,6.279529853064678e-15
5758.943396226415,-4.30217323273298e-15
5759.094339622641,2.935844618972032e-15
5759.245283018868,3.553721080448032e-15
5759.396226415094,-3.777901433557389e-15
5759.547169811321,4.333338657866975e-15
5759.698113207547,1.4112793813179188e-15
5759.8490566037735,-2.5624064331594625e-15
5760.0,5.979614445231995e-15
5760.1509433962265,-4.7883154689597596e-15
5760.301886792453,8.513513279273535e-15
5760.452830188679,-8.573261906874615e-15
5760.603773584906,1.0562124492757942e-14
5760.754716981132,-4.640781327556765e-15
5760.905660377359,-1.2018508298812059e-16
5761.056603773585,7.925019175705247e-15
5761.207547169812,-7.381446783158126e-15
5761.358490566037,6.464870487224739e-15
5761.509433962264,-5.735855257637472e-16
5761.66037735849,7.755316736083723e-16
5761.811320754717,8.804589914005067e-16
5761.962264150943,8.585931448376413e-16
5762.11320754717,3.775622163032023e-15
5762.264150943396,-5.8881610721269264e-15
5762.415094339623,1.0488204476495785e-14
5762.566037735849,-8.171308882588962e-15
5762.7169811320755,8.102539714322608e-15
5762.867924528302,-5.282947018102057e-15
5763.018867924528,8.893029174160543e-15
5763.169811320755,-1.0004014243883258e-14
5763.320754716981,1.38497274390228e-14
5763.471698113208,-1.094069393155389e-14
5763.622641509434,9.350457341332494e-15
5763.773584905661,-3.5925893376652356e-15
5763.924528301887,3.582246445534308e-15
5764.075471698113,-1.8926409676314417e-15
5764.226415094339,4.486623845926615e-15
5764.377358490566,-2.2407469808858684e-15
5764.528301886792,3.1060761069970433e-15
5764.679245283019,-7.31702863637519e-16
5764.830188679245,2.9746840097884682e-15
5764.981132075472,-1.0803835846615354e-15
5765.132075471698,1.4714955783784346e-15
5765.2830188679245,3.11191902767654e-15
5765.433962264151,-3.620497773528155e-15
5765.584905660377,6.167952885221889e-15
5765.735849056604,-2.9864281018180702e-15
5765.88679245283,2.4457729919775624e-15
5766.037735849057,1.5393152062123128e-15
5766.188679245283,-3.738705903584738e-16
5766.33962264151,1.2394658395606299e-15
5766.490566037736,2.2522511599303843e-15
5766.641509433963,-7.120505456926261e-16
5766.792452830188,1.8514120180656338e-16
5766.943396226415,5.761698926266302e-15
5767.094339622641,-6.822607943654863e-15
5767.245283018868,7.850315503468785e-15
5767.396226415094,-1.8284378335253217e-15
5767.547169811321,-1.0523404354615633e-15
5767.698113207547,5.1916209778261695e-15
5767.8490566037735,-2.708656016734137e-15
5768.0,2.534043965609445e-15
5768.1509433962265,5.842209052390755e-16
5768.301886792453,1.1247510588137474e-15
5768.452830188679,4.91397478109887e-16
5768.603773584906,7.647481241434305e-16
5768.754716981132,2.082641487045873e-15
5768.905660377359,-7.026909574350784e-16
5769.056603773585,1.6519540897582281e-15
5769.207547169812,1.0558771439710373e-15
5769.358490566037,1.6379040241218577e-15
5769.509433962264,-3.1303321836676645e-15
5769.66037735849,8.493851529843305e-15
5769.811320754717,-7.65611210370999e-15
5769.962264150943,6.268631933474308e-15
5770.11320754717,1.1930979462454104e-15
5770.264150943396,-4.238543354978525e-15
5770.415094339623,6.630464622135686e-15
5770.566037735849,-7.008223835651909e-16
5770.7169811320755,-3.853527168285792e-15
5770.867924528302,9.40754120116623e-15
5771.018867924528,-6.063033774550696e-15
5771.169811320755,1.9928121128406607e-15
5771.320754716981,4.941260217753111e-15
5771.471698113208,-3.681748424170838e-15
5771.622641509434,1.2162839805686405e-15
5771.773584905661,5.103739503521567e-15
5771.924528301887,-4.209776968328511e-15
5772.075471698113,2.340798972508245e-15
5772.226415094339,4.205995944689195e-15
5772.377358490566,-5.168967509964214e-15
5772.528301886792,6.337836116281378e-15
5772.679245283019,-2.6121391906932163e-15
5772.830188679245,2.7544907411612228e-15
5772.981132075472,-6.364780274752469e-16
5773.132075471698,2.117558045331964e-15
5773.2830188679245,1.9333621218473057e-16
5773.433962264151,7.65230579236411e-16
5773.584905660377,6.425874427056556e-16
5773.735849056604,2.198799905231623e-15
5773.88679245283,-1.0315794229278068e-15
5774.037735849057,6.443520181630565e-16
5774.188679245283,5.0678502542613994e-15
5774.33962264151,-6.547408251085707e-15
5774.490566037736,7.313093128171361e-15
5774.641509433963,-9.234185147793787e-16
5774.792452830188,-2.666802004421253e-15
5774.943396226415,5.9572531085536264e-15
5775.094339622641,-1.6878061152496433e-15
5775.245283018868,-6.103430347657404e-16
5775.396226415094,3.612584704016421e-15
5775.547169811321,-5.992712638305253e-16
5775.698113207547,1.0569394459387818e-15
5775.8490566037735,-7.875053125504173e-16
5776.0,3.7973201435073094e-15
5776.1509433962265,7.518227799540607e-16
5776.301886792453,-7.16297868236077e-15
5776.452830188679,1.5876402001911093e-14
5776.603773584906,-1.3445095031381627e-14
5776.754716981132,5.5103750523382345e-15
5776.905660377359,6.267461251315979e-15
5777.056603773585,-6.3852873963389925e-15
5777.207547169812,-4.339014642558876e-16
5777.358490566037,1.2209741772919432e-14
5777.509433962264,-1.2906626334180553e-14
5777.66037735849,6.680662269480204e-15
5777.811320754717,4.981311873294994e-15
5777.962264150943,-6.626744172355539e-15
5778.11320754717,2.142232843011164e-15
5778.264150943396,8.488793597330054e-15
5778.415094339623,-1.18252611934235e-14
5778.566037735849,1.1762551726296427e-14
5778.7169811320755,-5.640600320137456e-15
5778.867924528302,3.556309309186542e-15
5779.018867924528,-7.638383425031662e-16
5779.169811320755,1.787952724063029e-15
5779.320754716981,8.845326517185576e-16
5779.471698113208,-1.5261696124276865e-15
5779.622641509434,4.9487778888637574e-15
5779.773584905661,-4.015504241068936e-15
5779.924528301887,4.0087658937467144e-15
5780.075471698113,1.6469014204385444e-16
5780.226415094339,-7.457423018193496e-16
5780.377358490566,1.5757208002609035e-15
5780.528301886792,3.266730967886021e-15
5780.679245283019,-5.8017313327002214e-15
5780.830188679245,8.447696221815989e-15
5780.981132075472,-3.439122872025472e-15
5781.132075471698,-2.5945618370760198e-15
5781.2830188679245,1.1460285586912629e-14
5781.433962264151,-1.3021141598005602e-14
5781.584905660377,1.1001472916507319e-14
5781.735849056604,-2.2885581892964128e-15
5781.88679245283,-2.147554005479006e-15
5782.037735849057,3.8401742936333666e-15
5782.188679245283,1.9980134363318493e-15
5782.33962264151,-5.050226307084683e-15
5782.490566037736,6.436043545902699e-15
5782.641509433963,-5.972149023450489e-16
5782.792452830188,-3.1271165276947485e-15
5782.943396226415,6.411593537747538e-15
5783.094339622641,-3.734862202830951e-15
5783.245283018868,3.5604941341593784e-15
5783.396226415094,-3.105774255355993e-15
5783.547169811321,7.157604445975019e-15
5783.698113207547,-7.282855095119674e-15
5783.8490566037735,6.092267129787873e-15
5784.0,1.5618751461527728e-15
5784.1509433962265,-7.258208054169047e-15
5784.301886792453,1.2314479068558046e-14
5784.452830188679,-9.503281499821629e-15
5784.603773584906,5.210853810418981e-15
5784.754716981132,2.475792907249818e-15
5784.905660377359,-5.088524405175793e-15
5785.056603773585,6.066508814709139e-15
5785.207547169812,-8.663307319728526e-16
5785.358490566037,-2.75194696033401e-15
5785.509433962264,6.6171563895277006e-15
5785.66037735849,-3.947902461787597e-15
5785.811320754717,8.742951605329155e-16
5785.962264150943,4.7078480999083286e-15
5786.11320754717,-5.42515966412015e-15
5786.264150943396,6.0895521070043174e-15
5786.415094339623,-3.324424837105483e-15
5786.566037735849,3.637821195859881e-15
5786.7169811320755,-2.3830079597896286e-15
5786.867924528302,3.676214848519816e-15
5787.018867924528,-2.0029145311427222e-15
5787.169811320755,2.5178999399677977e-15
5787.320754716981,-1.2470478299568012e-15
5787.471698113208,3.3128364431797917e-15
5787.622641509434,-3.076670261829903e-15
5787.773584905661,4.000557087695874e-15
5787.924528301887,-1.1517373804593181e-15
5788.075471698113,9.840190729911725e-16
5788.226415094339,-1.0228436675596513e-15
5788.377358490566,6.120636188328136e-15
5788.528301886792,-8.843927750539286e-15
5788.679245283019,1.0217348274301732e-14
5788.830188679245,-4.500068720200892e-15
5788.981132075472,-9.523709639757528e-16
5789.132075471698,5.953748561496376e-15
5789.2830188679245,-3.100435370318758e-15
5789.433962264151,-1.494316351607045e-15
5789.584905660377,7.513964405497872e-15
5789.735849056604,-6.462045567205049e-15
5789.88679245283,2.8252904135251545e-15
5790.037735849057,4.146152923816321e-15
5790.188679245283,-6.0552771283556555e-15
5790.33962264151,6.124247387703596e-15
5790.490566037736,-1.999587225096162e-15
5790.641509433963,1.037962180803778e-15
5790.792452830188,-3.812268435329304e-16
5790.943396226415,3.330358383345212e-15
5791.094339622641,-3.3062735860036174e-15
5791.245283018868,3.1115954570935847e-15
5791.396226415094,5.721023802221467e-16
5791.547169811321,-7.322477174006698e-16
5791.698113207547,-5.631261817086686e-16
5791.8490566037735,6.386708246378673e-15
5792.0,-8.653422001946101e-15
5792.1509433962265,8.139786405074478e-15
5792.301886792453,-1.468872499333283e-15
5792.452830188679,-2.752968072226982e-15
5792.603773584906,4.422851475474153e-15
5792.754716981132,2.2442904588653106e-16
5792.905660377359,-3.0224074913930296e-15
5793.056603773585,4.345813887894897e-15
5793.207547169812,-5.8969383459583335e-16
5793.358490566037,-1.1215350204282775e-15
5793.509433962264,2.433347613921434e-15
5793.66037735849,-4.0516077936947257e-16
5793.811320754717,1.8588227879000223e-15
5793.962264150943,-4.747205178087433e-15
5794.11320754717,1.1453108250002154e-14
5794.264150943396,-1.450566862095923e-14
5794.415094339623,1.4731743948700715e-14
5794.566037735849,-8.505418735563417e-15
5794.7169811320755,2.5240493548185787e-15
5794.867924528302,3.1342638071281845e-15
5795.018867924528,-2.4111529848290037e-15
5795.169811320755,-7.386443752599087e-16
5795.320754716981,7.02746710414373e-15
5795.471698113208,-9.092317131711456e-15
5795.622641509434,8.47648971883652e-15
5795.773584905661,-2.8029977274801554e-15
5795.924528301887,-1.0863841877587483e-15
5796.075471698113,3.9491928827411876e-15
5796.226415094339,-2.079934302657766e-15
5796.377358490566,8.483864374976424e-16
5796.528301886792,1.1241413891612848e-15
5796.679245283019,6.489453363506881e-17
5796.830188679245,5.387339187302768e-17
5796.981132075472,5.46056500160356e-16
5797.132075471698,1.6423075950715738e-15
5797.2830188679245,-2.109743981645907e-15
5797.433962264151,2.713101307333113e-15
5797.584905660377,-1.6297387388501207e-16
5797.735849056604,-4.2369484177786016e-16
5797.88679245283,3.9069541118584015e-17
5798.037735849057,4.638405267444625e-15
5798.188679245283,-7.797426163062538e-15
5798.33962264151,9.060918235207569e-15
5798.490566037736,-3.880737497371197e-15
5798.641509433963,-2.506628497370184e-15
5798.792452830188,8.745353151322044e-15
5798.943396226415,-8.584998960143925e-15
5799.094339622641,5.784023148556799e-15
5799.245283018868,-1.1867578107692508e-15
5799.396226415094,6.884501458292464e-16
5799.547169811321,-4.575438910444732e-16
5799.698113207547,7.654879735089495e-17
5799.8490566037735,5.1536017021380454e-15
5800.0,-1.0665399893315273e-14
5800.1509433962265,1.5955324629321646e-14
5800.301886792453,-1.6245651102174638e-14
5800.452830188679,1.447609961277208e-14
5800.603773584906,-8.757099913855883e-15
5800.754716981132,2.553482842499911e-15
5800.905660377359,5.5803515047351366e-15
5801.056603773585,-1.0597858351598967e-14
5801.207547169812,1.2607226337417508e-14
5801.358490566037,-7.937627530119582e-15
5801.509433962264,7.864834252054687e-16
5801.66037735849,7.678471720420457e-15
5801.811320754717,-1.097874076830969e-14
5801.962264150943,9.949468939879854e-15
5802.11320754717,-3.7013627172905974e-15
5802.264150943396,-1.5235279981357567e-15
5802.415094339623,4.876322331278359e-15
5802.566037735849,-3.140074267426679e-15
5802.7169811320755,5.891955671275809e-16
5802.867924528302,2.2636504815190964e-15
5803.018867924528,-1.3291237263391684e-15
5803.169811320755,-3.0319481842316844e-16
5803.320754716981,2.140350671525092e-15
5803.471698113208,4.778470865665388e-16
5803.622641509434,-4.718887118442061e-15
5803.773584905661,9.181855115924923e-15
5803.924528301887,-8.018191540574801e-15
5804.075471698113,3.25462034529924e-15
5804.226415094339,3.2966584446493356e-15
5804.377358490566,-4.7935390141303e-15
5804.528301886792,2.000426355335948e-15
5804.679245283019,4.0010568429403656e-15
5804.830188679245,-6.299782432044633e-15
5804.981132075472,4.114282252797103e-15
5805.132075471698,3.303218195955132e-15
5805.2830188679245,-9.744798775234332e-15
5805.433962264151,1.289347136437567e-14
5805.584905660377,-9.47157588144855e-15
5805.735849056604,3.581641260247358e-15
5805.88679245283,2.683173007473064e-15
5806.037735849057,-4.711810536498616e-15
5806.188679245283,4.269935748308623e-15
5806.33962264151,-1.6685602572900664e-15
5806.490566037736,8.92676119271729e-16
5806.641509433963,-1.0397540484648406e-15
5806.792452830188,2.9327978088622944e-15
5806.943396226415,-3.3019602021871623e-15
5807.094339622641,2.8173651431565058e-15
5807.245283018868,-5.256431411260699e-16
5807.396226415094,6.628562122079743e-17
5807.547169811321,-1.5649159097514835e-15
5807.698113207547,5.911086019151379e-15
5807.8490566037735,-8.690076338376475e-15
5808.0,8.58672761920879e-15
5808.1509433962265,-4.038967869867657e-15
5808.301886792453,-8.122697293052617e-16
5808.452830188679,4.095802738390871e-15
5808.603773584906,-3.1729065684213354e-15
5808.754716981132,7.548344432213715e-16
5808.905660377359,1.855201949236192e-15
5809.056603773585,-1.6446394526934377e-15
5809.207547169812,3.3458693622379137e-16
5809.358490566037,1.0136112414565773e-15
5809.509433962264,8.433084383074747e-16
5809.66037735849,-4.4376492851281275e-15
5809.811320754717,8.23055337922923e-15
5809.962264150943,-8.257180736828587e-15
5810.11320754717,4.990386976570279e-15
5810.264150943396,5.970352193147967e-16
5810.415094339623,-4.331350438451847e-15
5810.566037735849,4.9157828983946506e-15
5810.7169811320755,-1.2374368987900422e-15
5810.867924528302,-3.5946518358467245e-15
5811.018867924528,7.318192352737686e-15
5811.169811320755,-6.886348983099449e-15
5811.320754716981,3.383560422253749e-15
5811.471698113208,1.7983682324878886e-15
5811.622641509434,-5.1096302860555504e-15
5811.773584905661,5.458538435419137e-15
5811.924528301887,-2.0114446433560077e-15
5812.075471698113,-2.60043864060352e-15
5812.226415094339,6.111420274517995e-15
5812.377358490566,-5.721436504006825e-15
5812.528301886792,2.2283980982933204e-15
5812.679245283019,2.738568352900117e-15
5812.830188679245,-5.9146479699943205e-15
5812.981132075472,6.335230891854803e-15
5813.132075471698,-3.7698634631699455e-15
5813.2830188679245,5.68686483674835e-16
5813.433962264151,1.1797662069632996e-15
5813.584905660377,5.583504314246221e-16
5813.735849056604,-4.4485968457973044e-15
5813.88679245283,7.62183289837853e-15
5814.037735849057,-6.60600127322008e-15
5814.188679245283,1.496953417754692e-15
5814.33962264151,4.8392735555082966e-15
5814.490566037736,-8.036890013277043e-15
5814.641509433963,6.717579442339715e-15
5814.792452830188,-3.1560025028133647e-15
5814.943396226415,2.1225202520620126e-15
5815.094339622641,-5.949482125362448e-15
5815.245283018868,1.2525364536104188e-14
5815.396226415094,-1.65227989840211e-14
5815.547169811321,1.4133488619544077e-14
5815.698113207547,-5.841070830451557e-15
5815.8490566037735,-3.9872428955724534e-15
5816.0,9.85058471942409e-15
5816.1509433962265,-8.193280232052596e-15
5816.301886792453,-6.99936345766387e-16
5816.452830188679,1.1803659956424052e-14
5816.603773584906,-1.8120166243591685e-14
5816.754716981132,1.4827259965275952e-14
5816.905660377359,-3.858609570744146e-15
5817.056603773585,-7.744290867950468e-15
5817.207547169812,1.2568638255458202e-14
5817.358490566037,-9.57467313763158e-15
5817.509433962264,3.3095985367634353e-15
5817.66037735849,-2.687518720207395e-16
5817.811320754717,2.2125309248935514e-15
5817.962264150943,-6.906104589543002e-15
5818.11320754717,9.89040151337884e-15
5818.264150943396,-9.914593547880388e-15
5818.415094339623,7.6220271252001e-15
5818.566037735849,-5.535302569803762e-15
5818.7169811320755,3.996359928457299e-15
5818.867924528302,-3.500812074382274e-15
5819.018867924528,3.5114871939173786e-15
5819.169811320755,-5.117886919849008e-15
5819.320754716981,7.286171400138517e-15
5819.471698113208,-9.09197193399386e-15
5819.622641509434,8.080202859325324e-15
5819.773584905661,-4.9745555591950764e-15
5819.924528301887,7.09354545698309e-16
5820.075471698113,1.899674611229586e-15
5820.226415094339,-3.0173146888054757e-15
5820.377358490566,2.29731543848449e-15
5820.528301886792,-1.40962029949109e-15
5820.679245283019,-2.965511324121301e-16
5820.830188679245,1.4225768512391083e-15
5820.981132075472,-1.876579129376417e-15
5821.132075471698,-4.1114337851964053e-16
5821.2830188679245,3.674188851974578e-15
5821.433962264151,-6.465835288492871e-15
5821.584905660377,5.25217560728537e-15
5821.735849056604,-1.3341711748330389e-15
5821.88679245283,-3.798969497715635e-15
5822.037735849057,5.981504854479099e-15
5822.188679245283,-5.72581351248827e-15
5822.33962264151,3.397361664010359e-15
5822.490566037736,-2.565382225040453e-15
5822.641509433963,2.629140857501985e-15
5822.792452830188,-3.839855021055483e-15
5822.943396226415,3.1565649890635066e-15
5823.094339622641,-1.8751691611285162e-15
5823.245283018868,3.344009470752045e-16
5823.396226415094,-2.0651523116298296e-15
5823.547169811321,5.2763569733181495e-15
5823.698113207547,-8.731902596250502e-15
5823.8490566037735,7.886068071290961e-15
5824.0,-4.134936251081933e-15
5824.1509433962265,-1.4965162497315528e-15
5824.301886792453,4.079879718885287e-15
5824.452830188679,-4.218233765160232e-15
5824.603773584906,1.567516764083841e-15
5824.754716981132,-2.3566416340109886e-16
5824.905660377359,-4.1265497318740634e-16
5825.056603773585,-9.35937496232282e-16
5825.207547169812,1.0031594532427329e-15
5825.358490566037,-9.102619926125105e-16
5825.509433962264,-8.303638396108754e-16
5825.66037735849,9.664562866759697e-16
5825.811320754717,-7.07976127311191e-16
5825.962264150943,-1.3584043931801416e-15
5826.11320754717,1.291872543145426e-15
5826.264150943396,8.587710700640514e-17
5826.415094339623,-3.984719195262888e-15
5826.566037735849,5.532529957838188e-15
5826.7169811320755,-5.025456270967288e-15
5826.867924528302,9.443595710969264e-16
5827.018867924528,2.0443263150796766e-15
5827.169811320755,-4.865058192993155e-15
5827.320754716981,5.751632602940351e-15
5827.471698113208,-7.963846753700272e-15
5827.622641509434,8.492774274297338e-15
5827.773584905661,-8.191901944372045e-15
5827.924528301887,4.086721493779526e-15
5828.075471698113,-2.6682274494850924e-16
5828.226415094339,-3.370082095500038e-15
5828.377358490566,3.0138898543665685e-15
5828.528301886792,-2.033666805424728e-15
5828.679245283019,-4.0217478739798896e-16
5828.830188679245,3.7209106362385898e-16
5828.981132075472,-6.731337445986527e-16
5829.132075471698,-4.392081533735442e-16
5829.2830188679245,-5.899436141528022e-16
5829.433962264151,7.980471612582935e-16
5829.584905660377,-2.0977975874301333e-15
5829.735849056604,9.318175819083883e-16
5829.88679245283,-6.791500776857942e-16
5830.037735849057,-6.420412322409381e-17
5830.188679245283,-2.65052819214013e-15
5830.33962264151,4.820446465998444e-15
5830.490566037736,-7.184600297419137e-15
5830.641509433963,5.558460909231217e-15
5830.792452830188,-4.243647892552935e-15
5830.943396226415,2.048787796747642e-15
5831.094339622641,-2.5188239718139685e-15
5831.245283018868,1.1346568979876404e-15
5831.396226415094,6.649562388068258e-18
5831.547169811321,-3.637839756942585e-15
5831.698113207547,4.8570707984358755e-15
5831.8490566037735,-5.954114266626217e-15
5832.0,3.9399330372220795e-15
5832.1509433962265,-3.3527096813930693e-15
5832.301886792453,1.559563005032689e-15
5832.452830188679,-2.0151622465749827e-15
5832.603773584906,8.768585666226469e-16
5832.754716981132,-1.5891890705771049e-15
5832.905660377359,8.291468330866772e-16
5833.056603773585,-2.2234854086563098e-15
5833.207547169812,1.591363281962567e-15
5833.358490566037,-1.8447715987180654e-15
5833.509433962264,-6.26885218238259e-16
5833.66037735849,6.670928911357497e-16
5833.811320754717,-3.911556527382033e-16
5833.962264150943,-3.930276044079243e-15
5834.11320754717,6.127062340381041e-15
5834.264150943396,-7.1037845321799165e-15
5834.415094339623,1.8402645601621307e-15
5834.566037735849,3.8312936927803514e-15
5834.7169811320755,-1.0147082343009902e-14
5834.867924528302,1.0427162963089303e-14
5835.018867924528,-9.197039435631832e-15
5835.169811320755,5.155302566635583e-15
5835.320754716981,-4.423593461606562e-15
5835.471698113208,2.507545261476186e-15
5835.622641509434,-2.3198859555465763e-15
5835.773584905661,-3.041108807435264e-16
5835.924528301887,-1.762529664459768e-16
5836.075471698113,5.765692209679364e-17
5836.226415094339,-2.156464532038384e-15
5836.377358490566,-3.9101885800229323e-16
5836.528301886792,4.142220689912095e-15
5836.679245283019,-1.1261724307791648e-14
5836.830188679245,1.319909946035304e-14
5836.981132075472,-1.1856364254839058e-14
5837.132075471698,4.093330451412621e-15
5837.2830188679245,1.1280798607821627e-15
5837.433962264151,-4.537309878604204e-15
5837.584905660377,1.3997490924442306e-15
5837.735849056604,5.989614816678535e-17
5837.88679245283,-7.71149364935154e-16
5838.037735849057,-4.2224583779578425e-15
5838.188679245283,6.608285400446061e-15
5838.33962264151,-7.354344785387161e-15
5838.490566037736,1.3173950362141391e-15
5838.641509433963,3.1274158913181473e-15
5838.792452830188,-6.86651879403354e-15
5838.943396226415,4.126832546028197e-15
5839.094339622641,-2.776722125489534e-15
5839.245283018868,1.3104552987950748e-15
5839.396226415094,-5.2624341816037635e-15
5839.547169811321,6.701030736160485e-15
5839.698113207547,-7.66465137209659e-15
5839.8490566037735,2.8017622156354586e-15
5840.0,2.948822655931144e-16
5840.1509433962265,-4.6768480858635114e-15
5840.301886792453,4.9377139621029955e-15
5840.452830188679,-7.252445222540377e-15
5840.603773584906,6.434613841612253e-15
5840.754716981132,-7.0503526857873086e-15
5840.905660377359,3.2353669861521673e-15
5841.056603773585,-1.0813382970206164e-15
5841.207547169812,-3.5464391762979837e-15
5841.358490566037,3.913217635391645e-15
5841.509433962264,-4.732805831386342e-15
5841.66037735849,3.7396432983980446e-16
5841.811320754717,2.314515814951656e-15
5841.962264150943,-6.678783243637648e-15
5842.11320754717,5.078469699690168e-15
5842.264150943396,-3.0880263853031905e-15
5842.415094339623,-3.260342253785381e-15
5842.566037735849,5.612082187189258e-15
5842.7169811320755,-7.798770839633485e-15
5842.867924528302,3.5480913355039013e-15
5843.018867924528,-2.9157504902798186e-16
5843.169811320755,-5.100022499213838e-15
5843.320754716981,4.0866508785774e-15
5843.471698113208,-1.8197411871671382e-15
5843.622641509434,-6.1907581239833555e-15
5843.773584905661,1.0523276547038328e-14
5843.924528301887,-1.4091249698705237e-14
5844.075471698113,9.840433235237288e-15
5844.226415094339,-6.023534630022266e-15
5844.377358490566,-2.2042185269957634e-16
5844.528301886792,6.121838616891626e-16
5844.679245283019,-1.9889828736894836e-15
5844.830188679245,-1.9899466824723814e-16
5844.981132075472,-1.1611197486262331e-15
5845.132075471698,-1.2373350841276037e-15
5845.2830188679245,1.9275549353144678e-15
5845.433962264151,-6.720064408061749e-15
5845.584905660377,6.725892938120468e-15
5845.735849056604,-6.0639083748093424e-15
5845.88679245283,-2.1529020344739386e-15
5846.037735849057,8.286788490052549e-15
5846.188679245283,-1.3930723984038196e-14
5846.33962264151,8.900414814685838e-15
5846.490566037736,-1.4013403793198443e-15
5846.641509433963,-9.25926695643365e-15
5846.792452830188,1.001540418905697e-14
5846.943396226415,-5.996997600763786e-15
5847.094339622641,-5.828365649513805e-15
5847.245283018868,1.2132401811016702e-14
5847.396226415094,-1.5054656604061722e-14
5847.547169811321,6.77050965599283e-15
5847.698113207547,2.7532691399619856e-15
5847.8490566037735,-1.557941462325645e-14
5848.0,1.9493624936416982e-14
5848.1509433962265,-1.8441263883422206e-14
5848.301886792453,6.048144270731668e-15
5848.452830188679,4.951662890811916e-15
5848.603773584906,-1.418980564218516e-14
5848.754716981132,1.002998806503878e-14
5848.905660377359,-2.4600038389539344e-15
5849.056603773585,-8.217742934970352e-15
5849.207547169812,8.361639486445478e-15
5849.358490566037,-5.4959654771689045e-15
5849.509433962264,-2.5589189378991013e-15
5849.66037735849,3.3283720388579098e-15
5849.811320754717,-4.030366037444832e-15
5849.962264150943,5.483858099609115e-16
5850.11320754717,-3.230933494397304e-15
5850.264150943396,3.099222674012663e-15
5850.415094339623,-4.144984687857339e-15
5850.566037735849,-2.6261431732241695e-15
5850.7169811320755,5.653764042349122e-15
5850.867924528302,-6.990789437036825e-15
5851.018867924528,-3.051613868243148e-15
5851.169811320755,1.1748055186865648e-14
5851.320754716981,-1.9113598638476554e-14
5851.471698113208,1.3230846283245309e-14
5851.622641509434,-5.945094074332738e-15
5851.773584905661,-2.690828995748454e-15
5851.924528301887,1.2777216719298163e-16
5852.075471698113,1.9980428105934316e-15
5852.226415094339,-4.297782234681842e-15
5852.377358490566,-4.611786677020405e-15
5852.528301886792,1.1362763107729652e-14
5852.679245283019,-1.5646392114493884e-14
5852.830188679245,5.899732091216785e-15
5852.981132075472,3.766384108878633e-15
5853.132075471698,-1.1935562413719255e-14
5853.2830188679245,4.843170854546764e-15
5853.433962264151,5.5698433996482224e-15
5853.584905660377,-1.839541308576092e-14
5853.735849056604,1.6871765818806853e-14
5853.88679245283,-8.513871883606682e-15
5854.037735849057,-8.440283709318774e-15
5854.188679245283,1.5518852430269033e-14
5854.33962264151,-1.5912441338955303e-14
5854.490566037736,3.592900403756308e-15
5854.641509433963,4.45740696731085e-15
5854.792452830188,-1.002764298795392e-14
5854.943396226415,3.179925619542622e-15
5855.094339622641,2.868548633405559e-15
5855.245283018868,-1.162908893579853e-14
5855.396226415094,1.16001360021106e-14
5855.547169811321,-1.2614684927794457e-14
5855.698113207547,7.558653143285821e-15
5855.8490566037735,-6.697897459440797e-15
5856.0,1.5797932048273957e-15
5856.1509433962265,-2.251527363427055e-15
5856.301886792453,7.395437822812944e-17
5856.452830188679,-3.4364387790416122e-15
5856.603773584906,1.0752428425321395e-15
5856.754716981132,-1.0757932789774691e-15
5856.905660377359,-4.842124575457077e-15
5857.056603773585,4.548180998480074e-15
5857.207547169812,-5.331007235150284e-15
5857.358490566037,-1.9089442642569875e-15
5857.509433962264,4.684063672027688e-15
5857.66037735849,-8.719778225139137e-15
5857.811320754717,2.202298227818179e-15
5857.962264150943,4.347280606184079e-15
5858.11320754717,-1.675453570702593e-14
5858.264150943396,2.0202446399052647e-14
5858.415094339623,-2.061548132406935e-14
5858.566037735849,8.263357919742387e-15
5858.7169811320755,2.1926451063032277e-15
5858.867924528302,-1.3350142638559534e-14
5859.018867924528,1.0510740620019987e-14
5859.169811320755,-4.860014785396447e-15
5859.320754716981,-7.404825168485667e-15
5859.471698113208,9.832267990982494e-15
5859.622641509434,-9.760896597543879e-15
5859.773584905661,-1.1718384779535698e-15
5859.924528301887,8.24447530312255e-15
5860.075471698113,-1.6640372801785244e-14
5860.226415094339,1.3261828046435777e-14
5860.377358490566,-9.257652860011971e-15
5860.528301886792,-1.6209946430167584e-15
5860.679245283019,4.780624541565903e-15
5860.830188679245,-9.064015642661335e-15
5860.981132075472,5.566266167369239e-15
5861.132075471698,-6.904051757828661e-15
5861.2830188679245,3.008972900048308e-15
5861.433962264151,-3.4242429952105597e-15
5861.584905660377,-2.5498917996447536e-15
5861.735849056604,2.454631179497228e-15
5861.88679245283,-4.73099639307927e-15
5862.037735849057,-1.4704794669438936e-15
5862.188679245283,3.1411565015767943e-15
5862.33962264151,-8.38481236256305e-15
5862.490566037736,5.524033060509973e-15
5862.641509433963,-6.605093804398497e-15
5862.792452830188,2.4506492273287882e-15
5862.943396226415,-4.709906657737704e-15
5863.094339622641,1.9704759249835727e-15
5863.245283018868,-4.594410971967179e-15
5863.396226415094,1.4788004397000216e-15
5863.547169811321,-4.147150544256563e-15
5863.698113207547,1.6572190855385807e-15
5863.8490566037735,-4.751901004447805e-15
5864.0,1.6186208369704867e-15
5864.1509433962265,-3.5463865237888814e-15
5864.301886792453,1.1015191642992982e-16
5864.452830188679,-3.5231976165209457e-15
5864.603773584906,2.1656333827416066e-15
5864.754716981132,-5.914188373419428e-15
5864.905660377359,1.8797192250688792e-15
5865.056603773585,-2.1393415892248348e-15
5865.207547169812,-1.98314458909979e-15
5865.358490566037,-3.552170894399565e-15
5865.509433962264,5.885077336520832e-15
5865.66037735849,-1.1883132544115893e-14
5865.811320754717,5.807726953511965e-15
5865.962264150943,-4.034616437850109e-16
5866.11320754717,-1.0116210992745414e-14
5866.264150943396,7.5286635757843e-15
5866.415094339623,-2.279512534392165e-15
5866.566037735849,-1.2076940809881798e-14
5866.7169811320755,1.4833486204682967e-14
5866.867924528302,-1.2866235717261257e-14
5867.018867924528,-2.390476491399133e-15
5867.169811320755,8.930906875953627e-15
5867.320754716981,-1.0776272994997804e-14
5867.471698113208,-2.9943132324370404e-15
5867.622641509434,1.0458500945485078e-14
5867.773584905661,-1.4534836710212892e-14
5867.924528301887,2.7478735633366568e-15
5868.075471698113,3.837729446807058e-15
5868.226415094339,-8.641039967228065e-15
5868.377358490566,-1.4871814723535357e-15
5868.528301886792,7.146822945125847e-15
5868.679245283019,-1.3962219769976368e-14
5868.830188679245,8.850380508326033e-15
5868.981132075472,-8.632103897426386e-15
5869.132075471698,3.911623410822592e-15
5869.2830188679245,-6.3710629824726475e-15
5869.433962264151,8.210305304817048e-16
5869.584905660377,-2.913061577119554e-16
5869.735849056604,-4.366556239865853e-15
5869.88679245283,-2.3878281227983385e-15
5870.037735849057,5.742792450392427e-15
5870.188679245283,-1.308949953652648e-14
5870.33962264151,7.55784460994184e-15
5870.490566037736,-3.2961637920309327e-15
5870.641509433963,-7.777249906321134e-15
5870.792452830188,8.337901255240725e-15
5870.943396226415,-1.0763068647569427e-14
5871.094339622641,4.002229842993029e-15
5871.245283018868,-3.5206960261053666e-15
5871.396226415094,-2.6489544050356827e-15
5871.547169811321,6.032495839011849e-16
5871.698113207547,-3.43651042130182e-15
5871.8490566037735,-1.2008777886295813e-15
5872.0,-1.9325046280489897e-15
5872.1509433962265,-5.690225665163253e-17
5872.301886792453,-3.992389424774556e-15
5872.452830188679,-2.4772510840137002e-15
5872.603773584906,5.782450183011994e-15
5872.754716981132,-1.518461113854894e-14
5872.905660377359,1.229088628908448e-14
5873.056603773585,-1.0374441910261313e-14
5873.207547169812,3.755025955060612e-16
5873.358490566037,-1.3052711523823256e-15
5873.509433962264,2.925463362034419e-16
5873.66037735849,-7.412396054072686e-15
5873.811320754717,4.584725480185462e-15
5873.962264150943,-5.0925943737068055e-15
5874.11320754717,-2.4234767707486135e-15
5874.264150943396,1.6639696175268256e-15
5874.415094339623,-6.7784508867264104e-15
5874.566037735849,4.800376353360622e-15
5874.7169811320755,-9.586838899449878e-15
5874.867924528302,5.205228064450662e-15
5875.018867924528,-4.879469073366679e-15
5875.169811320755,-3.98202235689036e-15
5875.320754716981,3.576729064732446e-15
5875.471698113208,-5.9582320522753535e-15
5875.622641509434,-1.978294210948173e-15
5875.773584905661,1.9622586991521334e-15
5875.924528301887,-5.5064352896265434e-15
5876.075471698113,-1.4754180655874164e-15
5876.226415094339,1.7161430716570524e-15
5876.377358490566,-7.888580280631673e-15
5876.528301886792,5.638440128967027e-15
5876.679245283019,-1.0580139076099194e-14
5876.830188679245,7.681831740119981e-15
5876.981132075472,-1.0350958774315466e-14
5877.132075471698,3.2989693014733e-15
5877.2830188679245,-2.7428474518826115e-15
5877.433962264151,-3.990491359791628e-15
5877.584905660377,7.784786727647963e-16
5877.735849056604,-3.161937801867492e-15
5877.88679245283,-2.307740407149e-15
5878.037735849057,-6.205151167961106e-16
5878.188679245283,-3.0059505825980055e-15
5878.33962264151,-1.2919344393352147e-15
5878.490566037736,-2.3589953102677464e-15
5878.641509433963,-1.075616659205806e-15
5878.792452830188,-3.315025457413222e-15
5878.943396226415,-2.5007759689327234e-16
5879.094339622641,-3.4192504522978607e-15
5879.245283018868,-7.538239800180682e-16
5879.396226415094,-3.1450453663682774e-15
5879.547169811321,-1.9137062270118453e-16
5879.698113207547,-4.339065606447121e-15
5879.8490566037735,5.274805673938246e-16
5880.0,-3.8481138000920556e-15
5880.1509433962265,-5.024370390591735e-16
5880.301886792453,-4.2335269398763545e-15
5880.452830188679,2.4891518854289028e-15
5880.603773584906,-9.047595324050298e-15
5880.754716981132,6.6871247882907045e-15
5880.905660377359,-1.0243916660609596e-14
5881.056603773585,3.656405133089195e-15
5881.207547169812,-3.705834209792479e-15
5881.358490566037,-3.976805326833622e-15
5881.509433962264,1.939405368935783e-15
5881.66037735849,-6.1065609076390705e-15
5881.811320754717,1.59420450317454e-15
5881.962264150943,-5.710365430620196e-15
5882.11320754717,1.80615702826133e-15
5882.264150943396,-4.442004869011323e-15
5882.415094339623,-3.366073892694268e-15
5882.566037735849,3.4863528342393454e-15
5882.7169811320755,-8.867087588028603e-15
5882.867924528302,8.679391141724716e-16
5883.018867924528,2.6466825454213623e-15
5883.169811320755,-1.329002295352836e-14
5883.320754716981,9.767801091826038e-15
5883.471698113208,-8.176143907527708e-15
5883.622641509434,-3.683294939082033e-15
5883.773584905661,3.744399933285729e-15
5883.924528301887,-6.887030104704134e-15
5884.075471698113,-1.2432134693635144e-15
5884.226415094339,6.186773747516104e-16
5884.377358490566,-6.9956557425246915e-15
5884.528301886792,4.288741754515366e-15
5884.679245283019,-9.788188217690141e-15
5884.830188679245,5.375452208832999e-15
5884.981132075472,-6.530779925186577e-15
5885.132075471698,-3.535652883320977e-15
5885.2830188679245,5.032948259968528e-15
5885.433962264151,-1.1743013802093638e-14
5885.584905660377,5.3081963613869575e-15
5885.735849056604,-4.904802774993316e-15
5885.88679245283,-3.611767118814778e-15
5886.037735849057,1.6093189111630205e-15
5886.188679245283,-7.376358021593009e-15
5886.33962264151,4.590460295332337e-15
5886.490566037736,-9.995513872496013e-15
5886.641509433963,4.503531200521196e-15
5886.792452830188,-5.348628485505124e-15
5886.943396226415,-3.1633940090691e-15
5887.094339622641,1.1291784294537286e-15
5887.245283018868,-5.624574786114024e-15
5887.396226415094,3.9213941866214447e-16
5887.547169811321,-4.619688312605367e-15
5887.698113207547,1.7023041552444566e-16
5887.8490566037735,-3.260220902279244e-15
5888.0,-4.294983607174246e-15
5888.1509433962265,2.3831933365674364e-15
5888.301886792453,-6.0093142096177786e-15
5888.452830188679,-3.5043323985805026e-15
5888.603773584906,5.7933157433170426e-15
5888.754716981132,-1.5618984838175684e-14
5888.905660377359,1.2846729707911389e-14
5889.056603773585,-1.5147091633256565e-14
5889.207547169812,4.581505114904668e-15
5889.358490566037,-6.316241936383748e-16
5889.509433962264,-1.2012591186553812e-14
5889.66037735849,1.1430208134228547e-14
5889.811320754717,-1.4718097091098223e-14
5889.962264150943,5.89386191882804e-15
5890.11320754717,-7.310961712086737e-15
5890.264150943396,2.1772814451223242e-15
5890.415094339623,-7.228581705399834e-15
5890.566037735849,6.907959608420501e-16
5890.7169811320755,-8.781133227493342e-17
5890.867924528302,-1.0798102832112856e-14
5891.018867924528,9.16502547706981e-15
5891.169811320755,-1.1623887141025798e-14
5891.320754716981,1.0542126054996962e-15
5891.471698113208,-2.858881163440959e-16
5891.622641509434,-6.6606572568684945e-15
5891.773584905661,1.0639712006167567e-15
5891.924528301887,-4.280084846853638e-15
5892.075471698113,-8.218320109663321e-16
5892.226415094339,-4.536152649342212e-15
5892.377358490566,-3.8337695407072016e-16
5892.528301886792,-2.921972560659003e-15
5892.679245283019,-3.117017802777978e-15
5892.830188679245,-3.0385339753137467e-15
5892.981132075472,2.159043187001587e-15
5893.132075471698,-1.0464639564049398e-14
5893.2830188679245,4.961537446117458e-15
5893.433962264151,-4.6397884614616235e-15
5893.584905660377,-6.19548488300348e-15
5893.735849056604,3.359093563821041e-15
5893.88679245283,-5.089941270664579e-15
5894.037735849057,-4.925033730903487e-15
5894.188679245283,2.1627237501596993e-15
5894.33962264151,-3.8110634908844845e-15
5894.490566037736,-8.0464596017157e-15
5894.641509433963,9.20950890550237e-15
5894.792452830188,-1.598302524800103e-14
5894.943396226415,8.599686092889944e-15
5895.094339622641,-9.76661823678498e-15
5895.245283018868,2.0534829363691042e-15
5895.396226415094,-5.754184464830182e-15
5895.547169811321,1.0310396267740407e-16
5895.698113207547,-4.970691980022793e-15
5895.8490566037735,4.3134736162142345e-16
5896.0,-5.838098076660736e-15
5896.1509433962265,-5.96134850851529e-16
5896.301886792453,-9.08290362260153e-16
5896.452830188679,-7.845596267071382e-15
5896.603773584906,3.5087609975719974e-15
5896.754716981132,-5.520388873497079e-15
5896.905660377359,-4.034698015280646e-15
5897.056603773585,7.802621979242532e-16
5897.207547169812,-3.026064392410033e-15
5897.358490566037,-8.363295451785653e-15
5897.509433962264,8.919817349121922e-15
5897.66037735849,-1.5926365477435e-14
5897.811320754717,8.532698001896041e-15
5897.962264150943,-9.93619330274689e-15
5898.11320754717,1.8439199618176572e-15
5898.264150943396,-5.561797246679583e-15
5898.415094339623,-3.6138613723012023e-16
5898.566037735849,-4.6320738924489394e-15
5898.7169811320755,-3.930413720616571e-16
5898.867924528302,-4.830540802276853e-15
5899.018867924528,-1.8760465196974762e-15
5899.169811320755,-2.906678762049082e-16
5899.320754716981,-8.238982390534857e-15
5899.471698113208,4.269582213412622e-15
5899.622641509434,-8.471438192658034e-15
5899.773584905661,1.4888820355140319e-15
5899.924528301887,-6.969667681645385e-15
5900.075471698113,3.9794876554711234e-15
5900.226415094339,-1.1685840597648738e-14
5900.377358490566,6.175852940711698e-15
5900.528301886792,-8.392463852870498e-15
5900.679245283019,-1.3757654357364864e-15
5900.830188679245,-5.813207943614932e-16
5900.981132075472,-6.1055031726387655e-15
5901.132075471698,-3.508854958394528e-16
5901.2830188679245,-2.0777993732425044e-15
5901.433962264151,-7.158761769785277e-15
5901.584905660377,4.439382645857203e-15
5901.735849056604,-9.768166627544572e-15
5901.88679245283,1.0219181978122339e-15
5902.037735849057,-1.5891394314507094e-15
5902.188679245283,-7.817024309171834e-15
5902.33962264151,2.960935988537815e-15
5902.490566037736,-5.280529509053083e-15
5902.641509433963,-5.327565970238582e-15
5902.792452830188,3.397367568908911e-15
5902.943396226415,-8.504288575011658e-15
5903.094339622641,-1.2481051698136235e-15
5903.245283018868,9.127691217336593e-16
5903.396226415094,-9.617728158495614e-15
5903.547169811321,3.7393387060462e-15
5903.698113207547,-6.571466119046925e-15
5903.8490566037735,-1.8513904375615984e-15
5904.0,-3.166760565534346e-15
5904.1509433962265,-2.1622975766082437e-16
5904.301886792453,-8.76190787094496e-15
5904.452830188679,4.742591220408623e-15
5904.603773584906,-8.803836564117175e-15
5904.754716981132,-5.376707742528202e-16
5904.905660377359,-1.7544081385695766e-15
5905.056603773585,-5.9639321492982036e-15
5905.207547169812,1.795427181735075e-15
5905.358490566037,-9.376776843793943e-15
5905.509433962264,5.032062630615621e-15
5905.66037735849,-9.859513787983076e-15
5905.811320754717,4.831048952863126e-16
5905.962264150943,-1.631015993891987e-15
5906.11320754717,-7.122571665407485e-15
5906.264150943396,1.5220672934672748e-15
5906.415094339623,-5.540327612944182e-15
5906.566037735849,-2.05479168534423e-15
5906.7169811320755,-3.160592239924751e-15
5906.867924528302,-2.1475557606575725e-15
5907.018867924528,-4.27257089095637e-15
5907.169811320755,-1.7105513887695506e-15
5907.320754716981,-3.243390789703461e-15
5907.471698113208,-3.493634642863043e-15
5907.622641509434,-2.329832900733955e-15
5907.773584905661,-2.5990773718530553e-15
5907.924528301887,-4.3459678982899676e-15
5908.075471698113,-1.810004398806804e-15
5908.226415094339,-1.9368399728188325e-15
5908.377358490566,-6.7973048978173e-15
5908.528301886792,2.122912354002625e-15
5908.679245283019,-6.761912145312801e-15
5908.830188679245,-1.8084580235717194e-15
5908.981132075472,-2.0162151017084534e-15
5909.132075471698,-5.6357354318025475e-15
5909.2830188679245,2.4287923101776126e-15
5909.433962264151,-1.2339694967285402e-14
5909.584905660377,8.237938840941304e-15
5909.735849056604,-1.057936548307372e-14
5909.88679245283,-3.8891066437389976e-15
5910.037735849057,5.111744576254529e-15
5910.188679245283,-1.1301814973371143e-14
5910.33962264151,-1.666822709257927e-15
5910.490566037736,3.5436670541312117e-15
5910.641509433963,-1.2620428652993288e-14
5910.792452830188,3.970767677760038e-15
5910.943396226415,-6.001967805780998e-15
5911.094339622641,-1.8835910565282422e-15
5911.245283018868,-4.63875487290343e-15
5911.396226415094,-2.0746277414169377e-15
5911.547169811321,-1.4685132078255408e-16
5911.698113207547,-1.195512499844933e-14
5911.8490566037735,9.74406919239921e-15
5912.0,-1.4724291753296402e-14
5912.1509433962265,2.8050291760852213e-15
5912.301886792453,-2.5147907850830756e-15
5912.452830188679,-7.063473902744339e-15
5912.603773584906,5.490217794922244e-17
5912.754716981132,-3.3277624537955477e-15
5912.905660377359,-4.963376894640156e-15
5913.056603773585,-1.7152041770496647e-15
5913.207547169812,-2.5821684434573657e-15
5913.358490566037,-4.574665616514457e-15
5913.509433962264,-3.614731142807081e-15
5913.66037735849,1.064708401832608e-15
5913.811320754717,-9.925520511916593e-15
5913.962264150943,2.824440596180368e-15
5914.11320754717,-5.624428613363266e-15
5914.264150943396,-4.4716783281253324e-15
5914.415094339623,5.702642732613973e-16
5914.566037735849,-8.381380780388382e-15
5914.7169811320755,3.293545968224643e-15
5914.867924528302,-1.0272556201934696e-14
5915.018867924528,2.5953336090574884e-15
5915.169811320755,-5.57440794605302e-15
5915.320754716981,-4.8240501785984844e-15
5915.471698113208,1.061288640828079e-15
5915.622641509434,-8.11727736633236e-15
5915.773584905661,1.1524085257821082e-15
5915.924528301887,-6.97520585602809e-15
5916.075471698113,1.8679869182313274e-17
5916.226415094339,-5.655234700957218e-15
5916.377358490566,-1.7781640923962002e-15
5916.528301886792,-4.9204242313493454e-15
5916.679245283019,8.661422007944616e-16
5916.830188679245,-1.0964560187893446e-14
5916.981132075472,6.4037558418520156e-15
5917.132075471698,-1.1492134694212826e-14
5917.2830188679245,1.5188642194522487e-15
5917.433962264151,-5.974148631499529e-15
5917.584905660377,6.677040968987403e-16
5917.735849056604,-1.0486553042646488e-14
5917.88679245283,5.7968200682758516e-15
5918.037735849057,-1.0652972675494822e-14
5918.188679245283,-3.633794396393992e-16
5918.33962264151,-2.4548528320487873e-15
5918.490566037736,-4.642311491477922e-15
5918.641509433963,-4.045128403370198e-15
5918.792452830188,-2.0806614866312542e-15
5918.943396226415,3.006639416832943e-16
5919.094339622641,-1.6627619841082018e-14
5919.245283018868,1.8683067363580705e-14
5919.396226415094,-2.657941241159159e-14
5919.547169811321,1.2261070901473303e-14
5919.698113207547,-8.161222494076198e-15
5919.8490566037735,-4.712147454534611e-15
5920.0,-3.5128566995052646e-15
5920.1509433962265,2.3083272935914954e-15
5920.301886792453,-1.2818452905049469e-14
5920.452830188679,5.563750593081658e-15
5920.603773584906,-9.242769734551724e-15
5920.754716981132,-3.155460309964636e-16
5920.905660377359,-5.1867935300748804e-15
5921.056603773585,-2.1759676486883264e-15
5921.207547169812,-3.2777604675684887e-15
5921.358490566037,-6.36735108319781e-15
5921.509433962264,3.081502365199539e-15
5921.66037735849,-1.2328200941943184e-14
5921.811320754717,5.035088840050633e-15
5921.962264150943,-7.98971269870624e-15
5922.11320754717,-5.150328643333505e-15
5922.264150943396,4.4446321171681355e-15
5922.415094339623,-1.4576490628044447e-14
5922.566037735849,6.2844170190342814e-15
5922.7169811320755,-7.534479320903317e-15
5922.867924528302,-6.678883460144014e-15
5923.018867924528,5.009144825997513e-15
5923.169811320755,-1.272741027953989e-14
5923.320754716981,2.8331042203748654e-15
5923.471698113208,-6.334244418881357e-15
5923.622641509434,-1.9929687744577815e-15
5923.773584905661,-5.328134864167369e-15
5923.924528301887,-2.098305140403136e-15
5924.075471698113,-2.1534413771387525e-15
5924.226415094339,-8.685229144684675e-15
5924.377358490566,3.940886149341407e-15
5924.528301886792,-1.0475763756419852e-14
5924.679245283019,1.7066340212787253e-15
5924.830188679245,-8.292155288786336e-15
5924.981132075472,2.763111348998899e-15
5925.132075471698,-1.172939935981275e-14
5925.2830188679245,5.0201143581137526e-15
5925.433962264151,-1.0629305759210377e-14
5925.584905660377,1.1381092801223864e-15
5925.735849056604,-5.845622721938651e-15
5925.88679245283,-3.1607694520348517e-15
5926.037735849057,-3.0745266362574034e-15
5926.188679245283,-4.005396324260615e-15
5926.33962264151,-2.7019972256735687e-15
5926.490566037736,-7.335938736218926e-15
5926.641509433963,5.08773523761384e-15
5926.792452830188,-1.5219735188491732e-14
5926.943396226415,4.551700910807129e-15
5927.094339622641,-2.1726451242574993e-15
5927.245283018868,-1.4196905951636934e-14
5927.396226415094,8.16564185141009e-15
5927.547169811321,-7.199081533741567e-15
5927.698113207547,-1.0982199144104386e-14
5927.8490566037735,8.277104129714681e-15
5928.0,-9.72930907557621e-15
5928.1509433962265,-9.460490881450693e-15
5928.301886792453,1.1434084779183767e-14
5928.452830188679,-1.8653281981664248e-14
5928.603773584906,1.908737134405664e-15
5928.754716981132,3.642197894010023e-15
5928.905660377359,-1.9883308476016786e-14
5929.056603773585,1.3839487931720663e-14
5929.207547169812,-1.6632086368052324e-14
5929.358490566037,3.8936134254856724e-15
5929.509433962264,-8.765265109789621e-15
5929.66037735849,1.3791701212103062e-15
5929.811320754717,-7.566868006570156e-15
5929.962264150943,-5.08740203159728e-15
5930.11320754717,6.052477056044077e-15
5930.264150943396,-2.071225029198546e-14
5930.415094339623,1.5697614144651918e-14
5930.566037735849,-2.038289838468395e-14
5930.7169811320755,7.78088254798486e-15
5930.867924528302,-1.0551111946791248e-14
5931.018867924528,-4.1346670009513997e-16
5931.169811320755,-3.2464585116813606e-15
5931.320754716981,-9.584758566194477e-15
5931.471698113208,7.74542960700236e-15
5931.622641509434,-1.7802568865031246e-14
5931.773584905661,7.325142000880502e-15
5931.924528301887,-7.769655756271922e-15
5932.075471698113,-6.010609326650519e-15
5932.226415094339,-4.803678848566886e-16
5932.377358490566,-3.0050061777310583e-15
5932.528301886792,-9.234957162473233e-15
5932.679245283019,2.316050862403834e-15
5932.830188679245,-5.7903522915456565e-15
5932.981132075472,-7.232041371582743e-15
5933.132075471698,2.403449243948319e-15
5933.2830188679245,-9.010546343590472e-15
5933.433962264151,-1.1624575132547664e-15
5933.584905660377,-5.217584100421045e-15
5933.735849056604,-1.6598650391645117e-15
5933.88679245283,-6.771212702239156e-15
5934.037735849057,-2.256779171162361e-15
5934.188679245283,-2.1344976968963805e-15
5934.33962264151,-8.026884896196928e-15
5934.490566037736,-2.357104700456506e-16
5934.641509433963,-4.246347497045102e-15
5934.792452830188,-6.931867537534809e-15
5934.943396226415,1.498923833846921e-15
5935.094339622641,-1.0831410574015748e-14
5935.245283018868,4.871996790937325e-15
5935.396226415094,-1.3734678731987042e-14
5935.547169811321,4.640016050311637e-15
5935.698113207547,-8.168008294104647e-15
5935.8490566037735,-4.533426568327453e-15
5936.0,-7.070853578953942e-16
5936.1509433962265,-6.1638186238826624e-15
5936.301886792453,-3.819064210160712e-15
5936.452830188679,-3.7938616922013244e-15
5936.603773584906,-1.2811098740906493e-15
5936.754716981132,-9.74884277776343e-15
5936.905660377359,2.1290606685133035e-15
5937.056603773585,-6.142271639400333e-15
5937.207547169812,-7.261343356153786e-15
5937.358490566037,3.1093008940011906e-15
5937.509433962264,-1.1023079054874343e-14
5937.66037735849,5.916281773163481e-16
5937.811320754717,-6.042918233865075e-15
5937.962264150943,-2.178734722270698e-15
5938.11320754717,-7.35128824030774e-15
5938.264150943396,1.0035618502523767e-15
5938.415094339623,-8.513051369349746e-15
5938.566037735849,-1.7376741150282203e-15
5938.7169811320755,-4.464072972299496e-15
5938.867924528302,-2.0327107731659155e-15
5939.018867924528,-1.0448618939208932e-14
5939.169811320755,6.5294060152137825e-15
5939.320754716981,-1.4124345225949847e-14
5939.471698113208,7.515805891803529e-16
5939.622641509434,-2.2999202861126095e-15
5939.773584905661,-8.142931642306028e-15
5939.924528301887,-3.193346692764504e-15
5940.075471698113,1.054935768826293e-15
5940.226415094339,-1.2216801728167153e-14
5940.377358490566,1.2664176891024928e-15
5940.528301886792,-1.720534963420132e-15
5940.679245283019,-1.3739501542432096e-14
5940.830188679245,7.967490621705822e-15
5940.981132075472,-1.2064154308258362e-14
5941.132075471698,-3.035001605894254e-15
5941.2830188679245,-1.6579886213569003e-18
5941.433962264151,-8.801815798055498e-15
5941.584905660377,-1.0884216010602805e-15
5941.735849056604,-6.700059737046457e-15
5941.88679245283,1.264648051623435e-15
5942.037735849057,-1.2854515151731614e-14
5942.188679245283,5.109634902226122e-15
5942.33962264151,-9.343286103014092e-15
5942.490566037736,-4.6823543785924994e-15
5942.641509433963,3.228582511041788e-16
5942.792452830188,-8.236618748237509e-15
5942.943396226415,-3.1405552142770385e-15
5943.094339622641,-2.174656926987577e-15
5943.245283018868,-6.269370913496284e-15
5943.396226415094,-4.093598773738007e-15
5943.547169811321,-2.424737291304807e-15
5943.698113207547,-4.4762560503112e-15
5943.8490566037735,-8.059866853564923e-15
5944.0,3.866039202512165e-15
5944.1509433962265,-1.2521633584043105e-14
5944.301886792453,1.113566955394409e-16
5944.452830188679,-2.2874519845895282e-15
5944.603773584906,-1.0234304004995988e-14
5944.754716981132,1.6768198103048215e-15
5944.905660377359,-5.749896258351173e-15
5945.056603773585,-7.638957447024222e-15
5945.207547169812,1.5785750822645536e-15
5945.358490566037,-8.163016749005331e-15
5945.509433962264,-4.116402109729537e-15
5945.66037735849,-1.0609212499018754e-15
5945.811320754717,-8.738829328030558e-15
5945.962264150943,1.2770359923424367e-15
5946.11320754717,-1.1282663146027939e-14
5946.264150943396,4.374820298570338e-15
5946.415094339623,-1.2118179766568437e-14
5946.566037735849,1.2428645380153327e-16
5946.7169811320755,-3.718902200630588e-15
5946.867924528302,-8.108000140883155e-15
5947.018867924528,1.801244160696891e-16
5947.169811320755,-6.982084553935119e-15
5947.320754716981,-3.421329280105609e-15
5947.471698113208,-4.1934886561896295e-15
5947.622641509434,-3.945617756007543e-15
5947.773584905661,-5.2867043952330316e-15
5947.924528301887,-2.8177379003066988e-15
5948.075471698113,-5.49780955184413e-15
5948.226415094339,-3.543275284383963e-15
5948.377358490566,-4.427480008297351e-15
5948.528301886792,-4.422886402939339e-15
5948.679245283019,-4.244627848302791e-15
5948.830188679245,-3.566826216872012e-15
5948.981132075472,-6.002054670348536e-15
5949.132075471698,-2.291712214570261e-15
5949.2830188679245,-4.820846695099536e-15
5949.433962264151,-6.626558015678079e-15
5949.584905660377,4.654233690956181e-16
5949.735849056604,-8.906141939665438e-15
5949.88679245283,-3.222426618790168e-15
5950.037735849057,1.9460906412550308e-16
5950.188679245283,-1.3803852235652879e-14
5950.33962264151,7.387921980551056e-15
5950.490566037736,-1.520620445798951e-14
5950.641509433963,3.9576638681624335e-15
5950.792452830188,-9.418038844853582e-15
5950.943396226415,-2.3767023998994763e-15
5951.094339622641,-4.321955452905149e-15
5951.245283018868,-3.645329916594266e-15
5951.396226415094,-8.190672003950734e-15
5951.547169811321,1.50951899891954e-15
5951.698113207547,-6.818829339860594e-15
5951.8490566037735,-1.0522693143531159e-14
5952.0,9.373735371436192e-15
5952.1509433962265,-1.7381628631628846e-14
5952.301886792453,-1.0177394588155044e-15
5952.452830188679,3.1292906652557364e-15
5952.603773584906,-1.4493266690338627e-14
5952.754716981132,-2.100693755601487e-15
5952.905660377359,4.319497007623913e-15
5953.056603773585,-1.725272032536521e-14
5953.207547169812,2.0867330163593286e-15
5953.358490566037,7.116535198358222e-16
5953.509433962264,-1.7069310126814327e-14
5953.66037735849,6.0536409657127036e-15
5953.811320754717,-4.570756934231142e-15
5953.962264150943,-1.5281753926854506e-14
5954.11320754717,1.0432838319561019e-14
5954.264150943396,-1.3554925687869425e-14
5954.415094339623,-6.3738337771480104e-15
5954.566037735849,5.969657070891774e-15
5954.7169811320755,-1.5286778956012314e-14
5954.867924528302,9.0327656645912e-19
5955.018867924528,-1.6169808273857228e-15
5955.169811320755,-9.99305715837599e-15
5955.320754716981,-1.1835352940028092e-15
5955.471698113208,-4.6077803242425145e-15
5955.622641509434,-3.966010714455142e-15
5955.773584905661,-8.942398247885299e-15
5955.924528301887,3.754483919774427e-15
5956.075471698113,-1.2234273697949769e-14
5956.226415094339,-1.560380285829382e-15
5956.377358490566,-1.6770007874923438e-15
5956.528301886792,-1.0106519412251784e-14
5956.679245283019,2.8199182019850717e-16
5956.830188679245,-6.9675745128575734e-15
5956.981132075472,-3.130857404258454e-15
5957.132075471698,-6.4405973172267605e-15
5957.2830188679245,-1.8663143233912138e-15
5957.433962264151,-6.488880759178842e-15
5957.584905660377,-3.897412597466267e-15
5957.735849056604,-5.16111291758078e-15
5957.88679245283,-1.3130534455816051e-15
5958.037735849057,-1.129037495336487e-14
5958.188679245283,3.650170715488503e-15
5958.33962264151,-9.71192868318215e-15
5958.490566037736,-6.000790594632158e-15
5958.641509433963,3.693808403733681e-15
5958.792452830188,-1.5673666675267302e-14
5958.943396226415,4.1109353875772935e-15
5959.094339622641,-7.291357112000528e-15
5959.245283018868,-7.395311387348929e-15
5959.396226415094,8.412007296146132e-16
5959.547169811321,-9.383230396990974e-15
5959.698113207547,-1.6030044101553967e-15
5959.8490566037735,-6.227024258572887e-15
5960.0,-3.0153255577599364e-15
5960.1509433962265,-6.723352376857106e-15
5960.301886792453,-1.8770111464247292e-15
5960.452830188679,-7.398359500446013e-15
5960.603773584906,-2.083262702863805e-15
5960.754716981132,-6.545566499374206e-15
5960.905660377359,-3.042526772992448e-15
5961.056603773585,-6.362533809546351e-15
5961.207547169812,-1.73816224172609e-15
5961.358490566037,-8.89555971425285e-15
5961.509433962264,1.355758930554543e-16
5961.66037735849,-7.895494192591189e-15
5961.811320754717,-3.6112479830356875e-15
5961.962264150943,-5.561116013899513e-15
5962.11320754717,8.61553023626578e-16
5962.264150943396,-1.7787125609999367e-14
5962.415094339623,1.4108762195455899e-14
5962.566037735849,-2.186224703417294e-14
5962.7169811320755,3.73952075901572e-15
5962.867924528302,-1.6800615367093715e-15
5963.018867924528,-1.5334481713923367e-14
5963.169811320755,7.366628857354172e-15
5963.320754716981,-1.3225257271456844e-14
5963.471698113208,-4.64333912417194e-16
5963.622641509434,-6.331061759067735e-15
5963.773584905661,-3.1762587858084387e-15
5963.924528301887,-7.05115631812858e-15
5964.075471698113,-1.7285376392364218e-15
5964.226415094339,-7.080462116165983e-15
5964.377358490566,-3.712487487965324e-15
5964.528301886792,-4.065961130492538e-15
5964.679245283019,-5.970741744950107e-15
5964.830188679245,-4.193748153756062e-15
5964.981132075472,-3.506357709578772e-15
5965.132075471698,-6.5544637003630485e-15
5965.2830188679245,-4.804653511060739e-15
5965.433962264151,-4.2269627431762607e-16
5965.584905660377,-1.2511634558057186e-14
5965.735849056604,3.021095300743663e-15
5965.88679245283,-8.231624955376415e-15
5966.037735849057,-6.923890744450982e-15
5966.188679245283,1.008282700887383e-15
5966.33962264151,-9.49031879001695e-15
5966.490566037736,-4.402342156067978e-15
5966.641509433963,-5.85700783475793e-16
5966.792452830188,-1.015274265050707e-14
5966.943396226415,-1.209884395626029e-15
5967.094339622641,-6.050603411792177e-15
5967.245283018868,-3.502588262285325e-15
5967.396226415094,-7.194178960270929e-15
5967.547169811321,-2.7876753955572277e-15
5967.698113207547,-3.1173201995783364e-15
5967.8490566037735,-1.0622888214582173e-14
5968.0,2.0531031123387596e-15
5968.1509433962265,-8.018329399486775e-15
5968.301886792453,-6.385798415433492e-15
5968.452830188679,-1.4219617940742737e-15
5968.603773584906,-5.02043645049451e-15
5968.754716981132,-9.897901380420024e-15
5968.905660377359,3.945215072348174e-15
5969.056603773585,-1.3193836104604752e-14
5969.207547169812,6.497852782121283e-16
5969.358490566037,-7.455614544424296e-15
5969.509433962264,-2.6451551426153503e-15
5969.66037735849,-8.27330824260985e-15
5969.811320754717,-7.798016299340357e-17
5969.962264150943,-8.95401092483249e-15
5970.11320754717,-2.7733160193164258e-15
5970.264150943396,-5.080962023656404e-15
5970.415094339623,-3.960119406838759e-15
5970.566037735849,-8.270005460038173e-15
5970.7169811320755,4.772568856705261e-16
5970.867924528302,-8.160268669311961e-15
5971.018867924528,-6.836381821158084e-15
5971.169811320755,1.6052955479695672e-15
5971.320754716981,-9.916171086107579e-15
5971.471698113208,-7.205039010941526e-15
5971.622641509434,6.258710261855523e-15
5971.773584905661,-1.9576606120625872e-14
5971.924528301887,5.844009621818554e-15
5972.075471698113,-6.569009405820838e-15
5972.226415094339,-1.0989453899284468e-14
5972.377358490566,3.5476556053221847e-15
5972.528301886792,-9.73757629659289e-15
5972.679245283019,-5.494464918252205e-15
5972.830188679245,-5.002061955484087e-16
5972.981132075472,-1.0361119034112592e-14
5973.132075471698,1.2914115456010277e-15
5973.2830188679245,-1.2761490052405525e-14
5973.433962264151,4.862808520349868e-15
5973.584905660377,-1.408727853595699e-14
5973.735849056604,6.815279342920632e-16
5973.88679245283,-5.54040502566443e-15
5974.037735849057,-7.399438666714712e-15
5974.188679245283,-2.1192114351115553e-15
5974.33962264151,-6.080118784505321e-15
5974.490566037736,-5.047044211775876e-15
5974.641509433963,-4.41277963428043e-15
5974.792452830188,-5.334797272614623e-15
5974.943396226415,-4.002861697446412e-15
5975.094339622641,-6.1881171708564124e-15
5975.245283018868,-4.598153003655253e-15
5975.396226415094,-2.5940973005886474e-15
5975.547169811321,-9.649012283845405e-15
5975.698113207547,-2.419341566251657e-16
5975.8490566037735,-6.369362771857265e-15
5976.0,-8.031277153528157e-15
5976.1509433962265,1.5632397028759788e-15
5976.301886792453,-1.2122990339775945e-14
5976.452830188679,8.246470566948248e-16
5976.603773584906,-8.552575819051375e-15
5976.754716981132,-2.6703574601598843e-15
5976.905660377359,-7.149687403634042e-15
5977.056603773585,-1.6833564939862615e-15
5977.207547169812,-9.386114214701574e-15
5977.358490566037,-1.7286237679629846e-16
5977.509433962264,-8.58039442135932e-15
5977.66037735849,-3.1622030537546985e-15
5977.811320754717,-6.013763125430441e-15
5977.962264150943,-1.928645998282289e-15
5978.11320754717,-1.1869885279991505e-14
5978.264150943396,4.916448722196366e-15
5978.415094339623,-1.4135568391873297e-14
5978.566037735849,-7.206820613163916e-17
5978.7169811320755,-4.745850491680184e-15
5978.867924528302,-7.968158659243296e-15
5979.018867924528,-2.4514833778460223e-15
5979.169811320755,-5.2224762341148045e-15
5979.320754716981,-6.4814292679394884e-15
5979.471698113208,-3.292235494204318e-15
5979.622641509434,-5.836585844723082e-15
5979.773584905661,-4.601635619611617e-15
5979.924528301887,-5.925014327608458e-15
5980.075471698113,-2.8780529659552488e-15
5980.226415094339,-7.789262076872931e-15
5980.377358490566,-2.557384020549274e-15
5980.528301886792,-6.4373820896597565e-15
5980.679245283019,-4.004205945672115e-15
5980.830188679245,-6.8169969108712e-15
5980.981132075472,-1.5312781587563334e-15
5981.132075471698,-9.432250506049322e-15
5981.2830188679245,-1.4708356328084845e-15
5981.433962264151,-6.386364619985926e-15
5981.584905660377,-4.5806583947813704e-15
5981.735849056604,-7.80175733236329e-15
5981.88679245283,2.641587513491655e-15
5982.037735849057,-1.6229811215952806e-14
5982.188679245283,4.9192257962598046e-15
5982.33962264151,-9.254929916805335e-15
5982.490566037736,-6.3228262353158285e-15
5982.641509433963,-3.041118817759462e-15
5982.792452830188,-2.59791583724962e-15
5982.943396226415,-1.2436398477143192e-14
5983.094339622641,2.9950815999363944e-15
5983.245283018868,-8.749187026697526e-15
5983.396226415094,-6.384655712951871e-15
5983.547169811321,-2.418233119782519e-15
5983.698113207547,-4.6749914366765665e-15
5983.8490566037735,-9.177344633025821e-15
5984.0,4.0176936912274292e-16
5984.1509433962265,-9.36538618720459e-15
5984.301886792453,-2.217792720038368e-15
5984.452830188679,-7.060331847725401e-15
5984.603773584906,-4.139688670621146e-15
5984.754716981132,-3.758175559902578e-15
5984.905660377359,-8.538298736754645e-15
5985.056603773585,-1.4757569473477555e-15
5985.207547169812,-6.365360243148578e-15
5985.358490566037,-6.296865471366299e-15
5985.509433962264,-3.3407918905272763e-15
5985.66037735849,-5.157431630018083e-15
5985.811320754717,-7.07356292418127e-15
5985.962264150943,-1.4529386239203409e-15
5986.11320754717,-1.0598190145027222e-14
5986.264150943396,3.2466302650110208e-15
5986.415094339623,-1.5468166136328548e-14
5986.566037735849,3.569465416726754e-15
5986.7169811320755,-7.132890185323387e-15
5986.867924528302,-1.1288851940256918e-14
5987.018867924528,5.6374436876956155e-15
5987.169811320755,-1.3895718312935912e-14
5987.320754716981,-1.9284227383428365e-15
5987.471698113208,-4.319177185963968e-15
5987.622641509434,-5.2945807221789356e-15
5987.773584905661,-7.786768948480332e-15
5987.924528301887,-1.472185943531926e-15
5988.075471698113,-6.000678108862742e-15
5988.226415094339,-8.35167926740899e-15
5988.377358490566,3.8079059802250647e-16
5988.528301886792,-9.990281619841005e-15
5988.679245283019,-1.7243570897099936e-15
5988.830188679245,-8.128432887203462e-15
5988.981132075472,-1.779420851096663e-15
5989.132075471698,-7.228701644731212e-15
5989.2830188679245,-6.540044671350523e-15
5989.433962264151,-1.6016991030224026e-16
5989.584905660377,-1.0118893116047891e-14
5989.735849056604,-4.5373310711770086e-15
5989.88679245283,2.374813908033577e-16
5990.037735849057,-1.3565820809791549e-14
5990.188679245283,1.7371148507690316e-15
5990.33962264151,-8.339210900994729e-15
5990.490566037736,-3.126382064011325e-15
5990.641509433963,-1.0359806112805986e-14
5990.792452830188,5.068591653432594e-15
5990.943396226415,-1.695883799302364e-14
5991.094339622641,2.0788558619400373e-15
5991.245283018868,-3.833094637374157e-15
5991.396226415094,-1.25449107902867e-14
5991.547169811321,5.258750078762776e-16
5991.698113207547,-1.9071287532056248e-15
5991.8490566037735,-1.7140788484144852e-14
5992.0,7.383368891427247e-15
5992.1509433962265,-8.569964836217412e-15
5992.301886792453,-1.3707642651961964e-14
5992.452830188679,9.639028338368817e-15
5992.603773584906,-1.778341115706797e-14
5992.754716981132,1.5481767827355758e-15
5992.905660377359,-8.341670453503402e-15
5993.056603773585,-1.3035414186749795e-15
5993.207547169812,-1.0860717295781867e-14
5993.358490566037,1.1468590287538544e-17
5993.509433962264,-6.89576109698594e-15
5993.66037735849,-7.530699068791187e-15
5993.811320754717,-4.753887296510581e-16
5993.962264150943,-9.510054951617027e-15
5994.11320754717,-3.3966033544340895e-15
5994.264150943396,-3.2707752866581725e-15
5994.415094339623,-1.023672843959811e-14
5994.566037735849,9.058781924211754e-16
5994.7169811320755,-9.535643586392955e-15
5994.867924528302,-4.0720821538141426e-15
5995.018867924528,-3.5037931869460294e-15
5995.169811320755,-8.123271460590728e-15
5995.320754716981,-1.850029590991743e-15
5995.471698113208,-8.907073043347509e-15
5995.622641509434,-1.549935021155626e-15
5995.773584905661,-6.8173655763561e-15
5995.924528301887,-7.544511046966442e-15
5996.075471698113,7.787702676893924e-16
5996.226415094339,-1.1285862809597585e-14
5996.377358490566,-3.238447322417637e-15
5996.528301886792,-1.2735004138442275e-15
5996.679245283019,-1.2746633862100056e-14
5996.830188679245,1.5856250876234494e-15
5996.981132075472,-8.048360015059417e-15
5997.132075471698,-5.763844057753418e-15
5997.2830188679245,-4.8238172432765796e-15
5997.433962264151,-1.9657697420540716e-15
5997.584905660377,-1.1509211982697489e-14
5997.735849056604,-9.163962413635356e-16
5997.88679245283,-1.9672900382942753e-15
5998.037735849057,-1.591932276494225e-14
5998.188679245283,5.849406865225058e-15
5998.33962264151,-7.660472359698047e-15
5998.490566037736,-1.454980455825952e-14
5998.641509433963,1.0922958017610412e-14
5998.792452830188,-1.962888854437156e-14
5998.943396226415,2.400921137103457e-15
5999.094339622641,-6.993337207884058e-15
5999.245283018868,-5.097527504323015e-15
5999.396226415094,-6.630742557186282e-15
5999.547169811321,-2.1767076897814515e-15
5999.698113207547,-9.196240124547328e-15
5999.8490566037735,-1.3785692871520775e-16
6000.0,-1.2197866140513864e-14
6000.1509433962265,3.3485505019065382e-15
6000.301886792453,-1.2651593226780795e-14
6000.452830188679,-3.062951700793558e-15
6000.603773584906,2.8031806548833866e-16
6000.754716981132,-1.6036495887689535e-14
6000.905660377359,4.04431382555402e-15
6001.056603773585,-5.632360685291353e-15
6001.207547169812,-1.622060651811978e-14
6001.358490566037,1.2546081043737872e-14
6001.509433962264,-2.0575149200092882e-14
6001.66037735849,7.0416956151672e-17
6001.811320754717,3.928416192153376e-16
6001.962264150943,-1.6058208118460507e-14
6002.11320754717,3.98772125167571e-15
6002.264150943396,-1.0420899383468765e-14
6002.415094339623,-1.933203166932246e-15
6002.566037735849,-8.620637238795382e-15
6002.7169811320755,-3.591782451504257e-15
6002.867924528302,-1.219651674465287e-15
6003.018867924528,-1.599719524191745e-14
6003.169811320755,8.257978905528741e-15
6003.320754716981,-1.526510220062942e-14
6003.471698113208,-2.0175759489030833e-15
6003.622641509434,-3.4176953828846753e-15
6003.773584905661,-7.442347328665146e-15
6003.924528301887,-6.030131400119589e-15
6004.075471698113,-1.7083432009667446e-15
6004.226415094339,-8.765881454518794e-15
6004.377358490566,-3.747814269108762e-15
6004.528301886792,-5.700623203412451e-15
6004.679245283019,-2.719205531671434e-15
6004.830188679245,-1.1736226848531766e-14
6004.981132075472,3.7180135077664035e-15
6005.132075471698,-1.3188920246786266e-14
6005.2830188679245,-3.7983584916083347e-16
6005.433962264151,-7.999573415127741e-15
6005.584905660377,-2.3570620690556875e-15
6005.735849056604,-8.9374589271808e-15
6005.88679245283,-2.5639615474774485e-15
6006.037735849057,-4.4442236079852315e-15
6006.188679245283,-1.002746974936746e-14
6006.33962264151,8.213806448210406e-16
6006.490566037736,-8.335622358431817e-15
6006.641509433963,-7.723110061600122e-15
6006.792452830188,1.3888522705251582e-15
6006.943396226415,-1.1608299108969739e-14
6007.094339622641,-3.271482475653264e-15
6007.245283018868,-2.0411262569257866e-15
6007.396226415094,-1.1145044094297284e-14
6007.547169811321,-5.472544759358932e-17
6007.698113207547,-8.039734572827109e-15
6007.8490566037735,-4.337756080907525e-15
6008.0,-5.8281555658001215e-15
6008.1509433962265,-4.100004038475518e-15
6008.301886792453,-6.7596279730699454e-15
6008.452830188679,-4.1603220714880695e-15
6008.603773584906,-5.550655667581857e-15
6008.754716981132,-5.470317268253127e-15
6008.905660377359,-5.0825105110866864e-15
6009.056603773585,-5.162511275156681e-15
6009.207547169812,-5.3591752039457005e-15
6009.358490566037,-5.526041224855434e-15
6009.509433962264,-4.5591172381372575e-15
6009.66037735849,-6.0626957680809235e-15
6009.811320754717,-4.644776159885244e-15
6009.962264150943,-5.811244161956403e-15
6010.11320754717,-4.25008734479037e-15
6010.264150943396,-7.0449681631451885e-15
6010.415094339623,-3.080532227526389e-15
6010.566037735849,-6.919157490961351e-15
6010.7169811320755,-4.5099563014648385e-15
6010.867924528302,-6.1541548189325094e-15
6011.018867924528,-2.243163681669016e-15
6011.169811320755,-1.1334018202811407e-14
6011.320754716981,2.5412990413819272e-15
6011.471698113208,-1.2330054613262245e-14
6011.622641509434,-2.074161733846138e-16
6011.773584905661,-8.881887675971156e-15
6011.924528301887,-1.9892488291877726e-15
6012.075471698113,-8.278100742107462e-15
6012.226415094339,-3.2276317192145356e-15
6012.377358490566,-6.0009474304516405e-15
6012.528301886792,-4.836652900638898e-15
6012.679245283019,-7.253380098885426e-15
6012.830188679245,-3.229323097373516e-16
6012.981132075472,-1.2157980470745793e-14
6013.132075471698,-5.128442963090855e-16
6013.2830188679245,-2.511925937073876e-15
6013.433962264151,-1.7849320871248655e-14
6013.584905660377,1.3418066437586861e-14
6013.735849056604,-2.1860195610287308e-14
6013.88679245283,2.605380194805356e-15
6014.037735849057,-4.132547718687483e-15
6014.188679245283,-9.845643323666568e-15
6014.33962264151,-3.37710201028345e-15
6014.490566037736,-1.9973174985145764e-15
6014.641509433963,-1.2442897374951078e-14
6014.792452830188,3.847601993107816e-15
6014.943396226415,-1.525270568463213e-14
6015.094339622641,4.88930372939477e-15
6015.245283018868,-1.4022673035552033e-14
6015.396226415094,2.8842680177194343e-16
6015.547169811321,-6.967831028706529e-15
6015.698113207547,-6.1468659153566515e-15
6015.8490566037735,-3.832528586345723e-15
6016.0,-5.8245126945768905e-15
6016.1509433962265,-5.7292040043037515e-15
6016.301886792453,-4.113145423180851e-15
6016.452830188679,-6.896116573611155e-15
6016.603773584906,-3.1346134064383463e-15
6016.754716981132,-7.412656011097156e-15
6016.905660377359,-3.904212350090827e-15
6017.056603773585,-5.6082406309519844e-15
6017.207547169812,-4.539362511632597e-15
6017.358490566037,-8.558181442009105e-15
6017.509433962264,1.7386347433877702e-15
6017.66037735849,-1.4189112313981396e-14
6017.811320754717,1.2127429939988664e-15
6017.962264150943,-4.666285107314995e-15
6018.11320754717,-1.4003258993041607e-14
6018.264150943396,7.307524243218133e-15
6018.415094339623,-1.3870123646559815e-14
6018.566037735849,-6.266032811484248e-15
6018.7169811320755,4.616085991258459e-15
6018.867924528302,-1.7302178827078637e-14
6019.018867924528,1.6996376587261454e-15
6019.169811320755,-4.485732346445635e-15
6019.320754716981,-1.0554489453365042e-14
6019.471698113208,-8.771542524508809e-16
6019.622641509434,-5.545992966514008e-15
6019.773584905661,-7.686986424267802e-15
6019.924528301887,-4.0681325768063775e-15
6020.075471698113,-2.563891203825144e-15
6020.226415094339,-9.949155655704594e-15
6020.377358490566,-3.719551161353654e-15
6020.528301886792,6.321246212672168e-17
6020.679245283019,-1.4881950366105235e-14
6020.830188679245,9.0734281476057e-16
6020.981132075472,-1.368068128162435e-15
6021.132075471698,-1.7787927395092692e-14
6021.2830188679245,7.109408705473533e-15
6021.433962264151,-8.70450097441301e-15
6021.584905660377,-1.1281810577761168e-14
6021.735849056604,2.661618231397342e-15
6021.88679245283,-6.48897717240969e-15
6022.037735849057,-1.2643508581416554e-14
6022.188679245283,6.0748247399753555e-15
6022.33962264151,-1.455264189656024e-14
6022.490566037736,-5.243396084067401e-17
6022.641509433963,-7.749814559395952e-15
6022.792452830188,-3.59191038204713e-15
6022.943396226415,-5.9509314380398664e-15
6023.094339622641,-6.5454859088524264e-15
6023.245283018868,-1.5934090431122223e-15
6023.396226415094,-9.944934697982063e-15
6023.547169811321,-1.215160544988671e-15
6023.698113207547,-7.566613185737212e-15
6023.8490566037735,-4.277238938255584e-15
6024.0,-5.669551700695368e-15
6024.1509433962265,-4.674759488347262e-15
6024.301886792453,-5.89040879348828e-15
6024.452830188679,-4.673538412754668e-15
6024.603773584906,-5.602682939149089e-15
6024.754716981132,-4.862816504278966e-15
6024.905660377359,-5.502261147852479e-15
6025.056603773585,-5.445513879341561e-15
6025.207547169812,-4.080452783732405e-15
6025.358490566037,-6.90436237134003e-15
6025.509433962264,-4.169434439304939e-15
6025.66037735849,-4.726268797561254e-15
6025.811320754717,-6.274041698186866e-15
6025.962264150943,-6.342243316595792e-15
6026.11320754717,2.8727189485987946e-16
6026.264150943396,-1.3954628794186443e-14
6026.415094339623,2.4085484220726247e-15
6026.566037735849,-7.548398692170476e-15
6026.7169811320755,-8.13826038674033e-15
6026.867924528302,-1.450697177324729e-15
6027.018867924528,-4.9044528527121035e-15
6027.169811320755,-1.0301846689606849e-14
6027.320754716981,6.979871015591375e-16
6027.471698113208,-7.098661003202282e-15
6027.622641509434,-8.318580575715759e-15
6027.773584905661,-5.075527791212109e-16
6027.924528301887,-7.167001918662532e-15
6028.075471698113,-7.215640084248073e-15
6028.226415094339,-1.2510045010483407e-15
6028.377358490566,-8.250480689348312e-15
6028.528301886792,-4.410495065269164e-15
6028.679245283019,-3.8418647918586095e-15
6028.830188679245,-7.720576485656489e-15
6028.981132075472,-2.711188116664915e-15
6029.132075471698,-6.6510772922189045e-15
6029.2830188679245,-4.552131274599754e-15
6029.433962264151,-6.566241425377947e-15
6029.584905660377,-1.1216975110884436e-15
6029.735849056604,-1.2577702680083164e-14
6029.88679245283,4.289682757349062e-15
6030.037735849057,-1.4424616265209895e-14
6030.188679245283,2.105377277610126e-15
6030.33962264151,-1.0299244405957715e-14
6030.490566037736,-1.02493686282029e-15
6030.641509433963,-9.862831377553865e-15
6030.792452830188,7.334720613468978e-16
6030.943396226415,-1.1534068276551493e-14
6031.094339622641,5.0715241374926134e-18
6031.245283018868,-8.15167399529688e-15
6031.396226415094,-3.194953347471285e-15
6031.547169811321,-9.139114595904833e-15
6031.698113207547,3.1383514140125717e-15
6031.8490566037735,-1.6722734405767864e-14
6032.0,5.30779213731168e-15
6032.1509433962265,-1.0239466192214745e-14
6032.301886792453,-5.847009257806925e-15
6032.452830188679,-2.7175793523242942e-15
6032.603773584906,-4.330104367726478e-15
6032.754716981132,-1.0962508364959259e-14
6032.905660377359,2.791380409763182e-15
6033.056603773585,-1.010237933776681e-14
6033.207547169812,-6.6982057758953836e-15
6033.358490566037,2.481616389880723e-15
6033.509433962264,-1.504864273192532e-14
6033.66037735849,2.6330141135966983e-15
6033.811320754717,-8.194023818042004e-15
6033.962264150943,-7.127709966392949e-15
6034.11320754717,9.366232729539907e-16
6034.264150943396,-1.3702052777911296e-14
6034.415094339623,3.774137734986634e-15
6034.566037735849,-1.2039867105155519e-14
6034.7169811320755,-1.5910197731993798e-15
6034.867924528302,-5.487820800116693e-15
6035.018867924528,-7.0187531132050426e-15
6035.169811320755,-1.3892419872559812e-15
6035.320754716981,-1.0685913626017715e-14
6035.471698113208,1.4681662822039853e-15
6035.622641509434,-1.0589289975211885e-14
6035.773584905661,-3.061006540513633e-15
6035.924528301887,-2.9759732300438776e-15
6036.075471698113,-1.0174696488977023e-14
6036.226415094339,6.245370715214796e-16
6036.377358490566,-9.727920999852524e-15
6036.528301886792,-2.184676086319026e-15
6036.679245283019,-6.761676019868679e-15
6036.830188679245,-3.76956561123969e-15
6036.981132075472,-7.041699063588879e-15
6037.132075471698,-2.0922516003379884e-15
6037.2830188679245,-8.699042662825774e-15
6037.433962264151,-2.194130899476988e-15
6037.584905660377,-6.170404478142218e-15
6037.735849056604,-5.294897135172237e-15
6037.88679245283,-6.033637388819861e-15
6038.037735849057,-4.698479584954316e-16
6038.188679245283,-1.3410121827561233e-14
6038.33962264151,3.648449165847148e-15
6038.490566037736,-9.405368221804851e-15
6038.641509433963,-8.005324313246804e-15
6038.792452830188,3.6633578824262175e-15
6038.943396226415,-1.4822884627010728e-14
6039.094339622641,1.3396542122800463e-15
6039.245283018868,-7.420969527415211e-15
6039.396226415094,-4.296094130520704e-15
6039.547169811321,-6.517604997977629e-15
6039.698113207547,-3.470167126585012e-15
6039.8490566037735,-4.17472375995954e-15
6040.0,-1.0131256895337669e-14
6040.1509433962265,3.100376937898456e-15
6040.301886792453,-1.3230864203633203e-14
6040.452830188679,7.397690359591599e-16
6040.603773584906,-8.470192544799076e-15
6040.754716981132,-1.9905924725145965e-15
6040.905660377359,-9.585419002032026e-15
6041.056603773585,8.707721115357906e-16
6041.207547169812,-1.031818738212188e-14
6041.358490566037,-2.1503972937337517e-15
6041.509433962264,-6.321297508116022e-15
6041.66037735849,-2.0050733211884776e-15
6041.811320754717,-1.2705405953215413e-14
6041.962264150943,6.5024051187929395e-15
6042.11320754717,-1.5742278364422538e-14
6042.264150943396,7.475675131182168e-17
6042.415094339623,-3.893295596231129e-15
6042.566037735849,-8.006626084171741e-15
6042.7169811320755,-5.698914366335102e-15
6042.867924528302,1.2792565741407686e-15
6043.018867924528,-1.364640781176863e-14
6043.169811320755,2.122013757957252e-16
6043.320754716981,-3.0316577773740272e-15
6043.471698113208,-1.3184246721716766e-14
6043.622641509434,4.630765062024908e-15
6043.773584905661,-1.1209817717090432e-14
6043.924528301887,-3.928636672132868e-15
6044.075471698113,-2.333942503167011e-15
6044.226415094339,-9.529570886342695e-15
6044.377358490566,1.3097697821129705e-15
6044.528301886792,-1.3672056159557723e-14
6044.679245283019,5.052488241289368e-15
6044.830188679245,-1.3252164150279421e-14
6044.981132075472,-8.553331635430533e-16
6045.132075471698,-5.876030241971977e-15
6045.2830188679245,-3.860698415989409e-15
6045.433962264151,-8.626818605054789e-15
6045.584905660377,1.4890767575962203e-16
6045.735849056604,-8.209052373068087e-15
6045.88679245283,-5.863503322604548e-15
6046.037735849057,-6.010378082771918e-16
6046.188679245283,-9.938938621861008e-15
6046.33962264151,-1.8570133352790725e-15
6046.490566037736,-5.580720036418746e-15
6046.641509433963,-5.5777878161795954e-15
6046.792452830188,-4.581480042942923e-15
6046.943396226415,-4.404501322512451e-15
6047.094339622641,-5.847097403585279e-15
6047.245283018868,-4.588707235198836e-15
6047.396226415094,-4.247789791284766e-15
6047.547169811321,-6.2489688371389455e-15
6047.698113207547,-3.813694211850775e-15
6047.8490566037735,-5.282385133843299e-15
6048.0,-5.026904193161158e-15
6048.1509433962265,-5.241780076794165e-15
6048.301886792453,-3.4426088751359495e-15
6048.452830188679,-7.247575666129615e-15
6048.603773584906,-2.944390972312116e-15
6048.754716981132,-5.3955302855285055e-15
6048.905660377359,-5.3996254912798556e-15
6049.056603773585,-5.589371967950234e-15
6049.207547169812,-8.649492540672988e-16
6049.358490566037,-1.2226934337907122e-14
6049.509433962264,3.003025973686761e-15
6049.66037735849,-9.422358718083696e-15
6049.811320754717,-6.30157868094324e-15
6049.962264150943,2.1841909385960803e-15
6050.11320754717,-1.4599107925132583e-14
6050.264150943396,3.4870625824058517e-15
6050.415094339623,-8.512555462050012e-15
6050.566037735849,-7.541009787368014e-15
6050.7169811320755,3.496549700903307e-15
6050.867924528302,-1.611674177081745e-14
6051.018867924528,5.247275257344408e-15
6051.169811320755,-1.02040711427613e-14
6051.320754716981,-5.525228716919828e-15
6051.471698113208,-1.6552585708299908e-16
6051.622641509434,-9.174519464168818e-15
6051.773584905661,-4.887839383483576e-15
6051.924528301887,5.649872328424976e-16
6052.075471698113,-1.257947651420566e-14
6052.226415094339,-2.1045619215576878e-16
6052.377358490566,-1.7402785983348403e-15
6052.528301886792,-1.596861300022141e-14
6052.679245283019,9.533564515837336e-15
6052.830188679245,-1.508258904902212e-14
6052.981132075472,-3.189430136518469e-15
6053.132075471698,2.279110877255383e-16
6053.2830188679245,-9.368262872059078e-15
6053.433962264151,-6.793126148975586e-15
6053.584905660377,2.8409389576508564e-15
6053.735849056604,-1.0529586184446655e-14
6053.88679245283,-8.225220260798352e-15
6054.037735849057,7.491051900936037e-15
6054.188679245283,-1.7721281556120302e-14
6054.33962264151,-7.696944574069986e-17
6054.490566037736,5.949639136121743e-16
6054.641509433963,-1.4013660425978159e-14
6054.792452830188,7.173926629319633e-17
6054.943396226415,-1.8366827215860123e-15
6055.094339622641,-1.2292000801878754e-14
6055.245283018868,1.7814476343266775e-15
6055.396226415094,-7.809209423797831e-15
6055.547169811321,-2.9812596291152305e-15
6055.698113207547,-9.111665761359564e-15
6055.8490566037735,3.5082819696405334e-15
6056.0,-1.4267425381080356e-14
6056.1509433962265,1.6130101514324502e-15
6056.301886792453,-4.937467573775212e-15
6056.452830188679,-1.0468385367413097e-14
6056.603773584906,4.123151900400515e-15
6056.754716981132,-1.2911150796833184e-14
6056.905660377359,-7.901552849019272e-16
6057.056603773585,-1.7453297865168854e-15
6057.207547169812,-1.499152872690612e-14
6057.358490566037,9.498422066731075e-15
6057.509433962264,-1.6216570007827796e-14
6057.66037735849,-1.9745913143462538e-15
6057.811320754717,2.0806879188061595e-15
6057.962264150943,-1.4854528252400524e-14
6058.11320754717,-4.697251121333916e-16
6058.264150943396,3.06443946480616e-15
6058.415094339623,-2.2511599091492904e-14
6058.566037735849,1.3918798817192356e-14
6058.7169811320755,-1.3216124355569039e-14
6058.867924528302,-1.0882558637573715e-14
6059.018867924528,1.0930318154964969e-14
6059.169811320755,-1.7844186538641682e-14
6059.320754716981,-3.113494773670322e-15
6059.471698113208,4.807543653531752e-15
6059.622641509434,-1.571988035812823e-14
6059.773584905661,-1.7635569365347886e-15
6059.924528301887,2.718017792622288e-15
6060.075471698113,-1.5875218584554325e-14
6060.226415094339,1.98761648060381e-15
6060.377358490566,-3.03475476584985e-15
6060.528301886792,-1.1533131872367683e-14
6060.679245283019,1.9803126482697337e-15
6060.830188679245,-7.650739558230947e-15
6060.981132075472,-4.256352804313668e-15
6061.132075471698,-5.42274371500755e-15
6061.2830188679245,-1.3812743684376198e-15
6061.433962264151,-9.386203046349472e-15
6061.584905660377,-8.640657954684503e-16
6061.735849056604,-5.724216754647007e-15
6061.88679245283,-4.697457026662697e-15
6062.037735849057,-6.652204437296382e-15
6062.188679245283,1.8282728112432707e-15
6062.33962264151,-1.3882762222007553e-14
6062.490566037736,3.4874398725912043e-15
6062.641509433963,-8.189307300269771e-15
6062.792452830188,-5.217997345002983e-15
6062.943396226415,-2.143586156017069e-15
6063.094339622641,-6.9736386750830044e-15
6063.245283018868,-1.738125728522277e-15
6063.396226415094,-8.955651188091379e-15
6063.547169811321,8.650745696111861e-16
6063.698113207547,-7.722596439545602e-15
6063.8490566037735,-7.577100223255896e-15
6064.0,6.0417365964434435e-15
6064.1509433962265,-1.937111923996085e-14
6064.301886792453,8.304637101418779e-15
6064.452830188679,-1.0440502885233871e-14
6064.603773584906,-5.3070618457841865e-15
6064.754716981132,-2.057320927043629e-15
6064.905660377359,-3.0189982106017536e-15
6065.056603773585,-1.1569306816639146e-14
6065.207547169812,4.78045402074701e-15
6065.358490566037,-1.0666365677038455e-14
6065.509433962264,-4.596920214027213e-15
6065.66037735849,7.448207713378905e-16
6065.811320754717,-1.0217341702747658e-14
6065.962264150943,-3.27868392385771e-15
6066.11320754717,8.614849599012119e-16
6066.264150943396,-1.3737477472839442e-14
6066.415094339623,3.2292181915768004e-15
6066.566037735849,-6.266384626590984e-15
6066.7169811320755,-8.252383088452912e-15
6066.867924528302,3.46693703531072e-16
6067.018867924528,-5.225337405414163e-15
6067.169811320755,-9.018356247937304e-15
6067.320754716981,2.1874464545163095e-15
6067.471698113208,-7.783453111317004e-15
6067.622641509434,-7.794323430657263e-15
6067.773584905661,4.871931985662692e-15
6067.924528301887,-1.537845729842511e-14
6068.075471698113,3.513602924691412e-15
6068.226415094339,-7.117130817599135e-15
6068.377358490566,-6.141352816938616e-15
6068.528301886792,-5.1818672626606513e-17
6068.679245283019,-1.0315458847597615e-14
6068.830188679245,2.6969480058983202e-15
6068.981132075472,-1.1797219627680749e-14
6069.132075471698,2.1000684814896e-15
6069.2830188679245,-9.405232920156355e-15
6069.433962264151,-3.111812728575368e-16
6069.584905660377,-7.85073479811255e-15
6069.735849056604,-2.143961012823743e-15
6069.88679245283,-4.217209742466364e-15
6070.037735849057,-6.914524308569047e-15
6070.188679245283,-7.116107475419985e-16
6070.33962264151,-7.603559394071917e-15
6070.490566037736,-1.69426306737888e-15
6070.641509433963,-7.003673143779686e-15
6070.792452830188,-1.8963491010270112e-15
6070.943396226415,-4.621934254759735e-15
6071.094339622641,-7.994045718816477e-15
6071.245283018868,2.484596701138052e-15
6071.396226415094,-1.0369391052083035e-14
6071.547169811321,-2.958812977158006e-15
6071.698113207547,-5.402058462003179e-16
6071.8490566037735,-9.43090301007884e-15
6072.0,-2.3085670985743423e-15
6072.1509433962265,-1.8493089283561873e-15
6072.301886792453,-8.27299782346407e-15
6072.452830188679,-2.976242981015408e-15
6072.603773584906,-7.154034525454163e-16
6072.754716981132,-1.1627633520127826e-14
6072.905660377359,4.0238110050585635e-15
6073.056603773585,-1.0836660390165002e-14
6073.207547169812,-5.917122648437336e-16
6073.358490566037,-5.49550961137509e-15
6073.509433962264,-3.287729207569768e-15
6073.66037735849,-7.722432795145744e-15
6073.811320754717,3.327463538415549e-15
6073.962264150943,-1.4362526986183714e-14
6074.11320754717,4.400220508516995e-15
6074.264150943396,-7.657268749335265e-15
6074.415094339623,-6.02372934362873e-15
6074.566037735849,-9.078119236842829e-16
6074.7169811320755,-4.5423598083084084e-15
6074.867924528302,-8.294196689885469e-15
6075.018867924528,1.8438875803551776e-15
6075.169811320755,-7.724335989601095e-15
6075.320754716981,-6.386034217911576e-15
6075.471698113208,3.898390979754609e-15
6075.622641509434,-1.532128422355245e-14
6075.773584905661,5.940952230345387e-15
6075.924528301887,-9.47596528090763e-15
6076.075471698113,-5.720816165188087e-15
6076.226415094339,3.81036372732434e-15
6076.377358490566,-1.522513554710743e-14
6076.528301886792,5.1539601874510885e-15
6076.679245283019,-7.598151384767241e-15
6076.830188679245,-7.16545524647522e-15
6076.981132075472,2.0202947588263547e-15
6077.132075471698,-8.109617465147547e-15
6077.2830188679245,-5.527437399233686e-15
6077.433962264151,1.424936892701378e-15
6077.584905660377,-9.03249015941139e-15
6077.735849056604,-4.014929875860801e-15
6077.88679245283,1.1223955753439192e-15
6078.037735849057,-1.1361898226657084e-14
6078.188679245283,1.5897972617915311e-15
6078.33962264151,-7.393052424609262e-15
6078.490566037736,-7.07264755867426e-16
6078.641509433963,-1.0062379045998678e-14
6078.792452830188,4.360093697713356e-15
6078.943396226415,-1.1956563578326617e-14
6079.094339622641,4.469074817425927e-16
6079.245283018868,-4.541419853287934e-15
6079.396226415094,-6.357804604153068e-15
6079.547169811321,5.023269118070893e-17
6079.698113207547,-9.540753027432963e-15
6079.8490566037735,2.201483183264707e-15
6080.0,-9.036421997180579e-15
6080.1509433962265,-2.344565006168864e-15
6080.301886792453,-1.6614489144060664e-15
6080.452830188679,-8.969264874707665e-15
6080.603773584906,1.3668774015988101e-15
6080.754716981132,-8.289653340401654e-15
6080.905660377359,-8.50730384223827e-16
6081.056603773585,-6.477821851121949e-15
6081.207547169812,-1.830157190012018e-15
6081.358490566037,-5.65409178656847e-15
6081.509433962264,-2.5652685999349496e-15
6081.66037735849,-5.836981683433292e-15
6081.811320754717,-9.014894368495125e-16
6081.962264150943,-7.468673365195273e-15
6082.11320754717,-2.0803784931360913e-15
6082.264150943396,-2.3571155756350318e-15
6082.415094339623,-8.194103846809719e-15
6082.566037735849,-2.527999829579828e-16
6082.7169811320755,-3.55723269834324e-15
6082.867924528302,-9.219329388186972e-15
6083.018867924528,4.318811378546952e-15
6083.169811320755,-1.1943363655429742e-14
6083.320754716981,2.192136798594058e-15
6083.471698113208,-8.39248962444614e-15
6083.622641509434,5.929084967098785e-16
6083.773584905661,-9.353656154834249e-15
6083.924528301887,2.2395667664870955e-15
6084.075471698113,-9.352517658273652e-15
6084.226415094339,3.629612430768482e-16
6084.377358490566,-7.868786950860443e-15
6084.528301886792,2.105376765835817e-15
6084.679245283019,-1.2879450155884677e-14
6084.830188679245,7.133163891117319e-15
6084.981132075472,-1.4302109145142908e-14
6085.132075471698,4.624689525857474e-15
6085.2830188679245,-1.0414006086757313e-14
6085.433962264151,1.8387481788748628e-15
6085.584905660377,-9.098512379241458e-15
6085.735849056604,1.290254862267124e-15
6085.88679245283,-8.63512259496099e-15
6086.037735849057,6.320547780599459e-16
6086.188679245283,-7.673660866306817e-15
6086.33962264151,-2.5648336619251483e-16
6086.490566037736,-7.094053614278905e-15
6086.641509433963,-7.978700140852689e-16
6086.792452830188,-6.1734255336962305e-15
6086.943396226415,-1.5860435542272078e-15
6087.094339622641,-6.158960581592922e-15
6087.245283018868,-1.2712333543312516e-15
6087.396226415094,-5.390393049197393e-15
6087.547169811321,-3.3504330906178368e-15
6087.698113207547,-3.537353254877823e-15
6087.8490566037735,-3.1886797452600705e-15
6088.0,-5.334145229613211e-15
6088.1509433962265,-2.4270990785060482e-15
6088.301886792453,-1.9665838272899956e-15
6088.452830188679,-1.043568248743378e-14
6088.603773584906,7.423961799699964e-15
6088.754716981132,-1.5093504516908365e-14
6088.905660377359,1.8828245790729532e-15
6089.056603773585,1.5612624831348118e-15
6089.207547169812,-1.9733843039038127e-14
6089.358490566037,1.730675299797218e-14
6089.509433962264,-2.062349236548471e-14
6089.66037735849,2.991426639761225e-15
6089.811320754717,3.2788201146355924e-16
6089.962264150943,-1.3543673468521434e-14
6090.11320754717,7.010236949107005e-15
6090.264150943396,-1.2470941053882296e-14
6090.415094339623,3.2530657558714655e-15
6090.566037735849,-8.102042814120021e-15
6090.7169811320755,-2.7186860613552137e-15
6090.867924528302,-1.0448881448336666e-15
6091.018867924528,-6.293365193075889e-15
6091.169811320755,-4.8159576580106576e-15
6091.320754716981,2.272078288193869e-15
6091.471698113208,-1.0199831836811289e-14
6091.622641509434,-8.114600873252935e-16
6091.773584905661,-1.4998043057068673e-15
6091.924528301887,-6.888099118016649e-15
6092.075471698113,-3.4839941202051864e-15
6092.226415094339,1.283359261305653e-15
6092.377358490566,-1.0869512666343263e-14
6092.528301886792,2.3019808005209344e-15
6092.679245283019,-5.621078296368411e-15
6092.830188679245,-3.663788581156381e-15
6092.981132075472,-4.988294707483347e-15
6093.132075471698,2.3733543190969264e-15
6093.2830188679245,-1.2687992074727244e-14
6093.433962264151,4.7830423670118e-15
6093.584905660377,-6.9349483177337824e-15
6093.735849056604,-5.317601455618898e-15
6093.88679245283,8.428188761364134e-16
6094.037735849057,-6.990761488420737e-15
6094.188679245283,-1.7389923903349474e-15
6094.33962264151,-4.5101207761150966e-15
6094.490566037736,-2.037911275474834e-15
6094.641509433963,-4.338265462604248e-15
6094.792452830188,-4.835304485303972e-15
6094.943396226415,6.702757704440523e-16
6095.094339622641,-8.100861943000205e-15
6095.245283018868,-1.3544248765147969e-15
6095.396226415094,-8.4741775666881235e-16
6095.547169811321,-1.014617693742664e-14
6095.698113207547,5.218556671373206e-15
6095.8490566037735,-1.0968306457588902e-14
6096.0,1.048462039989506e-15
6096.1509433962265,-4.497892411085031e-15
6096.301886792453,-2.989544210965199e-15
6096.452830188679,-7.173575783177425e-15
6096.603773584906,6.4203404026416866e-15
6096.754716981132,-1.675369955088051e-14
6096.905660377359,7.159814778543174e-15
6097.056603773585,-5.304063712221882e-15
6097.207547169812,-9.233767903965625e-15
6097.358490566037,3.3290714082414934e-15
6097.509433962264,-2.5898823566750966e-15
6097.66037735849,-1.4280167078551306e-14
6097.811320754717,1.4096982397085738e-14
6097.962264150943,-2.0487965905524156e-14
6098.11320754717,9.392155511048312e-15
6098.264150943396,-1.1403425807976218e-14
6098.415094339623,2.61846303651893e-15
6098.566037735849,-8.577213815190553e-15
6098.7169811320755,1.2406179698007598e-15
6098.867924528302,-6.023481233056891e-15
6099.018867924528,-2.120151653188538e-15
6099.169811320755,-3.92366229725671e-15
6099.320754716981,-2.3573816149958634e-15
6099.471698113208,-2.9589291234739777e-15
6099.622641509434,-7.237506206235575e-15
6099.773584905661,5.964778828689185e-15
6099.924528301887,-1.5958530856170984e-14
6100.075471698113,9.317780795128993e-15
6100.226415094339,-1.2409328244112911e-14
6100.377358490566,2.9591707411324416e-15
6100.528301886792,-9.373866946232426e-15
6100.679245283019,5.840299936220775e-15
6100.830188679245,-1.4489492507379768e-14
6100.981132075472,6.9776437232467184e-15
6101.132075471698,-8.794507638635664e-15
6101.2830188679245,-2.3740219347481454e-15
6101.433962264151,-1.3482181375952037e-15
6101.584905660377,-5.0465545670392274e-15
6101.735849056604,-1.769131494290143e-15
6101.88679245283,-4.4250645735578725e-15
6102.037735849057,-2.025046307764355e-15
6102.188679245283,-2.7020928457683296e-15
6102.33962264151,-5.352730998638424e-15
6102.490566037736,-1.544542015470033e-15
6102.641509433963,2.857486710093332e-16
6102.792452830188,-1.301112248077957e-14
6102.943396226415,9.615174021347955e-15
6103.094339622641,-1.124287880720617e-14
6103.245283018868,-4.523200654722268e-15
6103.396226415094,6.9826362368575845e-15
6103.547169811321,-1.5432417034513306e-14
6103.698113207547,5.63392260615317e-15
6103.8490566037735,-6.9061529234489345e-15
6104.0,1.6996910124224675e-16
6104.1509433962265,-1.0262977175146125e-14
6104.301886792453,8.66529017853305e-15
6104.452830188679,-1.4367228838469304e-14
6104.603773584906,2.468607162886268e-15
6104.754716981132,-1.3611818905739567e-15
6104.905660377359,-7.253299827701136e-15
6105.056603773585,-2.174875204956659e-15
6105.207547169812,2.1227120823995683e-15
6105.358490566037,-1.0623940875518251e-14
6105.509433962264,1.0054961448438227e-15
6105.66037735849,9.833610290997378e-16
6105.811320754717,-1.3587351260156053e-14
6105.962264150943,9.063514024964666e-15
6106.11320754717,-1.1212624257500612e-14
6106.264150943396,6.665698539540738e-16
6106.415094339623,-4.475009178755764e-15
6106.566037735849,-6.340031793135658e-16
6106.7169811320755,-5.72910780699395e-15
6106.867924528302,-1.9681622901469443e-15
6107.018867924528,4.732444134731875e-17
6107.169811320755,-9.047362873321226e-15
6107.320754716981,3.949835449019416e-15
6107.471698113208,-7.903561235590208e-15
6107.622641509434,-2.2693076119106197e-16
6107.773584905661,-4.1292073738893876e-15
6107.924528301887,-1.3859773225960343e-15
6108.075471698113,-5.220734090784443e-15
6108.226415094339,1.7390990034340202e-16
6108.377358490566,-5.538209343669672e-15
6108.528301886792,-1.0417794528337947e-15
6108.679245283019,-3.68733181295544e-15
6108.830188679245,-2.0448454333417368e-15
6108.981132075472,-4.320883523161978e-15
6109.132075471698,-1.4770022188043956e-16
6109.2830188679245,-5.821128793944697e-15
6109.433962264151,-6.660612633756174e-16
6109.584905660377,-3.1300722503129667e-15
6109.735849056604,-3.1091946256324285e-15
6109.88679245283,-4.194256080213956e-15
6110.037735849057,2.4218409864177737e-15
6110.188679245283,-1.075732240457544e-14
6110.33962264151,4.689573185214288e-15
6110.490566037736,-5.995482654112863e-15
6110.641509433963,-4.4914563825328325e-15
6110.792452830188,2.0546476321848773e-15
6110.943396226415,-7.280507593858379e-15
6111.094339622641,-1.783033440062366e-16
6111.245283018868,-3.3164935527055828e-15
6111.396226415094,-2.488570781943994e-15
6111.547169811321,-3.586780489337139e-15
6111.698113207547,-9.127150482490432e-16
6111.8490566037735,-4.425900650312892e-15
6112.0,-1.7013763859805031e-15
6112.1509433962265,-2.6099945739422357e-15
6112.301886792453,-2.886739366784898e-15
6112.452830188679,-3.214058115862858e-15
6112.603773584906,-7.049486079169222e-16
6112.754716981132,-5.0842632984338284e-15
6112.905660377359,-1.1557978012677645e-15
6113.056603773585,-2.0521331528287214e-15
6113.207547169812,-3.932034904957369e-15
6113.358490566037,-3.421475081660654e-15
6113.509433962264,2.6860932262306905e-15
6113.66037735849,-1.104997144099811e-14
6113.811320754717,4.745775552651118e-15
6113.962264150943,-4.507747321793828e-15
6114.11320754717,-6.058746913706839e-15
6114.264150943396,2.291177845090301e-15
6114.415094339623,-3.925774830345995e-15
6114.566037735849,-5.674638860055946e-15
6114.7169811320755,2.002030103422645e-15
6114.867924528302,-3.926442007064668e-15
6115.018867924528,-6.2529780755770656e-15
6115.169811320755,5.0922987519606765e-15
6115.320754716981,-1.0754482801081857e-14
6115.471698113208,3.853713595673959e-15
6115.622641509434,-5.91559049823564e-15
6115.773584905661,-1.0464753137411007e-15
6115.924528301887,-4.062846047290167e-15
6116.075471698113,1.9222915856252776e-15
6116.226415094339,-1.0621625454084486e-14
6116.377358490566,7.778226499183053e-15
6116.528301886792,-1.084133655954518e-14
6116.679245283019,1.3437647075575948e-15
6116.830188679245,-2.134848175708425e-15
6116.981132075472,-3.1847601704234393e-15
6117.132075471698,-4.134710536118943e-15
6117.2830188679245,1.88616928912956e-15
6117.433962264151,-7.062582127729152e-15
6117.584905660377,1.2984072419548352e-15
6117.735849056604,-5.319457083499248e-15
6117.88679245283,3.0461793601350525e-16
6118.037735849057,-3.5864429791549906e-15
6118.188679245283,-4.242078553090566e-15
6118.33962264151,2.4805007111115364e-15
6118.490566037736,-7.150580449161294e-15
6118.641509433963,-5.335597543567043e-16
6118.792452830188,-9.005139000474811e-16
6118.943396226415,-4.026398246849395e-15
6119.094339622641,-3.2245166246045014e-15
6119.245283018868,1.811911356091982e-15
6119.396226415094,-8.150208224698612e-15
6119.547169811321,4.437076071335398e-15
6119.698113207547,-1.0305094258549268e-14
6119.8490566037735,7.528248173313123e-15
6120.0,-1.208979570818355e-14
6120.1509433962265,3.922178875872833e-15
6120.301886792453,-1.5787935823511146e-15
6120.452830188679,-9.223958818872839e-15
6120.603773584906,6.750613468916939e-15
6120.754716981132,-8.139590274320255e-15
6120.905660377359,-1.0675184175309436e-15
6121.056603773585,-8.102080247839312e-16
6121.207547169812,-2.7392048701137107e-15
6121.358490566037,-3.207235178010732e-15
6121.509433962264,-2.4454316532095915e-15
6121.66037735849,3.363334226604731e-15
6121.811320754717,-1.4153303143039667e-14
6121.962264150943,1.3139235794470983e-14
6122.11320754717,-1.5193751419440498e-14
6122.264150943396,4.771461858118598e-15
6122.415094339623,-3.0728348485747664e-15
6122.566037735849,-3.7376779517071936e-15
6122.7169811320755,-1.4523941132865187e-15
6122.867924528302,-5.565567135306546e-16
6123.018867924528,-4.8008258782432e-15
6123.169811320755,2.2946711891767947e-16
6123.320754716981,-3.5905895527790835e-15
6123.471698113208,-5.426015932383898e-16
6123.622641509434,-4.542520286703857e-15
6123.773584905661,1.3322901228136073e-15
6123.924528301887,-5.390505998937185e-15
6124.075471698113,4.133203937357036e-16
6124.226415094339,-3.845500604440058e-15
6124.377358490566,3.5337780848352257e-16
6124.528301886792,-5.939966933238379e-15
6124.679245283019,3.001224056907191e-15
6124.830188679245,-6.3378620021629884e-15
6124.981132075472,2.9779033610433885e-16
6125.132075471698,-3.1952843882789873e-15
6125.2830188679245,1.2876579256512085e-15
6125.433962264151,-9.884632773820046e-15
6125.584905660377,9.678641410819408e-15
6125.735849056604,-1.2897078832078115e-14
6125.88679245283,3.766166087313181e-15
6126.037735849057,-1.7213805217238625e-15
6126.188679245283,-4.182860667738415e-15
6126.33962264151,-2.787423414243194e-15
6126.490566037736,3.891566751113914e-15
6126.641509433963,-9.944233663468152e-15
6126.792452830188,4.523751069961556e-15
6126.943396226415,-6.007555850463603e-15
6127.094339622641,2.4585915330071607e-15
6127.245283018868,-8.035637398238692e-15
6127.396226415094,3.4798106257138023e-15
6127.547169811321,-1.6586086607227831e-15
6127.698113207547,-8.94178773978784e-15
6127.8490566037735,7.211997682002812e-15
6128.0,-4.888377930110127e-15
6128.1509433962265,-9.52850454370077e-15
6128.301886792453,1.4498478712386067e-14
6128.452830188679,-1.9621673166353566e-14
6128.603773584906,1.0654933460983556e-14
6128.754716981132,-6.81792996249154e-15
6128.905660377359,-9.568113367200497e-16
6129.056603773585,-3.7379665947031864e-15
6129.207547169812,3.825488910292807e-15
6129.358490566037,-7.979657136101683e-15
6129.509433962264,-1.573848744203864e-15
6129.66037735849,8.577277388013472e-15
6129.811320754717,-1.9995194998114487e-14
6129.962264150943,1.543987855862716e-14
6130.11320754717,-8.655846843053333e-15
6130.264150943396,-7.543504665175524e-15
6130.415094339623,1.1004071537251035e-14
6130.566037735849,-1.1904428635088623e-14
6130.7169811320755,2.734850995475463e-16
6130.867924528302,3.1791604050478106e-15
6131.018867924528,-7.711830250852378e-15
6131.169811320755,1.3466399221387506e-15
6131.320754716981,-2.1537770243139843e-15
6131.471698113208,-3.2905125719254146e-17
6131.622641509434,-7.54797727345389e-15
6131.773584905661,8.765276622428887e-15
6131.924528301887,-1.4084806118213901e-14
6132.075471698113,9.796699681901773e-15
6132.226415094339,-1.0308108278550227e-14
6132.377358490566,4.427422210077123e-15
6132.528301886792,-5.272532222977198e-15
6132.679245283019,-1.2467693022898643e-15
6132.830188679245,2.9100122621018447e-15
6132.981132075472,-1.0212726789444746e-14
6133.132075471698,6.5508038056991074e-15
6133.2830188679245,-2.6642941600400223e-15
6133.433962264151,-1.0512251753065855e-14
6133.584905660377,1.339307070354964e-14
6133.735849056604,-1.341064533655908e-14
6133.88679245283,4.613625436110014e-16
6134.037735849057,5.226319161547542e-15
6134.188679245283,-9.138125284186386e-15
6134.33962264151,-3.8934014044515377e-16
6134.490566037736,5.0359044312285046e-15
6134.641509433963,-1.1360864580342264e-14
6134.792452830188,7.221607786914796e-15
6134.943396226415,-7.455782145352664e-15
6135.094339622641,1.8669315315304058e-15
6135.245283018868,-1.405688704811638e-15
6135.396226415094,-5.86517688911905e-15
6135.547169811321,6.394635880330001e-15
6135.698113207547,-9.700028699985717e-15
6135.8490566037735,4.945013227382331e-15
6136.0,-6.077218577447465e-15
6136.1509433962265,2.858786375490742e-15
6136.301886792453,-4.686625282679824e-15
6136.452830188679,-2.3713146852162037e-15
6136.603773584906,7.163325049741227e-15
6136.754716981132,-1.677166126819871e-14
6136.905660377359,1.468402971636832e-14
6137.056603773585,-9.488072708240506e-15
6137.207547169812,-6.033104623343214e-15
6137.358490566037,1.3145452402751581e-14
6137.509433962264,-1.6282135317281868e-14
6137.66037735849,5.028332081085815e-15
6137.811320754717,3.3723844693141436e-15
6137.962264150943,-1.1679973160504543e-14
6138.11320754717,5.827242516922909e-15
6138.264150943396,1.1825008075633568e-15
6138.415094339623,-1.3267244306056297e-14
6138.566037735849,1.4178002333646461e-14
6138.7169811320755,-1.2512058682972075e-14
6138.867924528302,1.7250062175987099e-15
6139.018867924528,1.7613168496133861e-15
6139.169811320755,-3.810146370923406e-15
6139.320754716981,-4.257102142617241e-15
6139.471698113208,6.9005515744586255e-15
6139.622641509434,-9.005820519397344e-15
6139.773584905661,9.219276361957763e-16
6139.924528301887,2.5740352367761448e-15
6140.075471698113,-5.9771353547341065e-15
6140.226415094339,-7.536947093955329e-16
6140.377358490566,3.645748506686966e-15
6140.528301886792,-7.214184620015426e-15
6140.679245283019,1.0642021726777878e-15
6140.830188679245,2.1661419635974698e-15
6140.981132075472,-7.59167454502472e-15
6141.132075471698,4.554258441666797e-15
6141.2830188679245,-3.972945519766671e-15
6141.433962264151,-4.386643664034373e-16
6141.584905660377,-1.6226497477992407e-15
6141.735849056604,3.907176327808208e-16
6141.88679245283,-3.0623450427570668e-15
6142.037735849057,-8.306721104742621e-18
6142.188679245283,-5.925272843947083e-16
6142.33962264151,-2.3733747479823325e-15
6142.490566037736,-5.108439622272679e-16
6142.641509433963,-9.1204177228815e-17
6142.792452830188,-2.3312872014963076e-15
6142.943396226415,-1.937085006220044e-15
6143.094339622641,3.533631620013721e-15
6143.245283018868,-7.979523179402832e-15
6143.396226415094,5.0507041132954694e-15
6143.547169811321,-3.559065692377688e-15
6143.698113207547,-2.0835066345898685e-15
6143.8490566037735,2.0344139960011666e-15
6144.0,-4.4596134709239905e-15
6144.1509433962265,2.464432536566313e-15
6144.301886792453,-3.693710465763958e-15
6144.452830188679,-7.637320932463033e-16
6144.603773584906,3.0589044238311823e-15
6144.754716981132,-8.184352410838017e-15
6144.905660377359,5.464450739773136e-15
6145.056603773585,-2.2742604061144367e-15
6145.207547169812,-4.979881973733022e-15
6145.358490566037,4.3639381508972054e-15
6145.509433962264,-2.3141252229606897e-15
6145.66037735849,-4.591076115947934e-15
6145.811320754717,4.257954618892001e-15
6145.962264150943,-2.3042329702282035e-15
6146.11320754717,-5.24632908984972e-15
6146.264150943396,6.854338106386948e-15
6146.415094339623,-7.426769601665254e-15
6146.566037735849,2.1178493416436524e-15
6146.7169811320755,-1.518258532611401e-15
6146.867924528302,8.510089943148618e-16
6147.018867924528,-4.9027623313625186e-15
6147.169811320755,3.2962970606558555e-15
6147.320754716981,-8.05253773208108e-16
6147.471698113208,-6.377921253740281e-15
6147.622641509434,6.636466231285589e-15
6147.773584905661,-3.156275542520541e-15
6147.924528301887,-7.988102190138736e-15
6148.075471698113,1.4053281293336634e-14
6148.226415094339,-1.5353957596594307e-14
6148.377358490566,5.581032768702203e-15
6148.528301886792,3.565633728906511e-15
6148.679245283019,-1.0852375323618069e-14
6148.830188679245,7.48899418924381e-15
6148.981132075472,-2.3757487698923097e-15
6149.132075471698,-4.5712251188286536e-15
6149.2830188679245,4.78721275033457e-15
6149.433962264151,-5.459153411464656e-15
6149.584905660377,4.3020563664778735e-15
6149.735849056604,-7.74946038406739e-15
6149.88679245283,8.08226281080362e-15
6150.037735849057,-7.38445063803132e-15
6150.188679245283,-3.445425530549974e-16
6150.33962264151,6.799847009952982e-15
6150.490566037736,-1.219637862835637e-14
6150.641509433963,8.629469610753889e-15
6150.792452830188,-2.772711014863445e-15
6150.943396226415,-5.294974611897101e-15
6151.094339622641,6.296473327739749e-15
6151.245283018868,-4.703222945224885e-15
6151.396226415094,-2.9603104337436683e-16
6151.547169811321,-5.649213369603588e-16
6151.698113207547,3.68075893221806e-15
6151.8490566037735,-9.83004414101765e-15
6152.0,9.204095625295466e-15
6152.1509433962265,-4.192460942516874e-15
6152.301886792453,-6.079620076690285e-15
6152.452830188679,1.1136766267889239e-14
6152.603773584906,-1.1370221083381032e-14
6152.754716981132,4.083648300849454e-15
6152.905660377359,1.7157415729424775e-15
6153.056603773585,-5.899382568832407e-15
6153.207547169812,4.011777752818206e-15
6153.358490566037,-2.374955459995943e-15
6153.509433962264,-1.5675894459691251e-16
6153.66037735849,-9.584766686997158e-16
6153.811320754717,1.0386964918974634e-15
6153.962264150943,-2.3609932155426333e-15
6154.11320754717,9.78516792794355e-16
6154.264150943396,-9.627475728163119e-16
6154.415094339623,-3.149360946333766e-16
6154.566037735849,-7.182437849122512e-16
6154.7169811320755,3.928003867845324e-16
6154.867924528302,-1.400127753932478e-15
6155.018867924528,4.1688875057060073e-16
6155.169811320755,-7.556957183269575e-16
6155.320754716981,-2.5444841897307987e-16
6155.471698113208,-4.807584051492608e-16
6155.622641509434,-3.462890367922445e-17
6155.773584905661,-8.076566959351812e-16
6155.924528301887,1.341700803777046e-16
6156.075471698113,-6.368706865244106e-16
6156.226415094339,-2.2634330526496974e-16
6156.377358490566,-1.863273764553124e-16
6156.528301886792,-5.152882449558096e-16
6156.679245283019,-1.6617814595888997e-16
6156.830188679245,-1.572781163338239e-16
6156.981132075472,-5.811519759162768e-16
6157.132075471698,-1.464496333592718e-16
6157.2830188679245,2.7084964986298474e-16
6157.433962264151,-1.4909219051899753e-15
6157.584905660377,1.0765746984680828e-15
6157.735849056604,-6.42991274055243e-16
6157.88679245283,-9.764332701532023e-16
6158.037735849057,3.676093017390001e-16
6158.188679245283,1.5756437704776774e-15
6158.33962264151,-5.251806500004418e-15
6158.490566037736,6.384018674686863e-15
6158.641509433963,-5.250722849026186e-15
6158.792452830188,1.8978999734994074e-15
6158.943396226415,-4.838799953994224e-16
6159.094339622641,6.427190065668869e-16
6159.245283018868,-1.8908113244269042e-15
6159.396226415094,1.8544989282509326e-16
6159.547169811321,4.246763483831796e-15
6159.698113207547,-1.028720726563949e-14
6159.8490566037735,1.310753244203438e-14
6160.0,-1.1440872595088218e-14
6160.1509433962265,5.556038996744519e-15
6160.301886792453,1.6812121772060097e-16
6160.452830188679,-3.432036315789203e-15
6160.603773584906,2.960148961878079e-15
6160.754716981132,-1.0851396608964453e-15
6160.905660377359,-6.372601051017526e-16
6161.056603773585,7.120467520306204e-16
6161.207547169812,-1.0453325981625597e-17
6161.358490566037,-8.175543951645231e-16
6161.509433962264,7.695969401820227e-16
6161.66037735849,-1.5018634321191036e-16
6161.811320754717,-6.126678021876517e-16
6161.962264150943,7.370247513500389e-16
6162.11320754717,-4.511488206927645e-17
6162.264150943396,-9.918872120505772e-16
6162.415094339623,1.522520895158216e-15
6162.566037735849,-7.239905315011473e-16
6162.7169811320755,-7.377604870793499e-16
6162.867924528302,1.4522555035699043e-15
6163.018867924528,4.124718576856242e-16
6163.169811320755,-3.9115714982459886e-15
6163.320754716981,6.877285166160001e-15
6163.471698113208,-6.217309925306415e-15
6163.622641509434,2.4484249491978684e-15
6163.773584905661,2.606937430220248e-15
6163.924528301887,-5.3219031445728785e-15
6164.075471698113,5.451122751005082e-15
6164.226415094339,-3.288027795758629e-15
6164.377358490566,1.7063516214816012e-15
6164.528301886792,-8.295960050176992e-16
6164.679245283019,1.5198264522079189e-15
6164.830188679245,-1.7658591556291081e-15
6164.981132075472,2.1013937909888617e-15
6165.132075471698,-1.260704330823184e-15
6165.2830188679245,1.0095392691579582e-15
6165.433962264151,-3.8933899445142604e-16
6165.584905660377,9.47121370443445e-16
6165.735849056604,-9.191691429766663e-16
6165.88679245283,1.5333781665284628e-15
6166.037735849057,-9.451722119582596e-16
6166.188679245283,9.673144815775927e-16
6166.33962264151,-1.4209731190321018e-16
6166.490566037736,6.141911445981523e-16
6166.641509433963,-5.026209326360352e-16
6166.792452830188,1.4663639392939475e-15
6166.943396226415,-1.026970683523148e-15
6167.094339622641,1.1091684046781806e-15
6167.245283018868,1.280453853869418e-16
6167.396226415094,2.0454527933302782e-16
6167.547169811321,-2.2142167420673747e-16
6167.698113207547,1.925310405047138e-15
6167.8490566037735,-1.8401427511973018e-15
6168.0,1.6156941414126504e-15
6168.1509433962265,8.307552475673522e-16
6168.301886792453,-9.60672138348326e-16
6168.452830188679,-2.203719609957762e-16
6168.603773584906,4.830017078290676e-15
6168.754716981132,-7.058726718282852e-15
6168.905660377359,6.972766637465498e-15
6169.056603773585,-1.6939730895818752e-15
6169.207547169812,-2.7616980138060234e-15
6169.358490566037,6.1859920033541646e-15
6169.509433962264,-4.602877135170143e-15
6169.66037735849,3.1436018079993897e-15
6169.811320754717,-1.1240626748473533e-15
6169.962264150943,2.7331744242902983e-15
6170.11320754717,-3.1526708405308835e-15
6170.264150943396,3.828706205420892e-15
6170.415094339623,-9.675020951048119e-16
6170.566037735849,3.6123566798683083e-16
6170.7169811320755,-9.180755798379083e-16
6170.867924528302,6.239973896439417e-15
6171.018867924528,-9.099870726220828e-15
6171.169811320755,9.516919820808001e-15
6171.320754716981,-3.2390365962064812e-15
6171.471698113208,-1.7564001327875426e-15
6171.622641509434,4.6542230996071666e-15
6171.773584905661,-1.2818605769540914e-16
6171.924528301887,-4.165278584575458e-15
6172.075471698113,7.529504639923209e-15
6172.226415094339,-3.5168550759108e-15
6172.377358490566,-1.4558255181484644e-15
6172.528301886792,7.52580329002783e-15
6172.679245283019,-6.832484558122828e-15
6172.830188679245,3.732021235673004e-15
6172.981132075472,3.3455962463912403e-15
6173.132075471698,-5.576601393147194e-15
6173.2830188679245,5.495097314180655e-15
6173.433962264151,4.685839876793339e-16
6173.584905660377,-4.0034665697460706e-15
6173.735849056604,7.287397502804353e-15
6173.88679245283,-5.101704842997695e-15
6174.037735849057,4.3370150783878986e-15
6174.188679245283,-1.7440357636182794e-15
6174.33962264151,3.010715471452761e-15
6174.490566037736,-2.1046539723349936e-15
6174.641509433963,3.4474552633798606e-15
6174.792452830188,-1.5016450605781145e-15
6174.943396226415,2.2508350404716598e-15
6175.094339622641,-7.03999927671199e-16
6175.245283018868,2.4216736563649734e-15
6175.396226415094,-1.2985760705602865e-15
6175.547169811321,2.643217973321066e-15
6175.698113207547,-7.449458798537189e-16
6175.8490566037735,1.8506608530686798e-15
6176.0,-4.011471169419142e-16
6176.1509433962265,2.274182963035615e-15
6176.301886792453,-1.0364878307981142e-15
6176.452830188679,2.4421399484499253e-15
6176.603773584906,-4.334633854858726e-16
6176.754716981132,1.6652617810853537e-15
6176.905660377359,-2.320692954757729e-16
6177.056603773585,2.3728956679845664e-15
6177.207547169812,-1.160639752102205e-15
6177.358490566037,2.5921015595355907e-15
6177.509433962264,-2.48619760029283e-16
6177.66037735849,1.4199331375217726e-15
6177.811320754717,-1.3158330793589057e-16
6177.962264150943,2.982715730753354e-15
6178.11320754717,-2.1374628571555077e-15
6178.264150943396,3.317898530179403e-15
6178.415094339623,2.044132535949229e-16
6178.566037735849,4.389166298893951e-16
6178.7169811320755,-2.521685751886533e-16
6178.867924528302,6.12173501198478e-15
6179.018867924528,-7.92912962493007e-15
6179.169811320755,9.50893332443642e-15
6179.320754716981,-2.931661935883422e-15
6179.471698113208,-1.4258250960234816e-15
6179.622641509434,6.495917812670917e-15
6179.773584905661,-2.639297106408826e-15
6179.924528301887,-5.670512268288596e-16
6180.075471698113,6.2622166656660645e-15
6180.226415094339,-3.874661563842566e-15
6180.377358490566,2.016739711783668e-15
6180.528301886792,3.946648259944616e-15
6180.679245283019,-4.219337188962744e-15
6180.830188679245,7.248417223779583e-15
6180.981132075472,-6.296578487707089e-15
6181.132075471698,9.15624154502334e-15
6181.2830188679245,-6.281080363613816e-15
6181.433962264151,5.164387406419329e-15
6181.584905660377,1.14458469082707e-15
6181.735849056604,-2.20537902356124e-15
6181.88679245283,5.121531422183237e-15
6182.037735849057,-1.9379140432954195e-15
6182.188679245283,2.463332613204351e-15
6182.33962264151,7.595696486514777e-16
6182.490566037736,1.1343201056035228e-15
6182.641509433963,7.065408586904828e-16
6182.792452830188,2.141051095874684e-15
6182.943396226415,-5.872625408647755e-16
6183.094339622641,2.961996887453237e-15
6183.245283018868,5.914722474668924e-17
6183.396226415094,8.066112439514254e-16
6183.547169811321,2.0376130130196087e-15
6183.698113207547,1.88523183800787e-15
6183.8490566037735,-3.104956188489153e-15
6184.0,8.421298515925257e-15
6184.1509433962265,-5.948028820007291e-15
6184.301886792453,4.44834823732265e-15
6184.452830188679,3.370398875425114e-15
6184.603773584906,-4.833102461485105e-15
6184.754716981132,7.203219154906147e-15
6184.905660377359,-1.1949543378745368e-15
6185.056603773585,-8.743837397841819e-16
6185.207547169812,5.479929159633707e-15
6185.358490566037,-1.6434191654063779e-15
6185.509433962264,7.103297573420622e-16
6185.66037735849,4.736710393351085e-15
6185.811320754717,-4.031814318548014e-15
6185.962264150943,8.301911876407918e-15
6186.11320754717,-8.179672375074473e-15
6186.264150943396,1.2262485368927681e-14
6186.415094339623,-8.063962291063735e-15
6186.566037735849,5.727068651709836e-15
6186.7169811320755,1.8275148045012615e-15
6186.867924528302,-4.885386580730832e-16
6187.018867924528,8.297122935490803e-17
6187.169811320755,6.566292987143266e-15
6187.320754716981,-4.948976392361479e-15
6187.471698113208,4.583572687672469e-15
6187.622641509434,2.802199891509036e-15
6187.773584905661,-3.2938237762196966e-15
6187.924528301887,6.300286512774596e-15
6188.075471698113,-1.920723402374147e-15
6188.226415094339,2.7020584135036755e-15
6188.377358490566,1.308726924565043e-15
6188.528301886792,1.0676173265347867e-15
6188.679245283019,1.2775321487307452e-15
6188.830188679245,2.5457374615629874e-15
6188.981132075472,-4.724716851803389e-16
6189.132075471698,2.4485189211752308e-15
6189.2830188679245,3.246016292537507e-15
6189.433962264151,-3.8610312816384e-15
6189.584905660377,8.120859926480182e-15
6189.735849056604,-2.374250193144803e-15
6189.88679245283,-1.5605819819397072e-15
6190.037735849057,1.19380755150465e-14
6190.188679245283,-1.2497813799570298e-14
6190.33962264151,1.241100156411016e-14
6190.490566037736,-1.897633001093932e-15
6190.641509433963,-1.6640164927274475e-15
6190.792452830188,5.381918761736671e-15
6190.943396226415,2.506126241783841e-15
6191.094339622641,-4.9103936563552266e-15
6191.245283018868,8.420033489959523e-15
6191.396226415094,-4.639433549341425e-17
6191.547169811321,-3.5287791920708304e-15
6191.698113207547,8.889315741862981e-15
6191.8490566037735,-2.1200105632698574e-15
6192.0,-7.67228628824589e-16
6192.1509433962265,6.619301771803849e-15
6192.301886792453,-1.0223637982127689e-16
6192.452830188679,-4.3651335112567266e-15
6192.603773584906,1.43782190667709e-14
6192.754716981132,-1.3072945132960642e-14
6192.905660377359,1.2689231964337351e-14
6193.056603773585,-3.679589892179577e-15
6193.207547169812,2.7089624966777293e-15
6193.358490566037,1.7233818384939356e-15
6193.509433962264,1.7994452158230775e-15
6193.66037735849,1.5785011526244388e-15
6193.811320754717,1.4685342325086752e-15
6193.962264150943,2.636361815157565e-16
6194.11320754717,6.911989565503676e-15
6194.264150943396,-7.269191982990282e-15
6194.415094339623,1.048035543540016e-14
6194.566037735849,-2.3515626766565225e-15
6194.7169811320755,-3.4012887247323165e-16
6194.867924528302,6.1694884088644366e-15
6195.018867924528,2.3069189121525044e-16
6195.169811320755,-2.449402807651967e-15
6195.320754716981,8.973775720452352e-15
6195.471698113208,-2.901268707125469e-15
6195.622641509434,-9.051696788997918e-16
6195.773584905661,1.1600170450417366e-14
6195.924528301887,-1.068274412045508e-14
6196.075471698113,1.0738075720837068e-14
6196.226415094339,-6.024084035345917e-16
6196.377358490566,-1.3080595187502107e-15
6196.528301886792,6.512571248432758e-15
6196.679245283019,-1.7402402391229951e-15
6196.830188679245,3.885641169707849e-15
6196.981132075472,-4.666810942787012e-16
6197.132075471698,5.096012468010054e-15
6197.2830188679245,-1.5160152492238212e-15
6197.433962264151,3.491152098776911e-15
6197.584905660377,1.5766850656956587e-15
6197.735849056604,3.3616722520802625e-15
6197.88679245283,-3.861471538794274e-15
6198.037735849057,1.1335976171248389e-14
6198.188679245283,-7.304467811977146e-15
6198.33962264151,5.952065690657466e-15
6198.490566037736,3.771436456269697e-15
6198.641509433963,-2.2450481386654335e-15
6198.792452830188,2.8910821476293732e-15
6198.943396226415,6.17513488453293e-15
6199.094339622641,-5.142126779695332e-15
6199.245283018868,6.398176861239586e-15
6199.396226415094,3.89386287864761e-15
6199.547169811321,-6.611340043461622e-15
6199.698113207547,1.327146786708749e-14
6199.8490566037735,-7.372038982007033e-15
6200.0,5.613222448054804e-15
6200.1509433962265,4.762100723396645e-15
6200.301886792453,-5.9064758035747165e-15
6200.452830188679,1.1944140103757815e-14
6200.603773584906,-7.064687723775082e-15
6200.754716981132,7.314711119659827e-15
6200.905660377359,1.9677473905929668e-15
6201.056603773585,-3.426530064157061e-15
6201.207547169812,1.0690533996251639e-14
6201.358490566037,-6.133471849545549e-15
6201.509433962264,5.195677081274867e-15
6201.66037735849,6.299989674139535e-15
6201.811320754717,-8.82267622065052e-15
6201.962264150943,1.4979990796222828e-14
6202.11320754717,-7.980584042971544e-15
6202.264150943396,6.810607634184645e-15
6202.415094339623,6.656040028856642e-16
6202.566037735849,3.5158586402555576e-15
6202.7169811320755,-1.491322496201761e-15
6202.867924528302,7.081547472016878e-15
6203.018867924528,-2.846667301722449e-15
6203.169811320755,5.677394393247155e-15
6203.320754716981,2.708704781679025e-16
6203.471698113208,2.1150617160910954e-15
6203.622641509434,2.978307037220239e-15
6203.773584905661,1.7450230152894878e-15
6203.924528301887,9.36584322107149e-16
6204.075471698113,3.912496519985551e-15
6204.226415094339,2.4159556056590447e-15
6204.377358490566,-3.12550697510975e-15
6204.528301886792,1.2702038906284949e-14
6204.679245283019,-1.0742386937971958e-14
6204.830188679245,1.2543631153209035e-14
6204.981132075472,-2.491927155897159e-15
6205.132075471698,1.2005558442816553e-15
6205.2830188679245,5.766278818875769e-15
6205.433962264151,-1.0195642970996858e-15
6205.584905660377,3.7673007298614154e-15
6205.735849056604,1.3609149553529243e-15
6205.88679245283,3.4469000846907756e-15
6206.037735849057,2.429976148029623e-16
6206.188679245283,4.015414194929769e-15
6206.33962264151,1.2086567650334388e-15
6206.490566037736,2.835843124437462e-15
6206.641509433963,5.612973116152154e-16
6206.792452830188,5.745100604485224e-15
6206.943396226415,-2.1484703442816087e-15
6207.094339622641,5.1037621624761456e-15
6207.245283018868,1.9986785486193785e-15
6207.396226415094,2.2821046099577463e-15
6207.547169811321,-2.631279274593722e-15
6207.698113207547,1.5288163555003443e-14
6207.8490566037735,-1.6425030787454427e-14
6208.0,1.9009549943466534e-14
6208.1509433962265,-5.134575377446208e-15
6208.301886792453,-1.4341469823782545e-15
6208.452830188679,1.278589110635929e-14
6208.603773584906,-8.692273667628594e-15
6208.754716981132,1.0243419932761075e-14
6208.905660377359,-2.815770241240603e-15
6209.056603773585,5.962019745838353e-15
6209.207547169812,2.8309524854289115e-16
6209.358490566037,1.5353153693799158e-15
6209.509433962264,5.882741524967571e-15
6209.66037735849,-1.51742185408272e-15
6209.811320754717,3.319418962682021e-15
6209.962264150943,5.583116307977585e-15
6210.11320754717,-3.679955092444951e-15
6210.264150943396,8.545054379172708e-15
6210.415094339623,-2.1531424640179223e-15
6210.566037735849,5.1265531467267375e-15
6210.7169811320755,5.394598147093475e-16
6210.867924528302,4.008408704044522e-15
6211.018867924528,8.848008186188247e-16
6211.169811320755,3.707806517117523e-15
6211.320754716981,1.1486633572387543e-15
6211.471698113208,3.842014447847947e-15
6211.622641509434,1.0084760370630483e-15
6211.773584905661,3.086545686216877e-15
6211.924528301887,3.0573458385050193e-15
6212.075471698113,1.0443985239369492e-15
6212.226415094339,3.0226570343844438e-15
6212.377358490566,3.788925099254634e-15
6212.528301886792,3.202919068069785e-16
6212.679245283019,2.1623984115674592e-15
6212.830188679245,7.666121109262707e-15
6212.981132075472,-6.330159096155257e-15
6213.132075471698,9.93118994849648e-15
6213.2830188679245,9.472243260919492e-16
6213.433962264151,-1.7133145814058089e-15
6213.584905660377,7.255886606928385e-15
6213.735849056604,2.663566422794468e-15
6213.88679245283,-3.147605946373161e-15
6214.037735849057,8.650227894007524e-15
6214.188679245283,1.6618502915374918e-15
6214.33962264151,-2.7815046910899067e-15
6214.490566037736,9.04952842337097e-15
6214.641509433963,7.354008621702829e-16
6214.792452830188,-1.5387837775583316e-15
6214.943396226415,7.776121514326495e-15
6215.094339622641,2.136641371376413e-15
6215.245283018868,-3.2778345704122333e-15
6215.396226415094,1.0292303220746616e-14
6215.547169811321,-1.2723790336974391e-15
6215.698113207547,7.753291455474738e-16
6215.8490566037735,6.38251148206237e-15
6216.0,2.1634602147327665e-15
6216.1509433962265,-2.8025762376173886e-15
6216.301886792453,1.1758297787453128e-14
6216.452830188679,-6.196895435970355e-15
6216.603773584906,8.355642548283523e-15
6216.754716981132,-4.2627212178130624e-16
6216.905660377359,5.140613765827852e-15
6217.056603773585,-1.10174814579932e-15
6217.207547169812,7.453222047960988e-15
6217.358490566037,-1.8652237335003688e-15
6217.509433962264,5.6614209276430345e-15
6217.66037735849,8.385288707540869e-16
6217.811320754717,4.671657607969595e-15
6217.962264150943,-7.732880268006757e-16
6218.11320754717,7.193397694508194e-15
6218.264150943396,-1.2594926096874569e-15
6218.415094339623,4.564421062347279e-15
6218.566037735849,2.1024508919686248e-15
6218.7169811320755,4.754423410036624e-15
6218.867924528302,-3.3033057182579415e-15
6219.018867924528,1.1984015297318923e-14
6219.169811320755,-6.162628308958568e-15
6219.320754716981,7.183905026698096e-15
6219.471698113208,3.690648446225101e-15
6219.622641509434,-1.3720095948217997e-15
6219.773584905661,6.371621787843941e-15
6219.924528301887,1.5005586923085428e-15
6220.075471698113,2.0549301516377593e-15
6220.226415094339,3.5067343430051077e-15
6220.377358490566,3.0528184053459065e-15
6220.528301886792,1.7169605236852084e-15
6220.679245283019,3.275122645633746e-15
6220.830188679245,3.464144905712546e-15
6220.981132075472,1.3612487442141019e-15
6221.132075471698,3.6176338525272316e-15
6221.2830188679245,3.1519578820658607e-15
6221.433962264151,1.8582295992671355e-15
6221.584905660377,2.777663915070407e-15
6221.735849056604,4.412676816819053e-15
6221.88679245283,6.815400930616312e-16
6222.037735849057,3.2889513191012548e-15
6222.188679245283,4.661612206953656e-15
6222.33962264151,7.868238637267499e-16
6222.490566037736,1.2816094743995154e-15
6222.641509433963,9.56214502155931e-15
6222.792452830188,-5.956110570605982e-15
6222.943396226415,6.768440061156043e-15
6223.094339622641,9.341951452214012e-15
6223.245283018868,-1.344341305804426e-14
6223.396226415094,2.1525864928946087e-14
6223.547169811321,-9.13522217069416e-15
6223.698113207547,3.6695025369357184e-15
6223.8490566037735,1.0635535437148711e-14
6224.0,-6.914931057612532e-15
6224.1509433962265,9.41310539262107e-15
6224.301886792453,3.169995449120325e-16
6224.452830188679,4.182712140831198e-15
6224.603773584906,6.830897219325812e-17
6224.754716981132,7.37364900924986e-15
6224.905660377359,-1.0184927807779823e-15
6225.056603773585,4.197335951643647e-15
6225.207547169812,3.5195934188097373e-15
6225.358490566037,3.665256305158402e-15
6225.509433962264,-2.0782602612650465e-15
6225.66037735849,1.1517177036073224e-14
6225.811320754717,-5.19130562530284e-15
6225.962264150943,6.250806178520862e-15
6226.11320754717,5.475252666112771e-15
6226.264150943396,-2.771863374567321e-15
6226.415094339623,7.879487994427568e-15
6226.566037735849,8.310886159336255e-16
6226.7169811320755,3.1637477533820954e-15
6226.867924528302,2.237107191846555e-15
6227.018867924528,5.614610127049384e-15
6227.169811320755,-7.569090429789871e-16
6227.320754716981,5.4754891794261545e-15
6227.471698113208,3.0021075795689686e-15
6227.622641509434,1.912794217695672e-15
6227.773584905661,1.5621307113482777e-15
6227.924528301887,9.22961694773966e-15
6228.075471698113,-6.457309211396725e-15
6228.226415094339,1.0859224427933826e-14
6228.377358490566,6.502253755047861e-16
6228.528301886792,4.3426249370735105e-16
6228.679245283019,6.022361119280043e-15
6228.830188679245,3.567834138758587e-15
6228.981132075472,-1.029753822736696e-15
6229.132075471698,7.332985082519534e-15
6229.2830188679245,1.0304318506398e-15
6229.433962264151,3.0815084151802146e-15
6229.584905660377,3.1061674194059284e-15
6229.735849056604,3.3150530732528592e-15
6229.88679245283,4.179517908016477e-15
6230.037735849057,-1.5069165887730971e-15
6230.188679245283,1.0914172256550587e-14
6230.33962264151,-5.419120993769808e-15
6230.490566037736,9.047479647254276e-15
6230.641509433963,3.2059720822794707e-16
6230.792452830188,5.071583241925472e-15
6230.943396226415,-1.7637736834074442e-15
6231.094339622641,1.2169616553078346e-14
6231.245283018868,-7.74786671522977e-15
6231.396226415094,1.0522563755837447e-14
6231.547169811321,3.368451913368907e-15
6231.698113207547,-4.8863249707609076e-15
6231.8490566037735,1.3729493497083221e-14
6232.0,-3.1454158449996045e-15
6232.1509433962265,1.0358115037864165e-15
6232.301886792453,1.1891766779941652e-14
6232.452830188679,-7.369461845652906e-15
6232.603773584906,1.1315600208770075e-14
6232.754716981132,-1.7478531353330991e-15
6232.905660377359,5.3980053305174994e-15
6233.056603773585,2.8064215710694927e-15
6233.207547169812,2.1253991572964742e-15
6233.358490566037,4.277239305526786e-15
6233.509433962264,3.2508734964742537e-15
6233.66037735849,2.2660886581223284e-15
6233.811320754717,1.4535012785125837e-15
6233.962264150943,1.2031199344153238e-14
6234.11320754717,-1.470868289652824e-14
6234.264150943396,2.639399826428691e-14
6234.415094339623,-1.764276150101464e-14
6234.566037735849,1.4487143092060074e-14
6234.7169811320755,3.5722850580756705e-15
6234.867924528302,-5.6801063289640156e-15
6235.018867924528,1.463071836936863e-14
6235.169811320755,-5.456630737506161e-15
6235.320754716981,6.1217492446253746e-15
6235.471698113208,5.865404152948791e-15
6235.622641509434,-2.20105333693158e-15
6235.773584905661,7.31938273731749e-15
6235.924528301887,3.29731555604617e-15
6236.075471698113,-1.1596681713018243e-15
6236.226415094339,9.493305523367384e-15
6236.377358490566,-2.0772689863627388e-15
6236.528301886792,6.247795037604612e-15
6236.679245283019,1.7475852493654434e-15
6236.830188679245,4.806015986787481e-15
6236.981132075472,7.788652936414102e-16
6237.132075471698,5.806002395185599e-15
6237.2830188679245,2.1817404449783215e-15
6237.433962264151,2.1236560640418675e-15
6237.584905660377,5.23359152588737e-15
6237.735849056604,2.9525230207558403e-15
6237.88679245283,8.592902675798774e-16
6238.037735849057,5.780699163398665e-15
6238.188679245283,5.71220982700378e-15
6238.33962264151,-7.268864165194754e-15
6238.490566037736,1.9314389965853373e-14
6238.641509433963,-1.0773208919300598e-14
6238.792452830188,8.247403094897621e-15
6238.943396226415,9.211910332829792e-15
6239.094339622641,-9.701740289160428e-15
6239.245283018868,1.774701081922533e-14
6239.396226415094,-8.946666228034763e-15
6239.547169811321,1.2144730910734538e-14
6239.698113207547,-1.9792109484035415e-15
6239.8490566037735,5.385548170193243e-15
6240.0,2.814016899030912e-15
6240.1509433962265,5.39151068935194e-15
6240.301886792453,-3.661532604182485e-15
6240.452830188679,1.6382541748382987e-14
6240.603773584906,-1.3219390191649516e-14
6240.754716981132,1.7714989192111926e-14
6240.905660377359,-3.3976096455728077e-15
6241.056603773585,7.981160559486945e-16
6241.207547169812,1.1363376542210082e-14
6241.358490566037,-2.957364286891043e-15
6241.509433962264,1.6914614664231982e-15
6241.66037735849,1.4175814307423724e-14
6241.811320754717,-1.1976624029117025e-14
6241.962264150943,1.582449854960546e-14
6242.11320754717,-1.4449863727129979e-15
6242.264150943396,1.7639831802770244e-15
6242.415094339623,5.345635847489e-15
6242.566037735849,6.535425774505568e-15
6242.7169811320755,-5.2088211014926226e-15
6242.867924528302,1.2374736774362569e-14
6243.018867924528,-4.830748764457749e-16
6243.169811320755,1.1133085733509697e-15
6243.320754716981,7.50122883008145e-15
6243.471698113208,2.854079472637782e-15
6243.622641509434,-1.3491351880686663e-15
6243.773584905661,1.0254391158916508e-14
6243.924528301887,-6.674373380668052e-16
6244.075471698113,2.000320090409118e-15
6244.226415094339,9.215553926104952e-15
6244.377358490566,-3.4196215716152565e-15
6244.528301886792,7.930348704974126e-15
6244.679245283019,2.786392783164124e-15
6244.830188679245,9.945561813341815e-16
6244.981132075472,5.814199218404566e-15
6245.132075471698,4.758797389642781e-15
6245.2830188679245,-2.963353708557978e-15
6245.433962264151,1.1674270239639314e-14
6245.584905660377,-5.766382094875089e-16
6245.735849056604,-7.47069409106358e-16
6245.88679245283,1.3876351520798825e-14
6246.037735849057,-7.108611501211327e-15
6246.188679245283,9.473269112952293e-15
6246.33962264151,1.0203465202227459e-15
6246.490566037736,7.009463348350998e-15
6246.641509433963,-4.087621650405257e-15
6246.792452830188,1.208624667620113e-14
6246.943396226415,3.1255706102513464e-16
6247.094339622641,-3.0613731962121192e-15
6247.245283018868,1.7375600788974606e-14
6247.396226415094,-1.0927902264358933e-14
6247.547169811321,1.2483712001392645e-14
6247.698113207547,8.783467024692675e-16
6247.8490566037735,2.2173200893522698e-15
6248.0,6.153993747138279e-15
6248.1509433962265,-1.1670195241448136e-16
6248.301886792453,8.09912534607944e-15
6248.452830188679,-9.108148487506007e-16
6248.603773584906,5.258358123989283e-15
6248.754716981132,5.970632856910966e-15
6248.905660377359,-2.557416647265693e-15
6249.056603773585,1.0604900029352467e-14
6249.207547169812,-2.1432710681162373e-15
6249.358490566037,6.754977798640448e-15
6249.509433962264,1.7188517376048816e-15
6249.66037735849,5.606609654471798e-15
6249.811320754717,-1.3246677876640843e-16
6249.962264150943,8.492430683701345e-15
6250.11320754717,-1.3051532741231256e-15
6250.264150943396,6.58325946752028e-15
6250.415094339623,2.3213007366365345e-15
6250.566037735849,4.9936089133932904e-15
6250.7169811320755,-1.2713326509803192e-15
6250.867924528302,1.2745668070329253e-14
6251.018867924528,-7.503057941096611e-15
6251.169811320755,1.1879403636875013e-14
6251.320754716981,1.611314853411284e-17
6251.471698113208,4.802349696073478e-15
6251.622641509434,-1.8723223670746545e-16
6251.773584905661,1.1703486801570554e-14
6251.924528301887,-6.544255767816866e-15
6252.075471698113,1.1702527349956367e-14
6252.226415094339,-1.3006439870813163e-15
6252.377358490566,6.171496930603614e-15
6252.528301886792,3.097228772172243e-15
6252.679245283019,-7.27592769499921e-16
6252.830188679245,1.459001483455048e-14
6252.981132075472,-1.0917832836051331e-14
6253.132075471698,1.2938462575310644e-14
6253.2830188679245,6.746485285525846e-15
6253.433962264151,-1.1542882906261392e-14
6253.584905660377,2.1421755852476266e-14
6253.735849056604,-6.0126479571149944e-15
6253.88679245283,-3.903209677224364e-17
6254.037735849057,1.6904546742680355e-14
6254.188679245283,-1.167176797408699e-14
6254.33962264151,1.474253590550189e-14
6254.490566037736,-2.2756671822148712e-15
6254.641509433963,6.537339819270645e-15
6254.792452830188,6.226430738068411e-16
6254.943396226415,7.981169542702605e-15
6255.094339622641,-1.958080885934918e-15
6255.245283018868,9.095847811565338e-15
6255.396226415094,-2.7760744894312055e-16
6255.547169811321,4.598672858740427e-15
6255.698113207547,5.36320076224436e-15
6255.8490566037735,1.0088148287425185e-15
6256.0,4.464350627415099e-15
6256.1509433962265,5.68221074751439e-15
6256.301886792453,-6.212171611658388e-16
6256.452830188679,8.91787053545962e-15
6256.603773584906,-3.161227711681725e-15
6256.754716981132,1.3125905829332542e-14
6256.905660377359,-8.296180823377643e-15
6257.056603773585,1.4735149481806237e-14
6257.207547169812,-2.506083807888139e-15
6257.358490566037,3.134385975587241e-15
6257.509433962264,7.977623583023794e-15
6257.66037735849,6.786014496776979e-16
6257.811320754717,1.7549631495758313e-15
6257.962264150943,8.61056726955167e-15
6258.11320754717,1.262330516528282e-15
6258.264150943396,-9.022184358629712e-16
6258.415094339623,1.2835411054634487e-14
6258.566037735849,-2.084779399724956e-15
6258.7169811320755,-1.1523411016143186e-15
6258.867924528302,1.7707199269139418e-14
6259.018867924528,-1.0245774570318626e-14
6259.169811320755,7.84542117420664e-15
6259.320754716981,9.971107068641681e-15
6259.471698113208,-4.615749370617659e-15
6259.622641509434,3.902324077406571e-15
6259.773584905661,1.380184402042973e-14
6259.924528301887,-1.0282699372204367e-14
6260.075471698113,1.2548326632424254e-14
6260.226415094339,2.8575604703852558e-15
6260.377358490566,7.811757416453952e-16
6260.528301886792,3.695193213908525e-15
6260.679245283019,8.727461962257512e-15
6260.830188679245,-3.223279529958211e-15
6260.981132075472,7.589382113134182e-15
6261.132075471698,4.660783993188212e-15
6261.2830188679245,-9.208613126838378e-16
6261.433962264151,9.783968659778056e-15
6261.584905660377,-2.9779249051038693e-15
6261.735849056604,1.0415524517929033e-14
6261.88679245283,-2.0080327158563143e-15
6262.037735849057,6.550212927917427e-15
6262.188679245283,4.557279986960969e-15
6262.33962264151,-1.2381556522177894e-16
6262.490566037736,8.3255248681108e-15
6262.641509433963,5.775400889645553e-17
6262.792452830188,5.70561201797547e-15
6262.943396226415,2.6437850123425264e-15
6263.094339622641,4.64757975176467e-15
6263.245283018868,2.4700988444474485e-15
6263.396226415094,4.840490801258029e-15
6263.547169811321,2.9451235958356366e-15
6263.698113207547,4.285368749191652e-15
6263.8490566037735,2.6183821818647017e-15
6264.0,5.232232203019641e-15
6264.1509433962265,2.9267330485361167e-15
6264.301886792453,2.060129301922347e-15
6264.452830188679,8.178187440285578e-15
6264.603773584906,-1.9098068388335953e-15
6264.754716981132,7.0257997409898105e-15
6264.905660377359,5.992023705882552e-15
6265.056603773585,-5.20559539702055e-15
6265.207547169812,1.652104647407659e-14
6265.358490566037,-7.440627685602291e-15
6265.509433962264,7.633582702613447e-15
6265.66037735849,9.236597893486547e-15
6265.811320754717,-8.64623956379964e-15
6265.962264150943,1.644281613817717e-14
6266.11320754717,-2.2628800578246523e-15
6266.264150943396,-1.4214301819407148e-15
6266.415094339623,1.927795309457925e-14
6266.566037735849,-1.6622929241467438e-14
6266.7169811320755,2.062061374650978e-14
6266.867924528302,-3.2059425909671487e-15
6267.018867924528,-5.009049069993794e-16
6267.169811320755,1.429747774052957e-14
6267.320754716981,-6.0868256292549725e-15
6267.471698113208,8.233221852627254e-15
6267.622641509434,4.1555490168257425e-15
6267.773584905661,1.3920303816517795e-15
6267.924528301887,6.03149851249199e-15
6268.075471698113,8.282927396504224e-16
6268.226415094339,7.88442414720588e-15
6268.377358490566,4.667061758112622e-16
6268.528301886792,1.8889134068857396e-15
6268.679245283019,1.23985428205416e-14
6268.830188679245,-7.798580158827315e-15
6268.981132075472,1.042996172417927e-14
6269.132075471698,7.2044188520673e-15
6269.2830188679245,-8.523152424013019e-15
6269.433962264151,1.7874589827825286e-14
6269.584905660377,-5.882696779739847e-15
6269.735849056604,8.269095397627486e-15
6269.88679245283,-1.0305531655719577e-15
6270.037735849057,1.4185204732191496e-14
6270.188679245283,-1.187136049853663e-14
6270.33962264151,1.7463144463720304e-14
6270.490566037736,-8.011609226222602e-16
6270.641509433963,-1.3213233363831449e-15
6270.792452830188,1.069373174434112e-14
6270.943396226415,4.5454588525327355e-15
6271.094339622641,-8.632758087739242e-15
6271.245283018868,2.2931765003578277e-14
6271.396226415094,-1.3518544082453912e-14
6271.547169811321,1.346735019079617e-14
6271.698113207547,6.613601581434493e-16
6271.8490566037735,4.696721540560147e-15
6272.0,1.6926230326682598e-15
6272.1509433962265,6.958198502804101e-15
6272.301886792453,4.501394057465984e-16
6272.452830188679,6.936045905130145e-15
6272.603773584906,3.456105146846788e-16
6272.754716981132,6.443977165303416e-15
6272.905660377359,3.746220005968029e-15
6273.056603773585,2.44244084618169e-16
6273.207547169812,8.560211566079413e-15
6273.358490566037,1.529625813205764e-15
6273.509433962264,1.061095786462168e-15
6273.66037735849,9.60227665062137e-15
6273.811320754717,-2.302734947545721e-16
6273.962264150943,9.684668088722891e-16
6274.11320754717,1.4102416846309655e-14
6274.264150943396,-9.735405078379323e-15
6274.415094339623,1.3397855240642576e-14
6274.566037735849,2.276732069638622e-15
6274.7169811320755,-1.2216994239727333e-15
6274.867924528302,8.83940234125173e-15
6275.018867924528,3.712553620835393e-15
6275.169811320755,-4.0563834058293924e-16
6275.320754716981,6.000777117355187e-15
6275.471698113208,8.778697637097474e-15
6275.622641509434,-8.198573663568261e-15
6275.773584905661,1.7411098214123693e-14
6275.924528301887,-6.917585175835136e-15
6276.075471698113,1.1092930360943625e-14
6276.226415094339,-3.127756899825402e-15
6276.377358490566,1.2178271290032068e-14
6276.528301886792,-5.277215859206568e-15
6276.679245283019,1.1169953043183654e-14
6276.830188679245,-1.5198011856171369e-15
6276.981132075472,8.350873610156303e-15
6277.132075471698,-8.209423497138056e-16
6277.2830188679245,5.692630883644277e-15
6277.433962264151,8.47587947393612e-15
6277.584905660377,-8.223473426197991e-15
6277.735849056604,1.774989386877373e-14
6277.88679245283,-5.0662473060582864e-15
6278.037735849057,4.96309185572967e-15
6278.188679245283,5.2628849231992246e-15
6278.33962264151,7.040046381239835e-15
6278.490566037736,-7.353295551038567e-15
6278.641509433963,1.8595111684559266e-14
6278.792452830188,-7.675025302145373e-15
6278.943396226415,7.694199827417588e-15
6279.094339622641,5.59292748762356e-15
6279.245283018868,1.1595064234940736e-15
6279.396226415094,3.2677812293386208e-15
6279.547169811321,7.267401614009369e-15
6279.698113207547,1.3464186409356987e-16
6279.8490566037735,4.9199683540388405e-15
6280.0,4.489757186768981e-15
6280.1509433962265,4.359342763777159e-15
6280.301886792453,-1.0223250563449257e-15
6280.452830188679,1.2066549321163381e-14
6280.603773584906,-4.202222258785374e-15
6280.754716981132,7.29628619354764e-15
6280.905660377359,5.61915498705749e-15
6281.056603773585,-1.1691530499398124e-15
6281.207547169812,8.307174496468784e-15
6281.358490566037,1.3806172833560936e-15
6281.509433962264,4.376885257769967e-15
6281.66037735849,3.3627775273967395e-15
6281.811320754717,4.797386257768856e-15
6281.962264150943,2.2580860572363815e-15
6282.11320754717,4.9606651633127664e-15
6282.264150943396,3.102271733673493e-15
6282.415094339623,4.16939875753611e-15
6282.566037735849,3.06764094426397e-15
6282.7169811320755,4.695413808591282e-15
6282.867924528302,2.9336154527585533e-15
6283.018867924528,4.168378529491183e-15
6283.169811320755,3.3324830341317114e-15
6283.320754716981,4.824321716447735e-15
6283.471698113208,1.9047984626639635e-15
6283.622641509434,5.353911788934695e-15
6283.773584905661,3.571341644452852e-15
6283.924528301887,2.7380696908467175e-15
6284.075471698113,3.573870483613241e-15
6284.226415094339,7.718755643781783e-15
6284.377358490566,-4.062479775037922e-15
6284.528301886792,1.1595203063310085e-14
6284.679245283019,1.0279309813006535e-15
6284.830188679245,-1.1546289178207826e-15
6284.981132075472,1.3800003621192132e-14
6285.132075471698,-6.0413040102917064e-15
6285.2830188679245,8.800042136845714e-15
6285.433962264151,4.404792976081809e-15
6285.584905660377,-1.116995489960734e-15
6285.735849056604,1.072207144227787e-14
6285.88679245283,-3.666022869929024e-15
6286.037735849057,1.0005227107768247e-14
6286.188679245283,-5.885297802199561e-16
6286.33962264151,6.91082277940375e-15
6286.490566037736,-3.2531704290840143e-17
6286.641509433963,8.257085940232074e-15
6286.792452830188,1.1700165448480743e-15
6286.943396226415,6.851300221230052e-16
6287.094339622641,1.3228979310891935e-14
6287.245283018868,-8.585301748147382e-15
6287.396226415094,1.2690145618546156e-14
6287.547169811321,2.7057456798840093e-15
6287.698113207547,-3.1649944839432547e-15
6287.8490566037735,1.404842941981349e-14
6288.0,-4.240311838744303e-15
6288.1509433962265,5.906703340136025e-15
6288.301886792453,6.80626575638896e-15
6288.452830188679,-1.5278039650105508e-15
6288.603773584906,8.155008705249018e-15
6288.754716981132,1.1705836691468324e-15
6288.905660377359,5.068379454585532e-15
6289.056603773585,2.4621279149754554e-15
6289.207547169812,5.331202777717056e-15
6289.358490566037,2.0252132207910597e-15
6289.509433962264,5.058131269477205e-15
6289.66037735849,2.8001951484434154e-15
6289.811320754717,4.453140623927612e-15
6289.962264150943,2.8890572775316343e-15
6290.11320754717,4.647584010432371e-15
6290.264150943396,2.8078555180077857e-15
6290.415094339623,4.468264534873907e-15
6290.566037735849,3.058442594439766e-15
6290.7169811320755,4.358425190174332e-15
6290.867924528302,3.0127917475903477e-15
6291.018867924528,4.381653799165225e-15
6291.169811320755,3.1181421455824616e-15
6291.320754716981,4.2219746828465496e-15
6291.471698113208,3.149180264702238e-15
6291.622641509434,4.35799326672393e-15
6291.773584905661,2.9981779210368264e-15
6291.924528301887,4.309620802004938e-15
6292.075471698113,3.2497499723181873e-15
6292.226415094339,4.081355409998857e-15
6292.377358490566,3.1770662929765442e-15
6292.528301886792,4.459696335354682e-15
6292.679245283019,2.79511759853404e-15
6292.830188679245,4.4583196881695014e-15
6292.981132075472,3.235121375672274e-15
6293.132075471698,3.968145027607495e-15
6293.2830188679245,3.1819342926453437e-15
6293.433962264151,4.7901402633771105e-15
6293.584905660377,2.058756069313503e-15
6293.735849056604,5.226878410742481e-15
6293.88679245283,2.9544650853096872e-15
6294.037735849057,3.5904767258386235e-15
6294.188679245283,3.3798219596536895e-15
6294.33962264151,6.076883557728334e-15
6294.490566037736,-1.3297695544407885e-15
6294.641509433963,9.881352992960583e-15
6294.792452830188,-1.6723578271963325e-15
6294.943396226415,7.326836914392867e-15
6295.094339622641,1.2526008348072045e-15
6295.245283018868,5.202879365671921e-15
6295.396226415094,3.50139784412553e-15
6295.547169811321,2.169574575046676e-15
6295.698113207547,5.9426207467430065e-15
6295.8490566037735,2.151315190567933e-15
6296.0,4.113615063094056e-15
6296.1509433962265,2.1522898085440856e-15
6296.301886792453,9.7023358049884e-15
6296.452830188679,-8.693536673184568e-15
6296.603773584906,2.0048240689765967e-14
6296.754716981132,-1.1110001869913491e-14
6296.905660377359,1.1621686530737667e-14
6297.056603773585,3.1156484787431603e-15
6297.207547169812,1.3975429319667447e-15
6297.358490566037,2.4200078910711138e-15
6297.509433962264,1.1339863282388412e-14
6297.66037735849,-7.736180563723304e-15
6297.811320754717,1.2104988778160368e-14
6297.962264150943,3.7654312234062595e-15
6298.11320754717,-5.148213474445721e-15
6298.264150943396,1.4774774946268363e-14
6298.415094339623,-1.269367382746508e-15
6298.566037735849,-1.9041118533354784e-15
6298.7169811320755,1.6318740136472583e-14
6298.867924528302,-8.697680507810573e-15
6299.018867924528,1.09003267463996e-14
6299.169811320755,-3.67919431733298e-16
6299.320754716981,9.7006156210226e-15
6299.471698113208,-6.8826132681651855e-15
6299.622641509434,1.4878706303497312e-14
6299.773584905661,-2.079466785457903e-15
6299.924528301887,1.4399736556401588e-15
6300.075471698113,9.172816108817253e-15
6300.226415094339,2.334602108893471e-15
6300.377358490566,-2.8758311063750195e-15
6300.528301886792,1.3307416977614627e-14
6300.679245283019,7.831961241720325e-17
6300.830188679245,-4.850474168928866e-15
6300.981132075472,2.062326914740729e-14
6301.132075471698,-1.1545962267617074e-14
6301.2830188679245,8.263496156230798e-15
6301.433962264151,9.451833979963516e-15
6301.584905660377,-5.346777661965607e-15
6301.735849056604,8.418289192319804e-15
6301.88679245283,3.828675023926918e-15
6302.037735849057,3.0257979046708746e-15
6302.188679245283,2.1960620928094056e-16
6302.33962264151,9.938541886613454e-15
6302.490566037736,-1.6456915782748257e-16
6302.641509433963,-1.5616547983528104e-16
6302.792452830188,1.447130803117049e-14
6302.943396226415,-8.839636790617882e-15
6303.094339622641,1.126454841444943e-14
6303.245283018868,2.8219859245025004e-15
6303.396226415094,7.106390615832465e-16
6303.547169811321,3.950091308767862e-15
6303.698113207547,1.0453307275696114e-14
6303.8490566037735,-1.0875681345390854e-14
6304.0,2.1350418906286908e-14
6304.1509433962265,-1.1294807330417366e-14
6304.301886792453,1.1033336937785343e-14
6304.452830188679,3.559852210997476e-15
6304.603773584906,5.570925092713984e-16
6304.754716981132,3.582091595688081e-15
6304.905660377359,9.799934369925838e-15
6305.056603773585,-6.896197288435618e-15
6305.207547169812,1.2336782645112361e-14
6305.358490566037,1.4065465295795768e-15
6305.509433962264,-6.148076646718293e-16
6305.66037735849,8.532547128307778e-15
6305.811320754717,3.588115932990456e-15
6305.962264150943,-2.2171293775816068e-15
6306.11320754717,9.561449473032893e-15
6306.264150943396,4.4757862816869806e-15
6306.415094339623,-7.239606090524768e-15
6306.566037735849,2.0217024161967486e-14
6306.7169811320755,-1.1251867297327627e-14
6306.867924528302,1.0564392240961264e-14
6307.018867924528,4.460326233940876e-15
6307.169811320755,-7.808319724442247e-16
6307.320754716981,5.804459730563742e-15
6307.471698113208,5.943136779747804e-15
6307.622641509434,-2.3139441560722074e-15
6307.773584905661,8.547022983214848e-15
6307.924528301887,4.310357851765597e-15
6308.075471698113,-6.370512276667903e-15
6308.226415094339,2.1864923149681142e-14
6308.377358490566,-1.821954331763967e-14
6308.528301886792,2.099394777360634e-14
6308.679245283019,-3.3692651260158605e-15
6308.830188679245,-1.719965669350666e-15
6308.981132075472,1.6058384300190457e-14
6309.132075471698,-7.380750042470045e-15
6309.2830188679245,4.317238035343821e-15
6309.433962264151,1.5290773484928468e-14
6309.584905660377,-1.59281111613737e-14
6309.735849056604,2.15512926642321e-14
6309.88679245283,-6.879382420676325e-15
6310.037735849057,6.87579641337415e-15
6310.188679245283,9.272034265063143e-16
6310.33962264151,1.0505183169717168e-14
6310.490566037736,-7.60408932880519e-15
6310.641509433963,1.3568111404982255e-14
6310.792452830188,-1.722834682927091e-15
6310.943396226415,5.075491598668315e-15
6311.094339622641,7.286815302374462e-16
6311.245283018868,9.992505890970392e-15
6311.396226415094,-4.46387625848079e-15
6311.547169811321,7.98612876154736e-15
6311.698113207547,4.164969766944325e-15
6311.8490566037735,7.997662464977227e-16
6312.0,2.880906319651344e-15
6312.1509433962265,9.13092392718556e-15
6312.301886792453,-4.212135366062506e-15
6312.452830188679,8.023423629225353e-15
6312.603773584906,4.3136271469095936e-15
6312.754716981132,-9.067644199978758e-16
6312.905660377359,7.204948841205407e-15
6313.056603773585,2.65216234119101e-15
6313.207547169812,2.0414537728854033e-15
6313.358490566037,4.578302958557024e-15
6313.509433962264,3.4181866965406093e-15
6313.66037735849,4.058234240725473e-15
6313.811320754717,-3.7836163032248585e-16
6313.962264150943,1.0658958548056261e-14
6314.11320754717,-4.481990996101985e-15
6314.264150943396,8.209249059712545e-15
6314.415094339623,3.472376657534855e-15
6314.566037735849,-2.6448748419982697e-16
6314.7169811320755,7.700426725077207e-15
6314.867924528302,1.0130742047492662e-15
6315.018867924528,3.0078577010891554e-15
6315.169811320755,5.746762120005977e-15
6315.320754716981,7.928437454590741e-16
6315.471698113208,4.580974175178026e-15
6315.622641509434,4.022472299061925e-15
6315.773584905661,2.510861945568861e-15
6315.924528301887,1.527520125572414e-15
6316.075471698113,9.834769760594263e-15
6316.226415094339,-6.248324421669694e-15
6316.377358490566,1.1757605440537644e-14
6316.528301886792,1.7715186220099656e-16
6316.679245283019,1.3488126019745124e-15
6316.830188679245,6.473342627917666e-15
6316.981132075472,3.7401891031311324e-15
6317.132075471698,-1.6371894862602956e-15
6317.2830188679245,9.942379475493931e-15
6317.433962264151,-5.904985296955246e-16
6317.584905660377,2.4677263522354825e-15
6317.735849056604,8.093816079625707e-15
6317.88679245283,-2.4567211055584133e-15
6318.037735849057,7.129324410686336e-15
6318.188679245283,3.56501796158237e-15
6318.33962264151,-1.0159390112322625e-15
6318.490566037736,9.657659074970532e-15
6318.641509433963,-1.6856862219902873e-15
6318.792452830188,4.6010515104462884e-15
6318.943396226415,5.7838154392228215e-15
6319.094339622641,-9.385458453616067e-16
6319.245283018868,7.218902115115347e-15
6319.396226415094,6.020424863876046e-16
6319.547169811321,5.145144130406381e-15
6319.698113207547,1.9011384850463036e-15
6319.8490566037735,4.042192979444623e-15
6320.0,3.634091228750167e-15
6320.1509433962265,2.2131851635481982e-15
6320.301886792453,3.80004827855518e-15
6320.452830188679,4.354868603826839e-15
6320.603773584906,1.5783902421019358e-15
6320.754716981132,2.7874231842625153e-15
6320.905660377359,8.166645016367185e-15
6321.056603773585,-4.874268712054802e-15
6321.207547169812,1.0301649379970262e-14
6321.358490566037,1.4447690366985958e-15
6321.509433962264,-1.8585590572364274e-16
6321.66037735849,7.827603874448834e-15
6321.811320754717,2.093104733264136e-15
6321.962264150943,1.4770922994514513e-16
6322.11320754717,7.448219305739628e-15
6322.264150943396,1.908720526954962e-15
6322.415094339623,1.5428815137142547e-16
6322.566037735849,9.690494024604051e-15
6322.7169811320755,-4.71530786336679e-15
6322.867924528302,1.1285078796133724e-14
6323.018867924528,-4.016873940681426e-15
6323.169811320755,9.154016646948196e-15
6323.320754716981,-1.4857774194377807e-15
6323.471698113208,7.091734647154624e-15
6323.622641509434,3.5455852910935257e-16
6323.773584905661,4.056533235265431e-15
6323.924528301887,5.2113633667763086e-15
6324.075471698113,-1.2340111813845368e-15
6324.226415094339,8.665162548944666e-15
6324.377358490566,-2.289433665939605e-15
6324.528301886792,8.898594035462779e-15
6324.679245283019,-3.2463156067972916e-15
6324.830188679245,9.61525924911738e-15
6324.981132075472,-1.238503858671218e-15
6325.132075471698,4.677026869375994e-15
6325.2830188679245,1.960843216534793e-15
6325.433962264151,9.492373152919176e-15
6325.584905660377,-1.1806714249266993e-14
6325.735849056604,2.409928340392337e-14
6325.88679245283,-1.5394793086207338e-14
6326.037735849057,1.1243605424801709e-14
6326.188679245283,7.152583665214123e-15
6326.33962264151,-7.085533344037528e-15
6326.490566037736,1.1488420612398264e-14
6326.641509433963,5.6520959077427e-16
6326.792452830188,2.1093191258930918e-15
6326.943396226415,3.8071232257793185e-15
6327.094339622641,3.594250320227161e-15
6327.245283018868,3.839830780988614e-15
6327.396226415094,6.237437486156021e-16
6327.547169811321,3.3504067891686752e-15
6327.698113207547,1.0382105044471242e-14
6327.8490566037735,-1.1329617161552398e-14
6328.0,1.69750272401814e-14
6328.1509433962265,-1.3184575493633553e-15
6328.301886792453,-3.1524552225705877e-15
6328.452830188679,1.1725847585674607e-14
6328.603773584906,2.3910118965026623e-15
6328.754716981132,-6.626527251160261e-15
6328.905660377359,1.5617190897604502e-14
6329.056603773585,-1.926530718461726e-15
6329.207547169812,-2.9326114442359763e-15
6329.358490566037,1.410520549901123e-14
6329.509433962264,-3.632077511841125e-15
6329.66037735849,1.2860278798490614e-15
6329.811320754717,9.425548331945486e-15
6329.962264150943,-6.430448793084876e-16
6330.11320754717,5.470883655587951e-16
6330.264150943396,8.88372832099713e-15
6330.415094339623,-3.897689757659597e-17
6330.566037735849,-4.481550179098333e-16
6330.7169811320755,1.1947767490388916e-14
6330.867924528302,-6.634479833857461e-15
6331.018867924528,9.08851949838674e-15
6331.169811320755,1.613755520112034e-15
6331.320754716981,2.637331522286486e-15
6331.471698113208,7.87591083585846e-16
6331.622641509434,1.0266340106585937e-14
6331.773584905661,-7.489675262883965e-15
6331.924528301887,1.2027462223958234e-14
6332.075471698113,-5.122349039120826e-16
6332.226415094339,6.981953347588149e-16
6332.377358490566,7.873931746535135e-15
6332.528301886792,-5.743164368236235e-16
6332.679245283019,3.694659064539112e-15
6332.830188679245,3.656409563611683e-15
6332.981132075472,3.5335267166763336e-15
6333.132075471698,1.4976594619787102e-16
6333.2830188679245,6.378686875537207e-15
6333.433962264151,1.8586515541641424e-15
6333.584905660377,9.298489627038047e-16
6333.735849056604,5.046393763001237e-15
6333.88679245283,5.875396341862046e-15
6334.037735849057,-7.342787988183678e-15
6334.188679245283,1.708031147257644e-14
6334.33962264151,-7.154137676938175e-15
6334.490566037736,2.2579723534463142e-15
6334.641509433963,1.4987733016852993e-14
6334.792452830188,-1.4542619085815062e-14
6334.943396226415,1.7669991134607877e-14
6335.094339622641,-4.1783284139958034e-15
6335.245283018868,2.959924825788833e-15
6335.396226415094,5.7939396944477726e-15
6335.547169811321,9.850797542564344e-16
6335.698113207547,2.624308631676716e-15
6335.8490566037735,4.301918225864599e-15
6336.0,1.930584545617319e-15
6336.1509433962265,2.851227326399564e-15
6336.301886792453,3.3809392092251014e-15
6336.452830188679,2.8077985956202615e-15
6336.603773584906,2.1539080181837644e-15
6336.754716981132,4.044367110766729e-15
6336.905660377359,2.026546371025059e-15
6337.056603773585,2.798031093321392e-15
6337.207547169812,3.700942717911244e-15
6337.358490566037,2.1798925438416977e-15
6337.509433962264,2.3569313726928627e-15
6337.66037735849,4.403561575776048e-15
6337.811320754717,1.9223046753979113e-15
6337.962264150943,9.55837892309887e-16
6338.11320754717,8.233944400309309e-15
6338.264150943396,-4.105420270632963e-15
6338.415094339623,7.141234439861653e-15
6338.566037735849,5.179816647714737e-15
6338.7169811320755,-7.15068024487596e-15
6338.867924528302,1.6553772428458033e-14
6339.018867924528,-7.756404658248494e-15
6339.169811320755,4.637293238542182e-15
6339.320754716981,9.882487930096692e-15
6339.471698113208,-7.786424173940563e-15
6339.622641509434,9.461088057345857e-15
6339.773584905661,4.6895079222941956e-15
6339.924528301887,-6.939662357257779e-15
6340.075471698113,1.51151397983294e-14
6340.226415094339,-6.268400650348875e-15
6340.377358490566,5.674302120093705e-15
6340.528301886792,4.610061958661398e-15
6340.679245283019,-3.0103662992869893e-16
6340.830188679245,4.576824518542586e-15
6340.981132075472,1.9759128229119066e-15
6341.132075471698,3.975902902644416e-15
6341.2830188679245,8.574869411581836e-16
6341.433962264151,3.2885266000251233e-15
6341.584905660377,5.660122411642958e-15
6341.735849056604,-3.2540656472732163e-15
6341.88679245283,8.407617299204338e-15
6342.037735849057,9.946172823553743e-16
6342.188679245283,-5.464201638627807e-16
6342.33962264151,8.84641483772267e-15
6342.490566037736,-3.236773730282589e-15
6342.641509433963,6.887468150614693e-15
6342.792452830188,-2.6565286762728366e-16
6342.943396226415,5.597883331835347e-15
6343.094339622641,-3.9664919248075297e-16
6343.245283018868,5.2497112753235636e-15
6343.396226415094,7.127452981996816e-16
6343.547169811321,5.45837692596708e-15
6343.698113207547,-2.7839294008055906e-15
6343.8490566037735,1.0929908391779086e-14
6344.0,-6.097582656883928e-15
6344.1509433962265,8.523066282377647e-15
6344.301886792453,1.716521008533911e-15
6344.452830188679,-6.496606812879087e-16
6344.603773584906,6.934664176443345e-15
6344.754716981132,1.2334494397292845e-15
6344.905660377359,-1.0123865624642809e-15
6345.056603773585,1.023642806451981e-14
6345.207547169812,-5.303308409878469e-15
6345.358490566037,6.926005833589955e-15
6345.509433962264,3.74881112669891e-15
6345.66037735849,-2.7335784947078335e-15
6345.811320754717,8.415576982446884e-15
6345.962264150943,4.885465570929096e-16
6346.11320754717,-1.0456947271060286e-15
6346.264150943396,1.024104528361789e-14
6346.415094339623,-4.463216452104418e-15
6346.566037735849,4.5977516964449004e-15
6346.7169811320755,6.538582867574172e-15
6346.867924528302,-4.056088864237038e-15
6347.018867924528,6.707025420489232e-15
6347.169811320755,3.7793055506236256e-15
6347.320754716981,-2.4917608147036474e-15
6347.471698113208,7.0324505543216396e-15
6347.622641509434,2.0199089936382564e-15
6347.773584905661,-1.0043926496589662e-15
6347.924528301887,8.043619664816647e-15
6348.075471698113,-3.2997235491565847e-15
6348.226415094339,8.584558116553599e-15
6348.377358490566,-4.185433036540867e-15
6348.528301886792,9.26667180281479e-15
6348.679245283019,-2.401737693463115e-15
6348.830188679245,3.2079629457344086e-15
6348.981132075472,7.43003420505689e-15
6349.132075471698,-7.212164618999817e-15
6349.2830188679245,1.3481080541964187e-14
6349.433962264151,-5.316319782195685e-15
6349.584905660377,4.645975130699293e-15
6349.735849056604,4.348888816756286e-15
6349.88679245283,7.964607045773014e-16
6350.037735849057,8.770043729110688e-16
6350.188679245283,6.687845505753667e-15
6350.33962264151,-1.6181450362987997e-15
6350.490566037736,4.807705864800494e-15
6350.641509433963,8.785395996545583e-16
6350.792452830188,4.468039008963477e-15
6350.943396226415,7.935629102651514e-16
6351.094339622641,1.263462092232267e-15
6351.245283018868,7.28038803933083e-15
6351.396226415094,-3.652189221089624e-15
6351.547169811321,5.672281413930855e-15
6351.698113207547,3.811128919325947e-15
6351.8490566037735,-1.4896834188936787e-15
6352.0,4.280552455547971e-15
6352.1509433962265,5.828856574933771e-15
6352.301886792453,-5.990610328609055e-15
6352.452830188679,1.173433298127097e-14
6352.603773584906,-2.995075984292835e-15
6352.754716981132,1.3642230136073646e-15
6352.905660377359,7.630505873432443e-15
6353.056603773585,-1.8544995112109778e-15
6353.207547169812,1.0497695385867166e-15
6353.358490566037,9.284318847660626e-15
6353.509433962264,-5.988900108829122e-15
6353.66037735849,7.185548337828819e-15
6353.811320754717,2.580873151749624e-15
6353.962264150943,-2.7714064220166734e-16
6354.11320754717,2.4749635933709963e-15
6354.264150943396,8.19070071663034e-15
6354.415094339623,-9.762600373044779e-15
6354.566037735849,1.7550142143139715e-14
6354.7169811320755,-1.1548371233562337e-14
6354.867924528302,1.0738009610933034e-14
6355.018867924528,1.1636780317440152e-15
6355.169811320755,-2.7133697222799013e-15
6355.320754716981,9.455684340197743e-15
6355.471698113208,-2.1984329082647344e-15
6355.622641509434,1.0668313580145063e-15
6355.773584905661,8.545539719594728e-15
6355.924528301887,-5.694305037878131e-15
6356.075471698113,8.66329179810925e-15
6356.226415094339,-2.238743009430678e-15
6356.377358490566,7.29786132389146e-15
6356.528301886792,-5.8502551925692535e-15
6356.679245283019,1.300260873399492e-14
6356.830188679245,-7.966164905322256e-15
6356.981132075472,8.48930099700739e-15
6357.132075471698,6.712152091649424e-16
6357.2830188679245,1.0426636746227446e-15
6357.433962264151,3.3935905559038136e-15
6357.584905660377,2.434969462244936e-15
6357.735849056604,6.751646594490284e-16
6357.88679245283,4.4318844199859375e-15
6358.037735849057,-5.664856128511972e-16
6358.188679245283,5.378758150919333e-15
6358.33962264151,-8.655630134461813e-16
6358.490566037736,4.243513577246976e-15
6358.641509433963,8.139514001049504e-16
6358.792452830188,4.723369552803309e-15
6358.943396226415,-3.811908230243111e-15
6359.094339622641,1.1624392410963436e-14
6359.245283018868,-7.945006600585035e-15
6359.396226415094,8.700872300268722e-15
6359.547169811321,1.4903090054687543e-15
6359.698113207547,-1.818565053986604e-15
6359.8490566037735,6.162126974468662e-15
6360.0,2.689882515439621e-15
6360.1509433962265,-4.4197261196573745e-15
6360.301886792453,1.1336504462802077e-14
6360.452830188679,-4.565329918527076e-15
6360.603773584906,3.575566177960013e-15
6360.754716981132,3.5807683797313506e-15
6360.905660377359,2.141028914645974e-15
6361.056603773585,-1.6310290072914281e-15
6361.207547169812,7.113150097771714e-15
6361.358490566037,-5.1931049126606704e-17
6361.509433962264,-7.037581569342109e-16
6361.66037735849,7.73710031620364e-15
6361.811320754717,-2.7739658744998984e-15
6361.962264150943,3.980560379769025e-15
6362.11320754717,1.8693692220772743e-15
6362.264150943396,2.896688138625617e-15
6362.415094339623,-1.4527233984702534e-16
6362.566037735849,3.2810591503746224e-15
6362.7169811320755,4.455398753878069e-15
6362.867924528302,-4.158404742096509e-15
6363.018867924528,8.494559681849319e-15
6363.169811320755,-5.832242742148839e-16
6363.320754716981,-8.905476394949812e-16
6363.471698113208,8.258835213588832e-15
6363.622641509434,-3.956618886596068e-15
6363.773584905661,5.258100390544485e-15
6363.924528301887,9.910060291952576e-16
6364.075471698113,2.660741691706459e-15
6364.226415094339,8.665057620184106e-17
6364.377358490566,4.691822679235726e-15
6364.528301886792,-1.0884824794779215e-16
6364.679245283019,2.362144357318927e-15
6364.830188679245,2.3845593075494178e-15
6364.981132075472,2.473794785785851e-15
6365.132075471698,-3.6125447050195943e-16
6365.2830188679245,4.335199949352581e-15
6365.433962264151,2.2760326696526148e-15
6365.584905660377,-2.5801983964869526e-15
6365.735849056604,8.416929822928855e-15
6365.88679245283,-1.7071831538324368e-15
6366.037735849057,-1.935936797386218e-15
6366.188679245283,1.3735071159643904e-14
6366.33962264151,-1.342983911399374e-14
6366.490566037736,1.3673042725373943e-14
6366.641509433963,-1.969859484163422e-15
6366.792452830188,-6.552718735594037e-16
6366.943396226415,4.4971651593333705e-15
6367.094339622641,4.582527831215455e-15
6367.245283018868,-6.132198159932739e-15
6367.396226415094,9.656029121886998e-15
6367.547169811321,-2.449532684798982e-16
6367.698113207547,-2.2243115005667577e-15
6367.8490566037735,6.998333817930102e-15
6368.0,1.1009176111752617e-15
6368.1509433962265,-2.8142748049111788e-15
6368.301886792453,7.484745365967349e-15
6368.452830188679,3.222633415567693e-16
6368.603773584906,-2.449749450856835e-15
6368.754716981132,8.862921850216003e-15
6368.905660377359,-3.995430647072934e-15
6369.056603773585,4.647515055361895e-15
6369.207547169812,2.4499304508003276e-16
6369.358490566037,4.289292589516562e-15
6369.509433962264,-1.9352714157363067e-15
6369.66037735849,4.39750181407274e-15
6369.811320754717,2.07658010341608e-15
6369.962264150943,-6.75904521949361e-17
6370.11320754717,7.03013865072487e-16
6370.264150943396,8.242653728620227e-15
6370.415094339623,-7.042991218250069e-15
6370.566037735849,5.31636194896584e-15
6370.7169811320755,8.323933226529097e-15
6370.867924528302,-1.2496841341778931e-14
6371.018867924528,1.4942170279900873e-14
6371.169811320755,-2.881674279525556e-15
6371.320754716981,-3.631076265469703e-15
6371.471698113208,1.2048222019527245e-14
6371.622641509434,-7.510613974699526e-15
6371.773584905661,6.6537398015380855e-15
6371.924528301887,-7.17876446203687e-17
6372.075471698113,2.9371961208350684e-15
6372.226415094339,-1.0149892351317665e-15
6372.377358490566,5.676411010715587e-15
6372.528301886792,-2.476601337813832e-15
6372.679245283019,4.726836562142329e-15
6372.830188679245,-1.7087383786929742e-16
6372.981132075472,2.7986041647019626e-15
6373.132075471698,7.760635861183166e-17
6373.2830188679245,4.2994004972647805e-15
6373.433962264151,-2.1855021504178132e-15
6373.584905660377,5.550206038909155e-15
6373.735849056604,-1.0794962389846599e-15
6373.88679245283,2.388681078334077e-15
6374.037735849057,1.3649494020169542e-15
6374.188679245283,4.023044887568173e-15
6374.33962264151,-5.008255235277526e-15
6374.490566037736,1.1130477105541707e-14
6374.641509433963,-7.023036462581559e-15
6374.792452830188,5.419589208838779e-15
6374.943396226415,3.0001297173518426e-15
6375.094339622641,-2.3506380752016914e-15
6375.245283018868,4.156645999166013e-15
6375.396226415094,1.8011506097239125e-15
6375.547169811321,-2.1201521795083863e-16
6375.698113207547,2.1477544481779816e-15
6375.8490566037735,2.928310434667918e-15
6376.0,1.2725170759424382e-16
6376.1509433962265,-3.9307516132521473e-16
6376.301886792453,7.632362809537296e-15
6376.452830188679,-6.00550365044862e-15
6376.603773584906,6.248934475888813e-15
6376.754716981132,6.098051071781076e-16
6376.905660377359,1.3035532126091005e-15
6377.056603773585,-5.848088121351288e-16
6377.207547169812,4.9979336230250446e-15
6377.358490566037,1.6992298894214774e-15
6377.509433962264,-7.856766960786391e-15
6377.66037735849,1.9438150083411075e-14
6377.811320754717,-1.7408639022811813e-14
6377.962264150943,1.0457761337153043e-14
6378.11320754717,7.625300524341632e-15
6378.264150943396,-1.4978702787278813e-14
6378.415094339623,1.5645126434698052e-14
6378.566037735849,-6.093089049218804e-16
6378.7169811320755,-8.172098266097831e-15
6378.867924528302,1.2082482241992797e-14
6379.018867924528,4.1631847807478694e-16
6379.169811320755,-8.822736401611856e-15
6379.320754716981,1.4079157902592805e-14
6379.471698113208,-3.335112301519207e-15
6379.622641509434,-4.884619333103108e-15
6379.773584905661,1.2294549241238362e-14
6379.924528301887,-5.108049816258445e-15
6380.075471698113,-8.681739984293988e-16
6380.226415094339,9.203448259694334e-15
6380.377358490566,-5.97869637131605e-15
6380.528301886792,4.7148648281335734e-15
6380.679245283019,2.1083423317020944e-16
6380.830188679245,4.31673722700465e-15
6380.981132075472,-6.036872396012035e-15
6381.132075471698,1.1783998169282232e-14
6381.2830188679245,-8.454665372968055e-15
6381.433962264151,6.6646788462803925e-15
6381.584905660377,1.4116872143570267e-15
6381.735849056604,-2.3299375949187593e-15
6381.88679245283,5.151249126355396e-15
6382.037735849057,-1.40982890198571e-15
6382.188679245283,4.495692954638261e-15
6382.33962264151,-5.397952109761333e-15
6382.490566037736,1.150458920046289e-14
6382.641509433963,-8.329048488725788e-15
6382.792452830188,4.016922425592696e-15
6382.943396226415,8.374076025291642e-15
6383.094339622641,-1.2833295988984238e-14
6383.245283018868,1.4491227678533952e-14
6383.396226415094,-3.673399529688671e-15
6383.547169811321,-5.025278103985696e-15
6383.698113207547,1.546313728804608e-14
6383.8490566037735,-1.516924194316477e-14
6384.0,1.5134730433739244e-14
6384.1509433962265,-8.843954292249143e-15
6384.301886792453,7.366297023340178e-15
6384.452830188679,-5.1549414603391055e-16
6384.603773584906,-3.3470776359565416e-15
6384.754716981132,1.2823484514876602e-14
6384.905660377359,-1.5629633905952197e-14
6385.056603773585,1.7711595229722917e-14
6385.207547169812,-8.610599180213613e-15
6385.358490566037,-3.1781807917566274e-16
6385.509433962264,1.3409175089567084e-14
6385.66037735849,-1.652006459906324e-14
6385.811320754717,1.613214155972387e-14
6385.962264150943,-4.814155459704942e-15
6386.11320754717,-3.3015830932017665e-15
6386.264150943396,1.1053539597836567e-14
6386.415094339623,-6.6940101163719546e-15
6386.566037735849,1.806991225353006e-15
6386.7169811320755,5.517182282047881e-15
6386.867924528302,-1.2383719621400308e-15
6387.018867924528,-4.984984894882098e-15
6387.169811320755,1.5087839298678626e-14
6387.320754716981,-1.4154759034698257e-14
6387.471698113208,1.0332459422111437e-14
6387.622641509434,-8.928055075543094e-16
6387.773584905661,4.667228417452651e-16
6387.924528301887,-1.7603692591617043e-15
6388.075471698113,8.632989127164417e-15
6388.226415094339,-7.656958227577292e-15
6388.377358490566,5.942526957858177e-15
6388.528301886792,1.4061645107052982e-15
6388.679245283019,-2.34718379698714e-15
6388.830188679245,3.853508029913837e-15
6388.981132075472,2.0346389776568936e-16
6389.132075471698,4.05479235548944e-16
6389.2830188679245,1.8235939805424616e-15
6389.433962264151,-2.0040451107713456e-16
6389.584905660377,3.2719152203281928e-15
6389.735849056604,-2.282131092883692e-15
6389.88679245283,3.414102900714635e-15
6390.037735849057,5.863082896014914e-16
6390.188679245283,9.379874666625024e-16
6390.33962264151,-3.2974968989071064e-15
6390.490566037736,1.2945078170102912e-14
6390.641509433963,-1.701293240809828e-14
6390.792452830188,1.7498209678434652e-14
6390.943396226415,-6.548025916421416e-15
6391.094339622641,-3.3502725164585133e-15
6391.245283018868,1.2932541753239153e-14
6391.396226415094,-1.2064293987376964e-14
6391.547169811321,1.0024720081961116e-14
6391.698113207547,-4.030585473451296e-15
6391.8490566037735,3.995880907479433e-15
6392.0,-2.6817307799590882e-15
6392.1509433962265,5.129102007818599e-15
6392.301886792453,-3.0199479230139556e-15
6392.452830188679,3.5265805568350334e-15
6392.603773584906,-1.0553185311404255e-15
6392.754716981132,3.058231953517902e-15
6392.905660377359,-2.1244978540727343e-15
6393.056603773585,3.6720958623648455e-15
6393.207547169812,-7.686713591935779e-16
6393.358490566037,1.4130296610177943e-15
6393.509433962264,-8.439060311025669e-16
6393.66037735849,5.522610574949371e-15
6393.811320754717,-6.6822929250451586e-15
6393.962264150943,8.10122164051695e-15
6394.11320754717,-2.988377270862509e-15
6394.264150943396,-2.976364952311481e-16
6394.415094339623,5.31417887630427e-15
6394.566037735849,-4.56882576375131e-15
6394.7169811320755,4.688647703946942e-15
6394.867924528302,-9.028053027704738e-16
6395.018867924528,6.031117462706588e-16
6395.169811320755,1.0583240465668236e-15
6395.320754716981,2.3775362553977388e-15
6395.471698113208,-4.1576190387147374e-15
6395.622641509434,8.017651448858488e-15
6395.773584905661,-6.201039212511946e-15
6395.924528301887,4.205340127110124e-15
6396.075471698113,2.0307749270154824e-15
6396.226415094339,-4.424535459221164e-15
6396.377358490566,6.6568312778432e-15
6396.528301886792,-2.7516087466735416e-15
6396.679245283019,-3.574420048060596e-16
6396.830188679245,5.4608124470853814e-15
6396.981132075472,-4.680847532318149e-15
6397.132075471698,2.4663015453011117e-15
6397.2830188679245,5.146854174971054e-15
6397.433962264151,-9.812134163975692e-15
6397.584905660377,1.357856517065872e-14
6397.735849056604,-1.0079613857145068e-14
6397.88679245283,5.984555263883896e-15
6398.037735849057,5.984040044941285e-16
6398.188679245283,-2.132178999113362e-15
6398.33962264151,3.1236954864523283e-15
6398.490566037736,-9.088025970285207e-18
6398.641509433963,-5.737832194166317e-16
6398.792452830188,2.3619344265970742e-15
6398.943396226415,-5.802594740478523e-16
6399.094339622641,7.716734398866195e-16
6399.245283018868,5.162885637120475e-16
6399.396226415094,2.022451112308682e-15
6399.547169811321,-3.3692417254261564e-15
6399.698113207547,6.79707742301969e-15
6399.8490566037735,-6.734864478319953e-15
6400.0,7.112583846175928e-15
6400.1509433962265,-3.659123643388084e-15
6400.301886792453,1.2471578494646744e-15
6400.452830188679,3.360797066216247e-15
6400.603773584906,-4.841219922900516e-15
6400.754716981132,6.85349522839972e-15
6400.905660377359,-5.691872466814281e-15
6401.056603773585,6.161063480687057e-15
6401.207547169812,-4.4849095786458215e-15
6401.358490566037,4.30080921466023e-15
6401.509433962264,-1.7594246955079464e-15
6401.66037735849,1.925713270175364e-15
6401.811320754717,-2.4151160940958897e-15
6401.962264150943,6.769324008158523e-15
6402.11320754717,-8.866289572190615e-15
6402.264150943396,9.598116616029868e-15
6402.415094339623,-4.725485862755006e-15
6402.566037735849,4.1171816151053564e-17
6402.7169811320755,4.5117887643231685e-15
6402.867924528302,-3.2534318660775605e-15
6403.018867924528,2.7411754317366e-16
6403.169811320755,4.669852201058628e-15
6403.320754716981,-5.269449037908879e-15
6403.471698113208,4.600329683757931e-15
6403.622641509434,-1.870572078236376e-15
6403.773584905661,2.1637796677412647e-15
6403.924528301887,-1.3558960742072545e-15
6404.075471698113,8.100022217958877e-17
6404.226415094339,5.031760154526042e-15
6404.377358490566,-8.46928898085829e-15
6404.528301886792,1.0636654935880051e-14
6404.679245283019,-8.749253453922672e-15
6404.830188679245,7.28437766943783e-15
6404.981132075472,-4.058993946479759e-15
6405.132075471698,1.1118604588791632e-15
6405.2830188679245,4.0161910974905365e-15
6405.433962264151,-6.832607044605984e-15
6405.584905660377,8.449061340399047e-15
6405.735849056604,-7.010590858198874e-15
6405.88679245283,6.4767827240207844e-15
6406.037735849057,-4.32863553131887e-15
6406.188679245283,1.54171760485455e-15
6406.33962264151,4.232472318202781e-15
6406.490566037736,-8.212047530376152e-15
6406.641509433963,9.810208511693699e-15
6406.792452830188,-6.600062823175077e-15
6406.943396226415,2.9271343768316067e-15
6407.094339622641,1.2627562016989298e-15
6407.245283018868,-3.654546949857163e-15
6407.396226415094,6.486045637205853e-15
6407.547169811321,-7.003230585558805e-15
6407.698113207547,5.7022805793270795e-15
6407.8490566037735,-8.943107845941577e-16
6408.0,-3.204558569451451e-15
6408.1509433962265,5.460978605066617e-15
6408.301886792453,-3.678421136587916e-15
6408.452830188679,2.04301361894895e-15
6408.603773584906,-2.0753024900866287e-15
6408.754716981132,5.61957931455681e-15
6408.905660377359,-8.155806910847638e-15
6409.056603773585,7.715815218182315e-15
6409.207547169812,-2.6437418324415106e-15
6409.358490566037,-2.466366622139223e-15
6409.509433962264,5.162350446148291e-15
6409.66037735849,-3.486150099624515e-15
6409.811320754717,1.4881243823717005e-15
6409.962264150943,-1.4383352396046593e-15
6410.11320754717,4.800784059448717e-15
6410.264150943396,-7.496328493469478e-15
6410.415094339623,7.231925957049767e-15
6410.566037735849,-2.883235393531282e-15
6410.7169811320755,-1.6921461510477132e-15
6410.867924528302,4.2450579312889585e-15
6411.018867924528,-3.560476821075975e-15
6411.169811320755,2.4182948137618193e-15
6411.320754716981,-1.932974457299975e-15
6411.471698113208,2.2227227027348627e-15
6411.622641509434,-8.011927576335851e-16
6411.773584905661,-2.242410063402969e-15
6411.924528301887,5.2363339188294485e-15
6412.075471698113,-4.918816137002287e-15
6412.226415094339,1.1833007110221529e-15
6412.377358490566,3.8389189046765724e-15
6412.528301886792,-6.643839357549623e-15
6412.679245283019,6.3157154838159806e-15
6412.830188679245,-4.177450532935145e-15
6412.981132075472,2.7976564344228244e-15
6413.132075471698,-3.093255670684229e-15
6413.2830188679245,4.040515229613187e-15
6413.433962264151,-3.879304399515601e-15
6413.584905660377,2.249586808112226e-15
6413.735849056604,-1.0867063516292844e-15
6413.88679245283,2.3974357922832744e-15
6414.037735849057,-6.203341590136954e-15
6414.188679245283,9.321216105432504e-15
6414.33962264151,-8.926428063382623e-15
6414.490566037736,4.4420958744273226e-15
6414.641509433963,7.414900295225794e-16
6414.792452830188,-3.5311520679969305e-15
6414.943396226415,2.4088599853603764e-15
6415.094339622641,2.781510064996792e-17
6415.245283018868,-1.450318389135161e-15
6415.396226415094,3.1737135031448977e-16
6415.547169811321,7.226220297848163e-16
6415.698113207547,2.2038444850855298e-16
6415.8490566037735,-4.161470771708103e-15
6416.0,7.455069844979768e-15
6416.1509433962265,-7.729064054476912e-15
6416.301886792453,3.51161299608315e-15
6416.452830188679,1.524776911360812e-15
6416.603773584906,-4.954971224782654e-15
6416.754716981132,4.322082786519034e-15
6416.905660377359,-2.144511231157913e-15
6417.056603773585,-2.708331395595833e-16
6417.207547169812,2.8341165898669703e-16
6417.358490566037,3.309026204564411e-16
6417.509433962264,-1.3578620618232094e-15
6417.66037735849,3.941837841315382e-16
6417.811320754717,7.436242393554259e-16
6417.962264150943,-2.119061517895051e-15
6418.11320754717,1.1445444874364528e-15
6418.264150943396,8.87653964582869e-17
6418.415094339623,-1.1895349657118644e-15
6418.566037735849,-1.1462301269845051e-15
6418.7169811320755,4.4791756231761366e-15
6418.867924528302,-7.713002855384618e-15
6419.018867924528,6.589404085446867e-15
6419.169811320755,-3.276189936174739e-15
6419.320754716981,-1.4905222425273995e-15
6419.471698113208,3.342929133480627e-15
6419.622641509434,-4.023549978764353e-15
6419.773584905661,2.6711030763346424e-15
6419.924528301887,-2.0413222733795616e-15
6420.075471698113,-4.581245233675725e-16
6420.226415094339,2.7248545325092207e-15
6420.377358490566,-5.6407368855000455e-15
6420.528301886792,4.9727210352634644e-15
6420.679245283019,-2.567068760007833e-15
6420.830188679245,-2.3395570640097222e-15
6420.981132075472,4.833409170614132e-15
6421.132075471698,-6.013494784509577e-15
6421.2830188679245,3.760863954497333e-15
6421.433962264151,-2.206833143865967e-15
6421.584905660377,1.29990058590648e-16
6421.735849056604,-7.471620237333257e-16
6421.88679245283,8.972147222021983e-16
6422.037735849057,-2.4161793027527805e-15
6422.188679245283,1.5967221015657324e-15
6422.33962264151,-1.1173050368836891e-15
6422.490566037736,-1.2135617567571759e-15
6422.641509433963,1.099622524795694e-15
6422.792452830188,-7.486963376006233e-16
6422.943396226415,-2.1319924880764007e-15
6423.094339622641,2.0919822150659907e-15
6423.245283018868,-4.361937201130822e-16
6423.396226415094,-5.134426919655856e-15
6423.547169811321,7.668765321753668e-15
6423.698113207547,-7.144321273609419e-15
6423.8490566037735,6.3669767669717e-16
6424.0,4.0363011840558545e-15
6424.1509433962265,-5.848794959403559e-15
6424.301886792453,9.577695718032379e-16
6424.452830188679,2.944541571337244e-15
6424.603773584906,-4.8398206285265756e-15
6424.754716981132,1.2678940671756885e-16
6424.905660377359,4.3416898319319004e-15
6425.056603773585,-8.357653850612206e-15
6425.207547169812,6.754919619429326e-15
6425.358490566037,-5.146657730559632e-15
6425.509433962264,2.3029074667756e-15
6425.66037735849,-3.30338367693194e-15
6425.811320754717,3.220755135844517e-15
6425.962264150943,-4.521453346712688e-15
6426.11320754717,2.6025818475775855e-15
6426.264150943396,-2.55775512375238e-15
6426.415094339623,1.4859919376855468e-15
6426.566037735849,-3.767941578628229e-15
6426.7169811320755,3.7872954986528234e-15
6426.867924528302,-4.349725123228363e-15
6427.018867924528,1.2037545322315258e-15
6427.169811320755,-1.0338431680808543e-15
6427.320754716981,1.7029260563155356e-15
6427.471698113208,-7.328405678724983e-15
6427.622641509434,9.776588900160018e-15
6427.773584905661,-9.995517467898876e-15
6427.924528301887,3.3181295229544543e-15
6428.075471698113,1.3055567722700512e-15
6428.226415094339,-3.921160470119162e-15
6428.377358490566,-1.0093649422865368e-15
6428.528301886792,4.709928148674781e-15
6428.679245283019,-7.312115020949585e-15
6428.830188679245,2.5438365930949567e-15
6428.981132075472,1.718327383916191e-15
6429.132075471698,-6.491869376216984e-15
6429.2830188679245,4.948201512508503e-15
6429.433962264151,-3.64213350772295e-15
6429.584905660377,3.0164153261032824e-17
6429.735849056604,-8.610221958203687e-16
6429.88679245283,3.9071723469473674e-16
6430.037735849057,-2.524608719360944e-15
6430.188679245283,9.64680300086171e-16
6430.33962264151,-1.4043089382512507e-15
6430.490566037736,-7.187482199178069e-16
6430.641509433963,-7.197599031009073e-16
6430.792452830188,-8.289638198850599e-17
6430.943396226415,-1.7775615773016068e-15
6431.094339622641,1.6507136478215802e-16
6431.245283018868,-1.0114600411727098e-15
6431.396226415094,-8.17422923672253e-16
6431.547169811321,-8.806914094939092e-16
6431.698113207547,-1.1101442990515736e-17
6431.8490566037735,-1.769489354141303e-15
6432.0,-8.340850095678886e-17
6432.1509433962265,-8.087087487633985e-16
6432.301886792453,-8.206039450799867e-16
6432.452830188679,-1.4635373196840874e-15
6432.603773584906,8.625616518422652e-16
6432.754716981132,-2.426188678402352e-15
6432.905660377359,-3.8225873504163475e-16
6433.056603773585,-8.800468166208501e-17
6433.207547169812,-5.687467718429004e-16
6433.358490566037,-4.337067283359714e-15
6433.509433962264,6.200291453490249e-15
6433.66037735849,-8.477807728234317e-15
6433.811320754717,3.4111686199174158e-15
6433.962264150943,7.30700143386414e-16
6434.11320754717,-7.0556438846211406e-15
6434.264150943396,5.895629302106828e-15
6434.415094339623,-3.617903578627391e-15
6434.566037735849,-3.7031865516571845e-15
6434.7169811320755,5.113923585581341e-15
6434.867924528302,-5.2152636769728516e-15
6435.018867924528,-1.406648437088973e-15
6435.169811320755,3.995674158292475e-15
6435.320754716981,-6.9637536238392974e-15
6435.471698113208,4.1273278301368125e-15
6435.622641509434,-5.403941330546395e-15
6435.773584905661,5.039611759914045e-15
6435.924528301887,-8.707915770119189e-15
6436.075471698113,6.720482477949199e-15
6436.226415094339,-5.72736662868442e-15
6436.377358490566,-6.870321117567418e-17
6436.528301886792,1.650681182848297e-15
6436.679245283019,-6.0224880214765545e-15
6436.830188679245,5.769120338156074e-15
6436.981132075472,-7.791641196970345e-15
6437.132075471698,3.7907409182155165e-15
6437.2830188679245,-2.0546988024831853e-15
6437.433962264151,-2.797816084574409e-15
6437.584905660377,1.3218024930345925e-15
6437.735849056604,-1.956520912851097e-15
6437.88679245283,-9.491101350595875e-16
6438.037735849057,-1.1593459468882312e-15
6438.188679245283,-1.0177762523562067e-15
6438.33962264151,3.651844754889673e-16
6438.490566037736,-2.6591745592130092e-15
6438.641509433963,-3.3110870064714576e-15
6438.792452830188,8.938577137147114e-15
6438.943396226415,-1.680317537882743e-14
6439.094339622641,1.321953421372271e-14
6439.245283018868,-7.151082625009957e-15
6439.396226415094,-2.575151412525296e-15
6439.547169811321,1.2905405408503459e-15
6439.698113207547,2.0107800761248426e-15
6439.8490566037735,-9.50237920676565e-15
6440.0,8.096613077457676e-15
6440.1509433962265,-7.685765287226342e-15
6440.301886792453,4.700226993157166e-15
6440.452830188679,-1.0352829018317402e-14
6440.603773584906,1.368918066077683e-14
6440.754716981132,-1.8666383302684846e-14
6440.905660377359,1.4085295025696558e-14
6441.056603773585,-1.052360959076949e-14
6441.207547169812,3.496927203137576e-15
6441.358490566037,-4.7668733094051905e-15
6441.509433962264,4.31706093056739e-15
6441.66037735849,-6.869979391256371e-15
6441.811320754717,1.495494223660287e-16
6441.962264150943,5.757580542300241e-15
6442.11320754717,-1.5075538552100135e-14
6442.264150943396,1.4055143771896213e-14
6442.415094339623,-1.1011385730051885e-14
6442.566037735849,-1.053753113704468e-16
6442.7169811320755,5.598783822263197e-15
6442.867924528302,-1.186618618850821e-14
6443.018867924528,9.235454530199345e-15
6443.169811320755,-8.595352964467504e-15
6443.320754716981,2.302306348703687e-15
6443.471698113208,-6.669529849165324e-16
6443.622641509434,-5.8863416334050185e-15
6443.773584905661,7.59823921803237e-15
6443.924528301887,-1.2787143004314537e-14
6444.075471698113,9.872464413388645e-15
6444.226415094339,-7.473250009773198e-15
6444.377358490566,-2.940658498293733e-15
6444.528301886792,8.01937911934447e-15
6444.679245283019,-1.3608970202600307e-14
6444.830188679245,8.246601443004094e-15
6444.981132075472,-4.116827347711222e-15
6445.132075471698,-4.036542345488459e-15
6445.2830188679245,2.469748847217727e-15
6445.433962264151,-1.4179309416645967e-15
6445.584905660377,-5.35098867914436e-15
6445.735849056604,3.854738225377394e-15
6445.88679245283,-4.335789850221111e-15
6446.037735849057,1.6632439667917527e-16
6446.188679245283,-4.147860642556308e-15
6446.33962264151,3.735710616552857e-15
6446.490566037736,-4.461531919499658e-15
6446.641509433963,-5.457409746267485e-15
6446.792452830188,1.0501583749173976e-14
6446.943396226415,-1.383276442091708e-14
6447.094339622641,2.7128184495849425e-15
6447.245283018868,6.33618568206522e-15
6447.396226415094,-1.4847482391588887e-14
6447.547169811321,8.159544605027308e-15
6447.698113207547,-1.399143614666209e-15
6447.8490566037735,-8.154485799631042e-15
6448.0,5.324265478190181e-15
6448.1509433962265,-2.9148270683073437e-15
6448.301886792453,-5.0891342505848985e-15
6448.452830188679,4.744554377468747e-15
6448.603773584906,-7.494686473551749e-15
6448.754716981132,4.302405149258395e-15
6448.905660377359,-7.187847570551688e-15
6449.056603773585,4.220930931099653e-15
6449.207547169812,-5.294562494975797e-15
6449.358490566037,-7.731522272597042e-16
6449.509433962264,1.0270889630233016e-15
6449.66037735849,-4.8860063767620365e-15
6449.811320754717,1.1891864413832843e-15
6449.962264150943,-4.027268894338873e-15
6450.11320754717,4.981013512924194e-15
6450.264150943396,-1.565157275073221e-14
6450.415094339623,2.0827592422119823e-14
6450.566037735849,-2.7025115547538644e-14
6450.7169811320755,2.045385855226062e-14
6450.867924528302,-1.540102332024194e-14
6451.018867924528,5.378785987053862e-15
6451.169811320755,-5.41155244649135e-15
6451.320754716981,3.0930066806224396e-15
6451.471698113208,-7.531341474307321e-15
6451.622641509434,4.97591876749665e-15
6451.773584905661,-7.029790387172912e-15
6451.924528301887,2.2527352838084655e-15
6452.075471698113,-3.3961565138455583e-15
6452.226415094339,-6.262647658191624e-16
6452.377358490566,-2.8030153312557463e-15
6452.528301886792,1.0017751767941327e-15
6452.679245283019,-4.494705266457431e-15
6452.830188679245,-4.919601162501953e-16
6452.981132075472,1.843698670038657e-15
6453.132075471698,-1.0022610790941145e-14
6453.2830188679245,9.933784756072244e-15
6453.433962264151,-1.1948253501400707e-14
6453.584905660377,3.646920005742553e-15
6453.735849056604,3.789447037267042e-16
6453.88679245283,-9.298338433208346e-15
6454.037735849057,7.912847982404653e-15
6454.188679245283,-8.54535826867878e-15
6454.33962264151,8.452679862385594e-16
6454.490566037736,-2.676929322645901e-16
6454.641509433963,-4.9626942748745145e-15
6454.792452830188,3.1467730547116286e-15
6454.943396226415,-8.022083552220268e-15
6455.094339622641,6.00733636912011e-15
6455.245283018868,-8.371733194246036e-15
6455.396226415094,1.7976746453156014e-15
6455.547169811321,-7.941361109876444e-16
6455.698113207547,-5.458112532650006e-15
6455.8490566037735,2.8364138356773775e-15
6456.0,-4.918972226474738e-15
6456.1509433962265,-1.985025212535935e-16
6456.301886792453,-1.6894813277410155e-15
6456.452830188679,-2.0604374754869647e-15
6456.603773584906,-1.9490870718502098e-15
6456.754716981132,-1.0476160226416322e-16
6456.905660377359,-3.756706765996806e-15
6457.056603773585,-1.1427001809129262e-15
6457.207547169812,1.1052130791794073e-15
6457.358490566037,-7.414916627156478e-15
6457.509433962264,4.097499669412932e-15
6457.66037735849,-4.0762078876622206e-15
6457.811320754717,-4.454406098134783e-15
6457.962264150943,5.0205627166334485e-15
6458.11320754717,-9.283422035636072e-15
6458.264150943396,3.4460502809514128e-15
6458.415094339623,-3.1532657513631702e-15
6458.566037735849,-2.412861861511803e-15
6458.7169811320755,-2.736966739998278e-15
6458.867924528302,4.0557367742015786e-15
6459.018867924528,-1.1783596935599367e-14
6459.169811320755,7.744286846485011e-15
6459.320754716981,-4.878334211108694e-15
6459.471698113208,-7.289855782511633e-15
6459.622641509434,9.026614059008362e-15
6459.773584905661,-1.1302543065937107e-14
6459.924528301887,1.694858074710538e-15
6460.075471698113,8.305631048966357e-16
6460.226415094339,-6.933504961163628e-15
6460.377358490566,2.4099676944629585e-15
6460.528301886792,-4.274788635551086e-15
6460.679245283019,3.159731304590428e-16
6460.830188679245,-4.6338301464083035e-15
6460.981132075472,8.948686903472058e-16
6461.132075471698,-2.8166602808849176e-15
6461.2830188679245,-2.3304989598875555e-15
6461.433962264151,-2.6890813419260174e-15
6461.584905660377,3.355006456433951e-15
6461.735849056604,-1.0693516179035399e-14
6461.88679245283,5.727747797688536e-15
6462.037735849057,-2.682999029364546e-15
6462.188679245283,-9.008398597021438e-15
6462.33962264151,9.030471120564693e-15
6462.490566037736,-9.78927459132216e-15
6462.641509433963,-1.5311749529641073e-15
6462.792452830188,5.3469823127042494e-15
6462.943396226415,-1.2749859191213335e-14
6463.094339622641,7.54189114192683e-15
6463.245283018868,-6.041229515247567e-15
6463.396226415094,-4.4540562561389995e-15
6463.547169811321,6.2491892300694476e-15
6463.698113207547,-1.2461975886578899e-14
6463.8490566037735,6.985091425802991e-15
6464.0,-5.9399784599441276e-15
6464.1509433962265,-3.587309029522157e-15
6464.301886792453,3.3883549029052503e-15
6464.452830188679,-6.948694436970572e-15
6464.603773584906,-7.329097254496632e-16
6464.754716981132,1.3163850861513795e-15
6464.905660377359,-6.94927559019891e-15
6465.056603773585,1.1743414504454936e-15
6465.207547169812,-1.888545439147545e-15
6465.358490566037,-3.4480287005715147e-15
6465.509433962264,-1.463896007506088e-15
6465.66037735849,-1.5148902602631752e-15
6465.811320754717,-3.4182358293691416e-16
6465.962264150943,-9.057890146893793e-15
6466.11320754717,1.0707035837440772e-14
6466.264150943396,-1.6499373186036936e-14
6466.415094339623,9.592685017725287e-15
6466.566037735849,-8.85609562331647e-15
6466.7169811320755,2.1432746436538863e-15
6466.867924528302,-6.542501332305572e-15
6467.018867924528,3.603488432844175e-15
6467.169811320755,-6.123763633317965e-15
6467.320754716981,-2.8763465955215985e-15
6467.471698113208,4.613510469436722e-15
6467.622641509434,-1.1427241260227035e-14
6467.773584905661,5.3265247564309996e-15
6467.924528301887,-4.329378154468829e-15
6468.075471698113,-4.609038856174537e-15
6468.226415094339,3.3538285846254956e-15
6468.377358490566,-8.835059092160617e-15
6468.528301886792,5.635852913605022e-15
6468.679245283019,-1.0090329563260411e-14
6468.830188679245,4.8840797541015146e-15
6468.981132075472,-6.627892848832216e-15
6469.132075471698,-2.5433688719964834e-16
6469.2830188679245,-1.5048969458744468e-15
6469.433962264151,-4.9886978957623705e-15
6469.584905660377,2.9665660752976147e-15
6469.735849056604,-7.95261915285456e-15
6469.88679245283,1.830659008192182e-15
6470.037735849057,-1.831724512612804e-15
6470.188679245283,-6.61096053177265e-15
6470.33962264151,4.501672308492326e-15
6470.490566037736,-8.890666206759866e-15
6470.641509433963,4.591681346521962e-15
6470.792452830188,-9.782805079278771e-15
6470.943396226415,6.839579858095858e-15
6471.094339622641,-1.1684323449200188e-14
6471.245283018868,6.7476518436781606e-15
6471.396226415094,-9.357814382778251e-15
6471.547169811321,2.582607324104908e-15
6471.698113207547,-4.452968921044102e-15
6471.8490566037735,-7.312797381137885e-16
6472.0,-5.452111320962381e-15
6472.1509433962265,4.369664040372084e-15
6472.301886792453,-1.0018180403826224e-14
6472.452830188679,2.7391176319731043e-15
6472.603773584906,-1.9310967160082407e-15
6472.754716981132,-5.2698106596299866e-15
6472.905660377359,-8.818150856835454e-16
6473.056603773585,-5.4025734251792165e-16
6473.207547169812,-2.478897512077641e-15
6473.358490566037,-8.9385105322913e-15
6473.509433962264,1.1496383180445e-14
6473.66037735849,-1.572423779657468e-14
6473.811320754717,2.675591640151323e-15
6473.962264150943,3.2148171071220873e-15
6474.11320754717,-1.144574598005352e-14
6474.264150943396,1.923729025403383e-15
6474.415094339623,1.626271600594221e-15
6474.566037735849,-9.189274533683101e-15
6474.7169811320755,3.4973578138199877e-16
6474.867924528302,1.6555068865808634e-15
6475.018867924528,-7.502083931019137e-15
6475.169811320755,-3.23681075064399e-15
6475.320754716981,7.707713929132091e-15
6475.471698113208,-1.688085364084271e-14
6475.622641509434,8.910902927444263e-15
6475.773584905661,-4.440588394342095e-15
6475.924528301887,-8.841230769645471e-15
6476.075471698113,7.656456847961503e-15
6476.226415094339,-9.559053460131695e-15
6476.377358490566,-8.879560364737424e-16
6476.528301886792,1.4308049549624153e-15
6476.679245283019,-8.542278413970813e-15
6476.830188679245,3.829672685435162e-15
6476.981132075472,-6.6456938445891835e-15
6477.132075471698,-9.079247463690167e-16
6477.2830188679245,-8.468319071902024e-16
6477.433962264151,-5.149780117934154e-15
6477.584905660377,-7.443298436992057e-16
6477.735849056604,-1.0913328792095685e-15
6477.88679245283,-6.1909931612225035e-15
6478.037735849057,3.0296774204417255e-15
6478.188679245283,-9.32477449612743e-15
6478.33962264151,7.139377812947869e-15
6478.490566037736,-1.4083973815257615e-14
6478.641509433963,8.331611359597235e-15
6478.792452830188,-7.345375029029473e-15
6478.943396226415,-5.865627057494193e-15
6479.094339622641,7.455823519589505e-15
6479.245283018868,-1.2150753257168026e-14
6479.396226415094,2.885787068577055e-17
6479.547169811321,6.300786809578281e-15
6479.698113207547,-2.0582062377866542e-14
6479.8490566037735,1.96076794425606e-14
6480.0,-2.2282013083677384e-14
6480.1509433962265,1.2079326153706568e-14
6480.301886792453,-1.1927713623053248e-14
6480.452830188679,4.600650173227188e-15
6480.603773584906,-9.337452864921178e-15
6480.754716981132,4.89353910557285e-15
6480.905660377359,-8.819127535604707e-15
6481.056603773585,1.027533588542773e-15
6481.207547169812,-2.4277179040773715e-15
6481.358490566037,-4.1475510524174405e-15
6481.509433962264,-2.183711781825283e-15
6481.66037735849,-6.132463683948627e-17
6481.811320754717,-4.5354020287634676e-15
6481.962264150943,-6.6622248534560536e-15
6482.11320754717,1.1653404758587807e-14
6482.264150943396,-2.341798649177898e-14
6482.415094339623,1.6392485927579007e-14
6482.566037735849,-1.137908672324783e-14
6482.7169811320755,-4.197543182674882e-15
6482.867924528302,2.9431195904646332e-15
6483.018867924528,-3.4409232626676003e-15
6483.169811320755,-9.120898744421803e-15
6483.320754716981,8.133184096754609e-15
6483.471698113208,-1.145222849243852e-14
6483.622641509434,2.4338357607918697e-15
6483.773584905661,-6.357691971584041e-15
6483.924528301887,4.699472673949456e-15
6484.075471698113,-1.4349165417024924e-14
6484.226415094339,1.014710810279177e-14
6484.377358490566,-1.0548769718733432e-14
6484.528301886792,-1.7252472664253696e-15
6484.679245283019,9.86455312630127e-16
6484.830188679245,-4.50346536119324e-15
6484.981132075472,-6.369577042743789e-15
6485.132075471698,6.166197469167949e-15
6485.2830188679245,-1.1389654528004269e-14
6485.433962264151,1.7058145319403243e-15
6485.584905660377,-1.2487712324200595e-15
6485.735849056604,-6.939890315513777e-15
6485.88679245283,1.301830795035461e-15
6486.037735849057,-4.11494998487136e-15
6486.188679245283,-3.1220155216989916e-15
6486.33962264151,-1.297849824717126e-15
6486.490566037736,-3.647955413229972e-15
6486.641509433963,-2.1899051921498627e-15
6486.792452830188,-2.3835254985503272e-15
6486.943396226415,-3.059214491220948e-15
6487.094339622641,-3.0849718212106212e-15
6487.245283018868,1.6346333217959025e-16
6487.396226415094,-7.92598531200977e-15
6487.547169811321,3.423734144336959e-15
6487.698113207547,-7.065104906789273e-15
6487.8490566037735,-5.164286962469857e-16
6488.0,-3.9012440689594936e-15
6488.1509433962265,-6.77660022102468e-16
6488.301886792453,-4.6587007070903745e-15
6488.452830188679,-3.5219605065763414e-15
6488.603773584906,3.6366195389694404e-15
6488.754716981132,-1.3723878141778291e-14
6488.905660377359,9.34824069078079e-15
6489.056603773585,-1.1877349013209534e-14
6489.207547169812,3.1457413649619452e-15
6489.358490566037,-7.296117253608355e-15
6489.509433962264,2.3541998020687612e-15
6489.66037735849,-6.837359818816996e-15
6489.811320754717,-2.161082582220712e-15
6489.962264150943,9.177371783822399e-16
6490.11320754717,-7.268964480969482e-15
6490.264150943396,-1.3668272578682924e-15
6490.415094339623,3.4767523318240194e-16
6490.566037735849,-7.083051757967071e-15
6490.7169811320755,-1.4712678188849699e-15
6490.867924528302,1.1528710708398765e-15
6491.018867924528,-9.933082594318802e-15
6491.169811320755,4.300869766542984e-15
6491.320754716981,-7.265442954106952e-15
6491.471698113208,-4.446108846119941e-16
6491.622641509434,-4.566970512878172e-15
6491.773584905661,-3.4651563813083752e-18
6491.924528301887,-6.208653824559067e-15
6492.075471698113,1.8171023735804905e-16
6492.226415094339,-4.242821356463508e-15
6492.377358490566,-2.215966743294578e-15
6492.528301886792,-3.925339859907909e-15
6492.679245283019,9.715990764289029e-17
6492.830188679245,-6.386597931924678e-15
6492.981132075472,-1.004566155035162e-15
6493.132075471698,-7.863061273125507e-16
6493.2830188679245,-7.525465158820386e-15
6493.433962264151,1.153016769807135e-15
6493.584905660377,-2.5778046983876458e-15
6493.735849056604,-7.7065014142122e-15
6493.88679245283,4.62576739649308e-15
6494.037735849057,-1.0015795960399481e-14
6494.188679245283,3.058871712656191e-15
6494.33962264151,-7.817205268283016e-15
6494.490566037736,2.0564333178309926e-15
6494.641509433963,-7.374776851953055e-15
6494.792452830188,9.538250611277045e-16
6494.943396226415,-6.4135344763061784e-15
6495.094339622641,2.415935098696021e-15
6495.245283018868,-1.0999709014900222e-14
6495.396226415094,7.306588880790926e-15
6495.547169811321,-1.2394979320182867e-14
6495.698113207547,4.272532889806473e-15
6495.8490566037735,-7.678871231924623e-15
6496.0,1.1594374407312912e-15
6496.1509433962265,-7.233629222869812e-15
6496.301886792453,1.8850552055864187e-15
6496.452830188679,-6.76656789000591e-15
6496.603773584906,-1.1109249671106305e-15
6496.754716981132,-2.694124154011852e-15
6496.905660377359,-2.6505629822303773e-15
6497.056603773585,-5.803275448128504e-15
6497.207547169812,1.7786553888177977e-15
6497.358490566037,-4.574253317441402e-15
6497.509433962264,-8.399041044801419e-15
6497.66037735849,8.593378536400234e-15
6497.811320754717,-1.357226996251706e-14
6497.962264150943,3.5947811296251395e-16
6498.11320754717,2.0051980856694694e-15
6498.264150943396,-1.097706881285129e-14
6498.415094339623,2.860172982429728e-15
6498.566037735849,-4.948824068845938e-15
6498.7169811320755,-2.3710073820030337e-15
6498.867924528302,-4.001246973993076e-15
6499.018867924528,-2.4115430242617678e-15
6499.169811320755,4.3207568057034944e-16
6499.320754716981,-1.2026212835648672e-14
6499.471698113208,9.773154352476492e-15
6499.622641509434,-1.4209520353370973e-14
6499.773584905661,2.6320040324879906e-15
6499.924528301887,-2.2756184019676135e-15
6500.075471698113,-6.922500714216044e-15
6500.226415094339,6.558209868920394e-16
6500.377358490566,-4.40220051413676e-15
6500.528301886792,-3.1037757675918803e-15
6500.679245283019,-2.7572931872814517e-15
6500.830188679245,-2.3689490427339084e-15
6500.981132075472,-4.095639202837175e-15
6501.132075471698,-2.048300396129214e-15
6501.2830188679245,-3.3928335577674074e-15
6501.433962264151,-2.7691900478680063e-15
6501.584905660377,-3.422760026579245e-15
6501.735849056604,-2.281372214087818e-15
6501.88679245283,-3.65396001866555e-15
6502.037735849057,-2.5406582455568246e-15
6502.188679245283,-3.563356689914154e-15
6502.33962264151,-1.842066201635021e-15
6502.490566037736,-4.689295540586116e-15
6502.641509433963,-1.6766981648679324e-15
6502.792452830188,-3.164742529772257e-15
6502.943396226415,-3.4659372421489575e-15
6503.094339622641,-4.086080309543869e-15
6503.245283018868,1.40839381315575e-15
6503.396226415094,-1.0239811124641942e-14
6503.547169811321,3.8243689398994964e-15
6503.698113207547,-6.134714367178189e-15
6503.8490566037735,-4.740312169780609e-15
6504.0,1.6487346537808954e-15
6504.1509433962265,-7.76357846455417e-15
6504.301886792453,-1.877237608061364e-16
6504.452830188679,-4.0694533564902585e-15
6504.603773584906,-2.7058850908919658e-15
6504.754716981132,-3.747826227549482e-15
6504.905660377359,-1.8692159196555462e-15
6505.056603773585,-4.276008856327767e-15
6505.207547169812,-2.3133876183076594e-15
6505.358490566037,-3.315504997192763e-15
6505.509433962264,-3.0227484560593814e-15
6505.66037735849,-3.2756853665724915e-15
6505.811320754717,-2.65109273368625e-15
6505.962264150943,-3.574235728719819e-15
6506.11320754717,-2.764455163676559e-15
6506.264150943396,-3.1706243496345687e-15
6506.415094339623,-3.1483625082074636e-15
6506.566037735849,-3.0883989701011584e-15
6506.7169811320755,-2.9778701588069043e-15
6506.867924528302,-3.3020846289751543e-15
6507.018867924528,-2.9713744851739375e-15
6507.169811320755,-3.1007882096102506e-15
6507.320754716981,-3.2391370220517824e-15
6507.471698113208,-2.9937655694744172e-15
6507.622641509434,-3.152881234873868e-15
6507.773584905661,-3.1765644999786188e-15
6507.924528301887,-3.0879800283989454e-15
6508.075471698113,-3.0653823449017932e-15
6508.226415094339,-3.3101182543491725e-15
6508.377358490566,-2.9416560561180045e-15
6508.528301886792,-3.2541777574838082e-15
6508.679245283019,-3.1340714360542154e-15
6508.830188679245,-3.1391585696824194e-15
6508.981132075472,-3.0644029488423318e-15
6509.132075471698,-3.3660759202258304e-15
6509.2830188679245,-2.9106237610596174e-15
6509.433962264151,-3.3042493486611347e-15
6509.584905660377,-3.173513346192236e-15
6509.735849056604,-3.1031451746412186e-15
6509.88679245283,-3.1182926671003007e-15
6510.037735849057,-3.411876874114607e-15
6510.188679245283,-2.8787920068114195e-15
6510.33962264151,-3.2995006570937583e-15
6510.490566037736,-3.3599556102641744e-15
6510.641509433963,-2.874538874459376e-15
6510.792452830188,-3.292884860029572e-15
6510.943396226415,-3.484163687703424e-15
6511.094339622641,-2.76204730814399e-15
6511.245283018868,-3.190454337650611e-15
6511.396226415094,-4.0219396645836575e-15
6511.547169811321,-1.970771312212411e-15
6511.698113207547,-3.804622920943246e-15
6511.8490566037735,-3.93524909805046e-15
6512.0,-2.043844303540001e-15
6512.1509433962265,-2.614652856257468e-15
6512.301886792453,-7.218692082971974e-15
6512.452830188679,3.269854851292362e-15
6512.603773584906,-9.079236195605978e-15
6512.754716981132,-9.749018329555983e-16
6512.905660377359,-1.3059661699459554e-15
6513.056603773585,-7.667037154765353e-15
6513.207547169812,1.6097452608590272e-15
6513.358490566037,-7.387710594276556e-15
6513.509433962264,-3.4742697593465883e-16
6513.66037735849,-4.106652195209261e-15
6513.811320754717,-5.130757102446633e-15
6513.962264150943,7.372023343269566e-16
6514.11320754717,-7.106929408249803e-15
6514.264150943396,-2.1620311084974806e-15
6514.415094339623,-3.347680928606692e-16
6514.566037735849,-9.60190098369211e-15
6514.7169811320755,4.477580142806546e-15
6514.867924528302,-9.899491724394724e-15
6515.018867924528,9.712254268266009e-17
6515.169811320755,-2.8704345692627637e-15
6515.320754716981,-5.751190814810231e-15
6515.471698113208,-1.8413587905464745e-15
6515.622641509434,-1.329022651104723e-15
6515.773584905661,-9.031193581306018e-15
6515.924528301887,5.204146057275148e-15
6516.075471698113,-1.3465946901339534e-14
6516.226415094339,7.737290902369122e-15
6516.377358490566,-1.4303303980886567e-14
6516.528301886792,6.7516396613736706e-15
6516.679245283019,-1.2080389568654487e-14
6516.830188679245,4.2640995174200865e-15
6516.981132075472,-9.574157836792521e-15
6517.132075471698,1.3374906062234963e-15
6517.2830188679245,-6.755840777501913e-15
6517.433962264151,1.0729404374004137e-16
6517.584905660377,-7.687886578415726e-15
6517.735849056604,1.3472732815212872e-15
6517.88679245283,-6.3171105368415355e-15
6518.037735849057,-3.889139342078509e-15
6518.188679245283,6.703578354812577e-16
6518.33962264151,-8.209251533048682e-15
6518.490566037736,-1.4184180587640514e-15
6518.641509433963,4.288499360061544e-17
6518.792452830188,-1.1048638779119555e-14
6518.943396226415,4.690082395307735e-15
6519.094339622641,-7.486940958941923e-15
6519.245283018868,-4.889261536290748e-15
6519.396226415094,2.0259703015153837e-15
6519.547169811321,-8.432503331951034e-15
6519.698113207547,-2.52693441849205e-15
6519.8490566037735,1.0607055531036729e-15
6520.0,-1.0569435462617717e-14
6520.1509433962265,2.4430212176866364e-15
6520.301886792453,-5.1578770482058746e-15
6520.452830188679,-5.23468555503685e-15
6520.603773584906,-2.0445147753998813e-16
6520.754716981132,-6.15775754498412e-15
6520.905660377359,-1.1895128274562286e-15
6521.056603773585,-5.164589566667872e-15
6521.207547169812,-3.124863320377689e-15
6521.358490566037,-4.3136766330625275e-16
6521.509433962264,-9.861326507369972e-15
6521.66037735849,4.0542183772812754e-15
6521.811320754717,-7.894661279267428e-15
6521.962264150943,-4.512035353326635e-15
6522.11320754717,2.4006024222219872e-15
6522.264150943396,-9.727647536389365e-15
6522.415094339623,-1.4883322795830646e-15
6522.566037735849,9.852936260402107e-16
6522.7169811320755,-1.1445624961540213e-14
6522.867924528302,2.7310751610621234e-15
6523.018867924528,-3.9254873365245915e-15
6523.169811320755,-7.515553386419646e-15
6523.320754716981,4.848593896425856e-16
6523.471698113208,-3.39561090164255e-15
6523.622641509434,-6.9585875609633504e-15
6523.773584905661,7.05209792791996e-17
6523.924528301887,-4.5060802781858826e-15
6524.075471698113,-4.143124719255304e-15
6524.226415094339,-3.087664578236685e-15
6524.377358490566,-3.0838141567091917e-15
6524.528301886792,-2.482608254595752e-15
6524.679245283019,-8.160218862361862e-15
6524.830188679245,4.9394674860827544e-15
6524.981132075472,-1.2562010448431804e-14
6525.132075471698,2.569265559056055e-15
6525.2830188679245,-5.205695787876174e-15
6525.433962264151,-3.215698898419098e-15
6525.584905660377,-6.9235878816573926e-15
6525.735849056604,5.013837505051887e-15
6525.88679245283,-1.3417798804085864e-14
6526.037735849057,1.5527864335134263e-15
6526.188679245283,-4.185694661397976e-16
6526.33962264151,-1.1416700034396257e-14
6526.490566037736,2.4183244351504656e-15
6526.641509433963,-3.086595290349484e-15
6526.792452830188,-8.37928283419931e-15
6526.943396226415,1.9993765502122317e-16
6527.094339622641,-2.054540941552946e-15
6527.245283018868,-8.730668624207772e-15
6527.396226415094,-1.620758270075384e-16
6527.547169811321,5.317012981164267e-16
6527.698113207547,-1.5902620873633172e-14
6527.8490566037735,1.2618197911531689e-14
6528.0,-1.628184014068446e-14
6528.1509433962265,1.342618622520765e-15
6528.301886792453,-1.7533327417158087e-15
6528.452830188679,-6.157332652740271e-15
6528.603773584906,-5.366290640706323e-15
6528.754716981132,3.4093592018271182e-15
6528.905660377359,-1.1421229577902147e-14
6529.056603773585,2.337900616338802e-16
6529.207547169812,-1.2387090356007122e-15
6529.358490566037,-9.703165122740658e-15
6529.509433962264,2.339028886152755e-15
6529.66037735849,-6.1495675018194666e-15
6529.811320754717,-4.229388639808032e-15
6529.962264150943,-2.2576392743474056e-15
6530.11320754717,-2.1990314019260882e-15
6530.264150943396,-8.734560786078649e-15
6530.415094339623,3.4636654648541867e-15
6530.566037735849,-8.808053327974922e-15
6530.7169811320755,-2.396109048892239e-15
6530.867924528302,-1.0478724972102642e-15
6531.018867924528,-8.014958884423904e-15
6531.169811320755,1.9187418857147495e-15
6531.320754716981,-1.0412415912942777e-14
6531.471698113208,4.568201664513388e-15
6531.622641509434,-1.1353654836303431e-14
6531.773584905661,1.3021747955896685e-15
6531.924528301887,-4.070386738047733e-15
6532.075471698113,-6.78029686846221e-15
6532.226415094339,8.688648519634945e-16
6532.377358490566,-6.61831750077274e-15
6532.528301886792,-3.4673683618677545e-15
6532.679245283019,-1.3237910354060024e-15
6532.830188679245,-5.968481167302591e-15
6532.981132075472,-3.601347940893787e-15
6533.132075471698,-9.786772294667078e-16
6533.2830188679245,-5.622633260120329e-15
6533.433962264151,-6.812663901848269e-15
6533.584905660377,6.561469298645888e-15
6533.735849056604,-1.6946509518546843e-14
6533.88679245283,5.581939946980053e-15
6534.037735849057,-3.0897038494696316e-15
6534.188679245283,-1.3604372856170472e-14
6534.33962264151,1.0105620775671429e-14
6534.490566037736,-1.421587403242896e-14
6534.641509433963,8.297395490107187e-16
6534.792452830188,-4.7577990339166765e-15
6534.943396226415,4.601879376045762e-16
6535.094339622641,-1.5181264022374614e-14
6535.245283018868,1.3727016066473804e-14
6535.396226415094,-1.9082072340389065e-14
6535.547169811321,1.618637295373646e-15
6535.698113207547,3.1213217069343178e-15
6535.8490566037735,-1.5357284474160293e-14
6536.0,2.2336321534827684e-15
6536.1509433962265,1.876370159339032e-15
6536.301886792453,-1.5860197500508825e-14
6536.452830188679,4.106672935019645e-15
6536.603773584906,9.150365382022848e-16
6536.754716981132,-1.8136015824651335e-14
6536.905660377359,1.0269921900861562e-14
6537.056603773585,-7.793002248486573e-15
6537.207547169812,-9.732281565224524e-15
6537.358490566037,5.098176410928407e-15
6537.509433962264,-7.330362338147145e-15
6537.66037735849,-6.619478309470559e-15
6537.811320754717,1.7076543375282334e-15
6537.962264150943,-7.571125382301968e-15
6538.11320754717,-4.539562904125146e-16
6538.264150943396,-9.801014520861561e-15
6538.415094339623,6.059976832117075e-15
6538.566037735849,-1.2361186774841638e-14
6538.7169811320755,-2.1102704506206432e-15
6538.867924528302,2.8942313033264157e-15
6539.018867924528,-1.2615626714855662e-14
6539.169811320755,-3.6348864113644033e-16
6539.320754716981,2.2936455300431887e-15
6539.471698113208,-1.6406133458487313e-14
6539.622641509434,1.0099390017332376e-14
6539.773584905661,-1.41354524967121e-14
6539.924528301887,1.4949997306340113e-15
6540.075471698113,-2.927779471844741e-15
6540.226415094339,-1.123298804906343e-14
6540.377358490566,1.0554161806126524e-14
6540.528301886792,-2.1907899004583056e-14
6540.679245283019,1.253555315370043e-14
6540.830188679245,-1.1832817186086476e-14
6540.981132075472,-5.9750196541516936e-15
6541.132075471698,5.643303332604882e-15
6541.2830188679245,-1.4162517758891019e-14
6541.433962264151,3.554965934966267e-15
6541.584905660377,-7.232553365637586e-15
6541.735849056604,-2.6267610831833412e-15
6541.88679245283,-3.2505894744126784e-15
6542.037735849057,-5.915433969468728e-15
6542.188679245283,1.4899060610135888e-16
6542.33962264151,-8.689024470267553e-15
6542.490566037736,2.048279938715391e-15
6542.641509433963,-1.1011816266494343e-14
6542.792452830188,5.417788725539009e-15
6542.943396226415,-1.3446209280008915e-14
6543.094339622641,4.0906932953414604e-15
6543.245283018868,-8.50044335296801e-15
6543.396226415094,-8.248099450831249e-16
6543.547169811321,-7.128691292616129e-15
6543.698113207547,7.680664942842381e-16
6543.8490566037735,-7.21033105228952e-15
6544.0,-4.892953442601011e-15
6544.1509433962265,3.668456277627633e-15
6544.301886792453,-1.5207905165893492e-14
6544.452830188679,6.3241958616552704e-15
6544.603773584906,-7.210401834607472e-15
6544.754716981132,-8.618271099328704e-15
6544.905660377359,6.265848432795705e-15
6545.056603773585,-1.3430384104462425e-14
6545.207547169812,2.0028844027467564e-15
6545.358490566037,-6.6976525851626606e-15
6545.509433962264,-2.387378686501982e-16
6545.66037735849,-8.91576984142382e-15
6545.811320754717,-6.144226688245737e-16
6545.962264150943,-1.936378942953276e-16
6546.11320754717,-1.4581166109568328e-14
6546.264150943396,8.794164401084546e-15
6546.415094339623,-1.1090877110949872e-14
6546.566037735849,-4.287761102347007e-15
6546.7169811320755,6.199672903612103e-16
6546.867924528302,-5.696324059410051e-15
6547.018867924528,-7.483055503625951e-15
6547.169811320755,2.7984754563059495e-15
6547.320754716981,-7.242718952139759e-15
6547.471698113208,-7.997834048969089e-15
6547.622641509434,7.637154645221733e-15
6547.773584905661,-1.7620869533274957e-14
6547.924528301887,6.750306682781258e-15
6548.075471698113,-8.404753683820351e-15
6548.226415094339,-3.854062043244143e-15
6548.377358490566,-2.2972581039811078e-15
6548.528301886792,-4.626972642849126e-15
6548.679245283019,-3.752742207574222e-15
6548.830188679245,-3.750042498440353e-15
6548.981132075472,-4.50839156390945e-15
6549.132075471698,-9.881820825075703e-16
6549.2830188679245,-9.206970259840081e-15
6549.433962264151,2.3591230914525972e-15
6549.584905660377,-8.602802669216314e-15
6549.735849056604,-4.450799180130291e-16
6549.88679245283,-7.673312763928495e-15
6550.037735849057,8.785044231527162e-16
6550.188679245283,-6.2167561239019904e-15
6550.33962264151,-7.832434895560207e-15
6550.490566037736,6.479933579861399e-15
6550.641509433963,-1.4676423830435526e-14
6550.792452830188,4.247482636101588e-16
6550.943396226415,8.5384089304975985e-16
6551.094339622641,-1.3268546743660453e-14
6551.245283018868,3.3839631750657e-15
6551.396226415094,-4.640927835314486e-15
6551.547169811321,-8.616160295887369e-15
6551.698113207547,2.420621319615989e-15
6551.8490566037735,-7.808097025147081e-15
6552.0,-3.4464922546103237e-15
6552.1509433962265,-2.007915726782746e-15
6552.301886792453,-5.436749753577571e-15
6552.452830188679,-4.49556737913869e-15
6552.603773584906,-9.160098633290988e-16
6552.754716981132,-6.806821752842289e-15
6552.905660377359,-4.1909294537697996e-15
6553.056603773585,1.295848284181338e-15
6553.207547169812,-1.1657829888540097e-14
6553.358490566037,1.825143426820126e-15
6553.509433962264,-3.89546831446355e-15
6553.66037735849,-8.768653954970604e-15
6553.811320754717,1.7310849785905286e-15
6553.962264150943,-6.5582906225921995e-15
6554.11320754717,-3.34589725085952e-15
6554.264150943396,-6.5007536876896874e-15
6554.415094339623,3.626410138403755e-15
6554.566037735849,-1.3464596726696745e-14
6554.7169811320755,1.1973093942488542e-15
6554.867924528302,-2.8438802018840847e-16
6555.018867924528,-1.3167188001495452e-14
6555.169811320755,2.9807419584005167e-15
6555.320754716981,-1.965429726674575e-15
6555.471698113208,-1.3812994475995585e-14
6555.622641509434,7.229582358889928e-15
6555.773584905661,-9.249261886970751e-15
6555.924528301887,-6.114410910737504e-15
6556.075471698113,2.4053283500254087e-15
6556.226415094339,-9.25765599162403e-15
6556.377358490566,-1.870129381664768e-15
6556.528301886792,-3.693119062776e-15
6556.679245283019,-3.705162232688041e-15
6556.830188679245,-5.887635752913055e-15
6556.981132075472,-8.64610859901915e-16
6557.132075471698,-6.159571565659739e-15
6557.2830188679245,-3.3738580224104342e-15
6557.433962264151,-3.493599164906338e-15
6557.584905660377,-3.4390954882405158e-15
6557.735849056604,-6.304544601505849e-15
6557.88679245283,-4.028358218409226e-16
6558.037735849057,-6.329059068330683e-15
6558.188679245283,-3.975921496308497e-15
6558.33962264151,-2.6339764110083056e-15
6558.490566037736,-2.8995939526244254e-15
6558.641509433963,-9.788076373647034e-15
6558.792452830188,5.49935452338768e-15
6558.943396226415,-1.1990371426725857e-14
6559.094339622641,-1.5999571843342688e-15
6559.245283018868,-5.537291678383e-16
6559.396226415094,-8.357939506433524e-15
6559.547169811321,-3.2567346013074422e-15
6559.698113207547,-6.014561859450603e-17
6559.8490566037735,-8.67693182598884e-15
6560.0,-2.5795436684457273e-15
6560.1509433962265,-4.33348626808342e-16
6560.301886792453,-1.063883268031102e-14
6560.452830188679,3.717339077154384e-15
6560.603773584906,-1.1332830089587807e-14
6560.754716981132,3.1470823907343015e-15
6560.905660377359,-1.0810483778327436e-14
6561.056603773585,2.434934169151799e-15
6561.207547169812,-8.737697180602988e-15
6561.358490566037,-1.957522729178295e-15
6561.509433962264,-3.059128531409134e-15
6561.66037735849,-5.535382916527043e-15
6561.811320754717,-4.333325336508051e-15
6561.962264150943,-1.4920675494681406e-15
6562.11320754717,-4.609093695264878e-15
6562.264150943396,-9.727723865494077e-15
6562.415094339623,9.110903921743501e-15
6562.566037735849,-1.957161433080721e-14
6562.7169811320755,7.342959288624797e-15
6562.867924528302,-7.024419658893484e-15
6563.018867924528,-7.02522422445981e-15
6563.169811320755,-1.0021508409743844e-15
6563.320754716981,-1.2841826403247088e-15
6563.471698113208,-1.2262713986275384e-14
6563.622641509434,4.63728603586008e-15
6563.773584905661,-7.189088973306822e-15
6563.924528301887,-6.525761000942624e-15
6564.075471698113,-4.588139749510192e-16
6564.226415094339,-3.1929964305737723e-15
6564.377358490566,-9.621844787463366e-15
6564.528301886792,2.7947198321532477e-15
6564.679245283019,-7.589015610865397e-15
6564.830188679245,-4.520366296976996e-15
6564.981132075472,-1.2747121763515861e-15
6565.132075471698,-6.047912133254145e-15
6565.2830188679245,-3.81642898741029e-15
6565.433962264151,-2.3089549185631392e-15
6565.584905660377,-6.739463931248284e-15
6565.735849056604,-8.253262170106116e-16
6565.88679245283,-6.430182927284518e-15
6566.037735849057,-3.1996447491036536e-15
6566.188679245283,-3.4688337474373054e-15
6566.33962264151,-2.875893868898594e-15
6566.490566037736,-1.0307068101518758e-14
6566.641509433963,8.443801186954066e-15
6566.792452830188,-1.849112882841858e-14
6566.943396226415,6.121882524126807e-15
6567.094339622641,-5.402475037355171e-15
6567.245283018868,-1.010613500428094e-14
6567.396226415094,4.5901149734932645e-15
6567.547169811321,-1.0039252466548525e-14
6567.698113207547,-1.8200757833754776e-15
6567.8490566037735,-4.3307246337931574e-15
6568.0,-2.728201293712392e-15
6568.1509433962265,-6.403418505881246e-15
6568.301886792453,-2.8533961806338964e-15
6568.452830188679,-1.2616162842296123e-15
6568.603773584906,-1.0235884354666453e-14
6568.754716981132,2.3902601677747507e-15
6568.905660377359,-6.662893620242972e-15
6569.056603773585,-6.251599720413806e-15
6569.207547169812,1.3342246252807881e-15
6569.358490566037,-9.236737869400236e-15
6569.509433962264,-8.051859948597384e-16
6569.66037735849,-5.097164896038836e-15
6569.811320754717,-3.7638080750974514e-15
6569.962264150943,-4.407378434612585e-15
6570.11320754717,-3.0908806857555407e-15
6570.264150943396,-5.029590646441402e-15
6570.415094339623,-3.299111036378282e-15
6570.566037735849,-4.031863104971801e-15
6570.7169811320755,-4.660013324047342e-15
6570.867924528302,-2.8389508335703067e-15
6571.018867924528,-5.143365982683157e-15
6571.169811320755,-3.414352702611252e-15
6571.320754716981,-3.942916215480244e-15
6571.471698113208,-3.75097241176822e-15
6571.622641509434,-6.037367774291528e-15
6571.773584905661,6.070591555875104e-16
6571.924528301887,-1.0446159821789707e-14
6572.075471698113,2.6496100742847265e-15
6572.226415094339,-9.542114376487232e-15
6572.377358490566,2.6196907152857723e-17
6572.528301886792,-6.3817757839783716e-15
6572.679245283019,-4.1249694710178764e-15
6572.830188679245,1.4296461586048343e-16
6572.981132075472,-1.2868903178543329e-14
6573.132075471698,7.863736225507507e-15
6573.2830188679245,-1.4738588209770652e-14
6573.433962264151,1.0285715874311212e-15
6573.584905660377,-1.2025890824090229e-15
6573.735849056604,-1.2708142163695132e-14
6573.88679245283,5.799355932482725e-15
6574.037735849057,-1.0832763917213894e-14
6574.188679245283,-7.3702528462214e-16
6574.33962264151,-6.033410812373076e-15
6574.490566037736,-1.2911811792953575e-15
6574.641509433963,-6.692682201309474e-15
6574.792452830188,-3.808835731464147e-15
6574.943396226415,-4.337141022257299e-16
6575.094339622641,-9.942865231287971e-15
6575.245283018868,1.3725289482379851e-15
6575.396226415094,-7.100872043513725e-15
6575.547169811321,-2.5167544175316622e-15
6575.698113207547,-5.78749888171984e-15
6575.8490566037735,-1.4688769719210594e-15
6576.0,-5.517513574569462e-15
6576.1509433962265,-5.812917030889282e-15
6576.301886792453,1.0412843778267127e-15
6576.452830188679,-9.362042763162116e-15
6576.603773584906,-2.050880033019681e-15
6576.754716981132,-1.1142667345969945e-15
6576.905660377359,-1.0219503239204644e-14
6577.056603773585,2.4314501644624896e-15
6577.207547169812,-8.481498428600994e-15
6577.358490566037,-1.8429576586769425e-15
6577.509433962264,-5.036755543851476e-15
6577.66037735849,-2.838598193293874e-15
6577.811320754717,-5.983730432804464e-15
6577.962264150943,-1.5267569534275452e-15
6578.11320754717,-6.275309099753195e-15
6578.264150943396,-2.761704606765174e-15
6578.415094339623,-4.0658704025959936e-15
6578.566037735849,-4.5697544852551465e-15
6578.7169811320755,-4.124179307924007e-15
6578.867924528302,-2.391202193091008e-15
6579.018867924528,-6.509298330380766e-15
6579.169811320755,-2.9631229615935386e-15
6579.320754716981,-1.4513965006016973e-15
6579.471698113208,-1.022035212050272e-14
6579.622641509434,2.8865384374242662e-15
6579.773584905661,-7.307590610371934e-15
6579.924528301887,-7.402472285693222e-15
6580.075471698113,5.477282327731602e-15
6580.226415094339,-1.542203503049849e-14
6580.377358490566,3.811681861126213e-15
6580.528301886792,-4.978598744991775e-15
6580.679245283019,-9.646088338855013e-15
6580.830188679245,5.6301717077350165e-15
6580.981132075472,-1.5213663082682117e-14
6581.132075471698,6.50964646039149e-15
6581.2830188679245,-1.057367922984333e-14
6581.433962264151,-5.9344878085402306e-15
6581.584905660377,8.509057646912883e-15
6581.735849056604,-2.3240939242106166e-14
6581.88679245283,1.2736706127383958e-14
6582.037735849057,-1.0686761247927953e-14
6582.188679245283,-7.025289515736459e-15
6582.33962264151,3.6692744822011626e-16
6582.490566037736,-1.2157493544344311e-15
6582.641509433963,-1.5617149967116184e-14
6582.792452830188,1.0654402115128339e-14
6582.943396226415,-1.52142052260475e-14
6583.094339622641,2.191855709503068e-15
6583.245283018868,-8.956276741393023e-15
6583.396226415094,3.439491445264058e-15
6583.547169811321,-1.3688753048237481e-14
6583.698113207547,3.631273931400601e-15
6583.8490566037735,-5.604517967395837e-15
6584.0,-9.0574108543656e-15
6584.1509433962265,4.359413432755802e-15
6584.301886792453,-1.1176866699599552e-14
6584.452830188679,-1.3751600646866757e-15
6584.603773584906,-1.840378898138293e-15
6584.754716981132,-8.53788548070079e-15
6584.905660377359,-6.919833123786967e-16
6585.056603773585,-4.731807060325935e-15
6585.207547169812,-3.9817999887259235e-15
6585.358490566037,-6.436308840785468e-15
6585.509433962264,3.759368488422156e-16
6585.66037735849,-5.396881842800226e-15
6585.811320754717,-1.095883800954527e-14
6585.962264150943,1.0438699834285602e-14
6586.11320754717,-1.8208449466483033e-14
6586.264150943396,1.2757662995800991e-15
6586.415094339623,9.960616772274363e-16
6586.566037735849,-1.2148173158986523e-14
6586.7169811320755,-2.351052434751563e-15
6586.867924528302,4.495127768871448e-15
6587.018867924528,-1.817046206874495e-14
6587.169811320755,7.109289144621754e-15
6587.320754716981,-6.215754056027069e-15
6587.471698113208,-1.033271788558166e-14
6587.622641509434,5.268741365591731e-15
6587.773584905661,-1.0218549730897648e-14
6587.924528301887,-3.881616377028907e-15
6588.075471698113,1.0483616068200223e-15
6588.226415094339,-1.171934250810728e-14
6588.377358490566,3.980333172043847e-15
6588.528301886792,-1.0883368146773027e-14
6588.679245283019,7.370252644070683e-16
6588.830188679245,-6.787308642508232e-15
6588.981132075472,-1.0043144671329988e-15
6589.132075471698,-1.1354957127609386e-14
6589.2830188679245,1.0393142907685319e-14
6589.433962264151,-2.3695965357438793e-14
6589.584905660377,1.444992738543343e-14
6589.735849056604,-1.4311258356744915e-14
6589.88679245283,-4.7564515635459605e-15
6590.037735849057,4.937070655440169e-15
6590.188679245283,-1.5189319305384764e-14
6590.33962264151,3.743826153480893e-15
6590.490566037736,-5.774794839406705e-15
6590.641509433963,-7.34585914859126e-15
6590.792452830188,1.1786534297638256e-15
6590.943396226415,-8.118957642728297e-15
6591.094339622641,-2.0064754299909015e-15
6591.245283018868,-4.7502219328803234e-15
6591.396226415094,-3.568441218144059e-15
6591.547169811321,-4.551033208255596e-15
6591.698113207547,-3.51479146999791e-15
6591.8490566037735,-4.237435340946191e-15
6592.0,-4.57165050997987e-15
6592.1509433962265,-2.3591753030673305e-15
6592.301886792453,-6.379390488529873e-15
6592.452830188679,-1.9751151786681698e-15
6592.603773584906,-5.283024661167589e-15
6592.754716981132,-2.6043394276466415e-15
6592.905660377359,-7.326166065405161e-15
6593.056603773585,2.234447134728875e-15
6593.207547169812,-1.2643446095182742e-14
6593.358490566037,5.151020951200776e-15
6593.509433962264,-1.1793303386701507e-14
6593.66037735849,1.3649872384606354e-15
6593.811320754717,-7.36863490753544e-15
6593.962264150943,-1.2033233352266944e-15
6594.11320754717,-7.999643020184308e-15
6594.264150943396,1.794475862655504e-15
6594.415094339623,-1.0391143013689338e-14
6594.566037735849,4.0585040145087875e-16
6594.7169811320755,-4.998477797750959e-15
6594.867924528302,-4.576409670347759e-15
6595.018867924528,-6.6088259015417384e-15
6595.169811320755,5.109716611978202e-15
6595.320754716981,-1.7245907152247682e-14
6595.471698113208,5.6130920562512986e-15
6595.622641509434,-3.3933067782313077e-15
6595.773584905661,-1.3537380079865043e-14
6595.924528301887,5.128235350371932e-15
6596.075471698113,-3.4056306275453283e-15
6596.226415094339,-1.5043331177550478e-14
6596.377358490566,8.732616880085601e-15
6596.528301886792,-8.529920095660949e-15
6596.679245283019,-9.555982693965168e-15
6596.830188679245,4.193157997246699e-15
6596.981132075472,-5.638426234746717e-15
6597.132075471698,-1.172743490150382e-14
6597.2830188679245,8.3502084015693e-15
6597.433962264151,-1.432977658648109e-14
6597.584905660377,1.3701219282146832e-15
6597.735849056604,-5.934416001474742e-15
6597.88679245283,-2.830376374074881e-15
6598.037735849057,-5.1124737835192136e-15
6598.188679245283,-4.42516252732254e-15
6598.33962264151,-1.9996081783625807e-16
6598.490566037736,-1.1795961837506009e-14
6598.641509433963,6.646636503618805e-15
6598.792452830188,-1.4260320954949848e-14
6598.943396226415,1.0041227209913088e-15
6599.094339622641,4.435199230513525e-16
6599.245283018868,-1.7827806489981923e-14
6599.396226415094,1.3798468423607986e-14
6599.547169811321,-1.8093829924984165e-14
6599.698113207547,1.7155212916606485e-15
6599.8490566037735,-2.0117563595919274e-15
6600.0,-9.51871194546101e-15
6600.1509433962265,1.3204584057071125e-15
6600.301886792453,-7.525765638508008e-15
6600.452830188679,-2.4085140078228905e-15
6600.603773584906,-3.5758290777112184e-15
6600.754716981132,-5.7980658803791415e-15
6600.905660377359,-2.9671938238917696e-15
6601.056603773585,-1.3213696626486017e-15
6601.207547169812,-1.0907369774973138e-14
6601.358490566037,3.4460345578027168e-15
6601.509433962264,-5.428309101033087e-15
6601.66037735849,-1.2958681834801274e-14
6601.811320754717,1.3510908732213767e-14
6601.962264150943,-2.155564681287765e-14
6602.11320754717,3.8208473346406575e-15
6602.264150943396,2.179907776095828e-15
6602.415094339623,-1.894254018615115e-14
6602.566037735849,8.912994947496448e-15
6602.7169811320755,-6.491912754367385e-15
6602.867924528302,-1.1438854551518908e-14
6603.018867924528,5.8686996085575325e-15
6603.169811320755,-8.503385620690196e-15
6603.320754716981,-6.4545532237875714e-15
6603.471698113208,1.5063682135238026e-15
6603.622641509434,-7.873299422903604e-15
6603.773584905661,-2.2257644530053053e-15
6603.924528301887,-6.2641156769150795e-15
6604.075471698113,4.0679922576846975e-16
6604.226415094339,-7.811131699644489e-15
6604.377358490566,-4.73944161707362e-15
6604.528301886792,1.4809524233307517e-15
6604.679245283019,-7.726239706905904e-15
6604.830188679245,-1.0302858937385973e-14
6604.981132075472,1.5523254613529063e-14
6605.132075471698,-3.0243702602886664e-14
6605.2830188679245,1.6892491209235886e-14
6605.433962264151,-9.391433195034467e-15
6605.584905660377,-1.4940773943724373e-14
6605.735849056604,1.5183961018476118e-14
6605.88679245283,-1.9736775822782486e-14
6606.037735849057,1.862845808107732e-15
6606.188679245283,-2.23016657315246e-15
6606.33962264151,-4.479729047239993e-15
6606.490566037736,-1.218275978917996e-14
6606.641509433963,1.3668583737218356e-14
6606.792452830188,-2.4919554143583622e-14
6606.943396226415,1.344880695088484e-14
6607.094339622641,-1.54534740236306e-14
6607.245283018868,4.593420681301371e-15
6607.396226415094,-1.2942560627090772e-14
6607.547169811321,4.633401542834494e-15
6607.698113207547,-6.919869803106271e-15
6607.8490566037735,-1.050896738633125e-14
6608.0,9.730814242574755e-15
6608.1509433962265,-1.651814398894282e-14
6608.301886792453,1.9011587267525844e-16
6608.452830188679,1.2809614075259202e-15
6608.603773584906,-1.3321535897826314e-14
6608.754716981132,3.847985307121627e-15
6608.905660377359,-7.88741724160612e-15
6609.056603773585,-2.621883146856367e-15
6609.207547169812,-4.1713928907222136e-15
6609.358490566037,-4.413815929831497e-15
6609.509433962264,-2.2359058187673252e-15
6609.66037735849,-6.859920157779699e-15
6609.811320754717,-1.6239666859144807e-16
6609.962264150943,-8.08359122642907e-15
6610.11320754717,2.5893016839430683e-16
6610.264150943396,-6.878147445153938e-15
6610.415094339623,-4.122199512290164e-15
6610.566037735849,4.464638485519893e-16
6610.7169811320755,-1.0525898038743959e-14
6610.867924528302,8.266103676629022e-16
6611.018867924528,-3.635839473780231e-15
6611.169811320755,-8.262767968126676e-15
6611.320754716981,3.023179253084693e-16
6611.471698113208,-4.477932576339585e-15
6611.622641509434,-6.382513546237214e-15
6611.773584905661,-1.86948835706588e-15
6611.924528301887,-3.0165064555264116e-15
6612.075471698113,-6.7004173196077395e-15
6612.226415094339,-1.9146021534304965e-15
6612.377358490566,-4.17955195186683e-15
6612.528301886792,-2.5091040796242132e-15
6612.679245283019,-1.0645307423376126e-14
6612.830188679245,9.795586219374838e-15
6612.981132075472,-2.0971846698236826e-14
6613.132075471698,1.0108111269121821e-14
6613.2830188679245,-1.038926056446782e-14
6613.433962264151,-3.484197514671462e-15
6613.584905660377,-3.886208548383051e-15
6613.735849056604,4.597979735118633e-16
6613.88679245283,-1.2147344363470758e-14
6614.037735849057,4.006718115930522e-15
6614.188679245283,-7.934977774947309e-15
6614.33962264151,-2.8611237620721435e-15
6614.490566037736,-5.377659666857786e-15
6614.641509433963,1.6204374154432118e-16
6614.792452830188,-8.001973370038151e-15
6614.943396226415,-4.870937592518122e-15
6615.094339622641,5.321326540142906e-15
6615.245283018868,-1.7905377875964477e-14
6615.396226415094,6.639692836270394e-15
6615.547169811321,-3.740630169091363e-15
6615.698113207547,-1.4040932984851747e-14
6615.8490566037735,8.219730281065218e-15
6616.0,-8.519035073430981e-15
6616.1509433962265,-9.682630376733957e-15
6616.301886792453,7.506544512563683e-15
6616.452830188679,-1.1963256996305429e-14
6616.603773584906,-5.0291143642916055e-15
6616.754716981132,6.308520778822372e-15
6616.905660377359,-1.7247329236248806e-14
6617.056603773585,6.133624161646845e-15
6617.207547169812,-6.965748784066675e-15
6617.358490566037,-6.279817152770652e-15
6617.509433962264,2.053272783103951e-16
6617.66037735849,-6.015502903499577e-15
6617.811320754717,-4.278830193072235e-15
6617.962264150943,-2.3784756587506778e-15
6618.11320754717,-4.118472014063274e-15
6618.264150943396,-5.237797247738223e-15
6618.415094339623,-2.47669925516143e-15
6618.566037735849,-2.369576194822116e-15
6618.7169811320755,-9.069893070813735e-15
6618.867924528302,3.254502677631331e-15
6619.018867924528,-9.335199468261493e-15
6619.169811320755,-1.5452263479470693e-15
6619.320754716981,-3.959168123454256e-15
6619.471698113208,-3.4259085569052903e-15
6619.622641509434,-5.2410494474633566e-15
6619.773584905661,-3.1359928840148036e-15
6619.924528301887,-5.769758568435812e-16
6620.075471698113,-1.2644997691061302e-14
6620.226415094339,9.268326523364431e-15
6620.377358490566,-1.6809169565820535e-14
6620.528301886792,4.0793149991016045e-15
6620.679245283019,-3.3179548826832328e-15
6620.830188679245,-1.1637715629217345e-14
6620.981132075472,6.1332998202669455e-15
6621.132075471698,-9.034251081604605e-15
6621.2830188679245,-6.75278195002408e-15
6621.433962264151,5.463290174476141e-15
6621.584905660377,-1.4100904016610131e-14
6621.735849056604,3.789210562625083e-15
6621.88679245283,-8.3165220619034e-15
6622.037735849057,-5.609939712308775e-16
6622.188679245283,-6.354842284660501e-15
6622.33962264151,-2.855731034164714e-15
6622.490566037736,-1.7274360077451609e-15
6622.641509433963,-8.482644502839687e-15
6622.792452830188,1.841038204887856e-15
6622.943396226415,-8.248504827010948e-15
6623.094339622641,-1.2006231909862858e-15
6623.245283018868,-4.89284136749001e-15
6623.396226415094,-2.8538329392002204e-15
6623.547169811321,-5.270099372588662e-15
6623.698113207547,-1.4864351141302294e-15
6623.8490566037735,-6.14907209770421e-15
6624.0,-1.956521616376224e-15
6624.1509433962265,-4.5349598199992804e-15
6624.301886792453,-3.47543222366423e-15
6624.452830188679,-4.524625265355891e-15
6624.603773584906,-1.5138129362905933e-15
6624.754716981132,-7.078560409950056e-15
6624.905660377359,-9.057916032006278e-16
6625.056603773585,-4.255841051397522e-15
6625.207547169812,-5.104158624950674e-15
6625.358490566037,-3.726251478058103e-15
6625.509433962264,1.6073513897412179e-15
6625.66037735849,-1.4908354839391857e-14
6625.811320754717,9.001491538033145e-15
6625.962264150943,-1.160231720880068e-14
6626.11320754717,-4.068751466979274e-15
6626.264150943396,3.4280791381823766e-15
6626.415094339623,-1.3560994025745756e-14
6626.566037735849,5.995103737887186e-15
6626.7169811320755,-1.2650510941094318e-14
6626.867924528302,4.890738567964791e-15
6627.018867924528,-1.1801458326369164e-14
6627.169811320755,3.3519812658691597e-15
6627.320754716981,-9.03363432740045e-15
6627.471698113208,-3.683849523260497e-16
6627.622641509434,-5.216536845332217e-15
6627.773584905661,-2.8543050120277466e-15
6627.924528301887,-4.977856732014949e-15
6628.075471698113,-1.8115072570598285e-15
6628.226415094339,-4.629617696227796e-15
6628.377358490566,-5.371589740964332e-15
6628.528301886792,1.1123372094001274e-15
6628.679245283019,-1.0161311766374976e-14
6628.830188679245,2.6753576059798203e-15
6628.981132075472,-8.794495428957706e-15
6629.132075471698,3.954429029960797e-16
6629.2830188679245,-7.022685280975522e-15
6629.433962264151,-9.32983020917335e-16
6629.584905660377,-5.5611312521059915e-15
6629.735849056604,-2.028197485659588e-15
6629.88679245283,-6.175413631505704e-15
6630.037735849057,5.588623047001569e-16
6630.188679245283,-8.205236403046885e-15
6630.33962264151,-1.6266699904087458e-15
6630.490566037736,-1.2654913119106664e-15
6630.641509433963,-8.263056257017247e-15
6630.792452830188,-1.8356125528718168e-15
6630.943396226415,1.2662896746153037e-15
6631.094339622641,-1.425422880469228e-14
6631.245283018868,8.396985816583222e-15
6631.396226415094,-1.346122278007728e-14
6631.547169811321,3.8110618277357796e-15
6631.698113207547,-9.89771839534564e-15
6631.8490566037735,1.495420207407667e-15
6632.0,-5.735346604153347e-15
6632.1509433962265,-5.241022313502428e-15
6632.301886792453,-3.4579990007261483e-16
6632.452830188679,-4.524502188312097e-15
6632.603773584906,-7.134918424806233e-15
6632.754716981132,2.630113860417432e-15
6632.905660377359,-7.664498404976815e-15
6633.056603773585,-5.891279160629576e-15
6633.207547169812,5.596079938164455e-15
6633.358490566037,-1.570401663855074e-14
6633.509433962264,5.9202495266267424e-15
6633.66037735849,-6.857923132122501e-15
6633.811320754717,-6.00972074202543e-15
6633.962264150943,1.320804557606605e-15
6634.11320754717,-7.603331548174917e-15
6634.264150943396,-1.4608068055435147e-15
6634.415094339623,-4.6039350584373176e-15
6634.566037735849,-2.1802666426719268e-15
6634.7169811320755,-5.610890968105094e-15
6634.867924528302,-1.4181769133438006e-15
6635.018867924528,-4.975106289206163e-15
6635.169811320755,-2.7502429965258062e-15
6635.320754716981,-4.410307052925162e-15
6635.471698113208,-1.897877175824904e-15
6635.622641509434,-5.713423198467177e-15
6635.773584905661,-1.7083594573202012e-15
6635.924528301887,-4.2078163084116985e-15
6636.075471698113,-3.557475345931849e-15
6636.226415094339,-4.17438642199496e-15
6636.377358490566,-1.0355467264408653e-15
6636.528301886792,-6.9463103175199245e-15
6636.679245283019,-1.7564811347857821e-15
6636.830188679245,-1.3727474648562442e-15
6636.981132075472,-8.680313454066057e-15
6637.132075471698,9.769794509228975e-16
6637.2830188679245,-3.320062254699792e-15
6637.433962264151,-9.23294592922588e-15
6637.584905660377,5.215738794551968e-15
6637.735849056604,-1.1229040220313461e-14
6637.88679245283,1.3674467469020828e-15
6638.037735849057,-6.815610132034077e-15
6638.188679245283,1.5959645034431954e-15
6638.33962264151,-1.2029713510017008e-14
6638.490566037736,7.135092545484398e-15
6638.641509433963,-1.2757339749474835e-14
6638.792452830188,2.478090009860987e-15
6638.943396226415,-6.5535766838948825e-15
6639.094339622641,-1.773327017020479e-15
6639.245283018868,-3.657202358454663e-15
6639.396226415094,-5.719993108208654e-15
6639.547169811321,5.96094073070116e-16
6639.698113207547,-5.31495166872464e-15
6639.8490566037735,-8.425959055772886e-15
6640.0,9.968278857181444e-15
6640.1509433962265,-2.195523165321742e-14
6640.301886792453,1.469150722262801e-14
6640.452830188679,-1.732293687359593e-14
6640.603773584906,6.23764737552325e-15
6640.754716981132,-1.098823776563579e-14
6640.905660377359,3.592394069159793e-15
6641.056603773585,-9.22817273150919e-15
6641.207547169812,-7.869653428051879e-17
6641.358490566037,-4.454790834482073e-15
6641.509433962264,-2.298577114663719e-15
6641.66037735849,-6.319748068829402e-15
6641.811320754717,-3.77466400749199e-16
6641.962264150943,-1.3166539121206037e-15
6642.11320754717,-1.4535965735532063e-14
6642.264150943396,1.4930243128529495e-14
6642.415094339623,-2.089109432149935e-14
6642.566037735849,5.16727214946921e-15
6642.7169811320755,-7.616273807722669e-16
6642.867924528302,-1.1696667833374358e-14
6643.018867924528,2.0886224013879727e-15
6643.169811320755,-2.2138057351321904e-16
6643.320754716981,-1.4346123788743953e-14
6643.471698113208,9.86191585137272e-15
6643.622641509434,-1.2657695151388788e-14
6643.773584905661,-4.375890818091516e-16
6643.924528301887,-1.3958549509436022e-15
6644.075471698113,-6.958785247002386e-15
6644.226415094339,1.9409395721461632e-16
6644.377358490566,-6.7685991926985414e-15
6644.528301886792,2.7282570996050856e-16
6644.679245283019,-6.093267211317852e-15
6644.830188679245,-2.2961158023761274e-15
6644.981132075472,-3.971032621093813e-15
6645.132075471698,1.1122438546412588e-15
6645.2830188679245,-1.4883330803673162e-14
6645.433962264151,1.4158640825849421e-14
6645.584905660377,-2.0135236098178627e-14
6645.735849056604,5.5092860895301165e-15
6645.88679245283,-7.243908547420215e-16
6646.037735849057,-1.4570012115763138e-14
6646.188679245283,1.057454326314405e-14
6646.33962264151,-1.3713159271952764e-14
6646.490566037736,7.471538977886871e-16
6646.641509433963,-1.5338998571868908e-15
6646.792452830188,-7.252533673504834e-15
6646.943396226415,-1.033174724506285e-15
6647.094339622641,-1.4530162473754426e-15
6647.245283018868,-8.496719290351612e-15
6647.396226415094,3.168962557417423e-15
6647.547169811321,-8.83085880850499e-15
6647.698113207547,1.1086096525939848e-15
6647.8490566037735,-6.9485740496851886e-15
6648.0,2.7631722257386886e-16
6648.1509433962265,-6.061629585073289e-15
6648.301886792453,-1.656344517843445e-15
6648.452830188679,-3.801711425117831e-15
6648.603773584906,-2.197903659173552e-15
6648.754716981132,-5.771174319285206e-15
6648.905660377359,1.135873147876848e-16
6649.056603773585,-4.584489721886849e-15
6649.207547169812,-5.8817542817032026e-15
6649.358490566037,2.70344546620162e-15
6649.509433962264,-8.486423496357741e-15
6649.66037735849,-2.2303379552507223e-15
6649.811320754717,9.729883730163426e-16
6649.962264150943,-9.867881859139237e-15
6650.11320754717,2.6972296069282363e-15
6650.264150943396,-6.6756858730911595e-15
6650.415094339623,-1.0866319837623852e-15
6650.566037735849,-5.472851288164354e-15
6650.7169811320755,-7.986171353053748e-17
6650.867924528302,-5.944156928599758e-15
6651.018867924528,-1.7338074337063211e-15
6651.169811320755,-3.5114165679427703e-15
6651.320754716981,-2.1197906966599073e-15
6651.471698113208,-5.779373685079953e-15
6651.622641509434,-1.7536635053066069e-16
6651.773584905661,-3.4208981867886896e-15
6651.924528301887,-7.245193179266904e-15
6652.075471698113,3.64114967447436e-15
6652.226415094339,-7.261560326022785e-15
6652.377358490566,-6.910437833966891e-15
6652.528301886792,9.713902084991259e-15
6652.679245283019,-1.9514996294345032e-14
6652.830188679245,8.088248323555297e-15
6652.981132075472,-3.4350795672835467e-15
6653.132075471698,-1.0981334817208302e-14
6653.2830188679245,4.283094872127167e-15
6653.433962264151,-2.381794080702594e-15
6653.584905660377,-1.2085332900157611e-14
6653.735849056604,8.47802849164072e-15
6653.88679245283,-1.145945139328057e-14
6654.037735849057,1.221154039868168e-15
6654.188679245283,-5.863565946552944e-15
6654.33962264151,3.664869341294269e-16
6654.490566037736,-5.951215550333951e-15
6654.641509433963,-3.515616817271002e-15
6654.792452830188,2.041403823221573e-15
6654.943396226415,-1.0102753093194491e-14
6655.094339622641,1.154020161462563e-15
6655.245283018868,-1.1278786687214887e-15
6655.396226415094,-9.400513707085555e-15
6655.547169811321,2.553913308062378e-15
6655.698113207547,-2.9980612463723622e-15
6655.8490566037735,-8.93430234621489e-15
6656.0,4.963608181887804e-15
6656.1509433962265,-8.674780905774112e-15
6656.301886792453,-2.744269935399149e-16
6656.452830188679,-5.878874803546152e-15
6656.603773584906,3.4445813099076475e-15
6656.754716981132,-1.2647355969656503e-14
6656.905660377359,6.0917051828771215e-15
6657.056603773585,-7.587248548464003e-15
6657.207547169812,-3.2370359518501397e-15
6657.358490566037,-2.6813733320586598e-16
6657.509433962264,-5.645448989144662e-15
6657.66037735849,-3.6623777450700805e-16
6657.811320754717,-6.734993970674169e-15
6657.962264150943,2.2607435949242373e-15
6658.11320754717,-6.81242770073582e-15
6658.264150943396,-4.808210254095629e-15
6658.415094339623,7.276322116305265e-15
6658.566037735849,-1.8767776110088478e-14
6658.7169811320755,1.1154945584727733e-14
6658.867924528302,-7.69843538933431e-15
6659.018867924528,-9.090906301241216e-15
6659.169811320755,8.257322428345361e-15
6659.320754716981,-9.197569559506255e-15
6659.471698113208,-8.169259678525643e-15
6659.622641509434,1.3432230928158606e-14
6659.773584905661,-2.3805289278553968e-14
6659.924528301887,1.5686076127870794e-14
6660.075471698113,-1.5936125289849247e-14
6660.226415094339,5.970444261438228e-15
6660.377358490566,-1.0256896964035747e-14
6660.528301886792,4.49220574646068e-15
6660.679245283019,-9.366791953683487e-15
6660.830188679245,1.5185539530242753e-15
6660.981132075472,-4.990182451710837e-15
6661.132075471698,-1.4086127335879549e-15
6661.2830188679245,-4.8529809479758895e-15
6661.433962264151,-8.40682654709324e-16
6661.584905660377,-2.340433254142379e-15
6661.735849056604,-7.456138216351959e-15
6661.88679245283,4.9428725314072665e-15
6662.037735849057,-1.0617824057490168e-14
6662.188679245283,2.975610354441113e-15
6662.33962264151,-7.139428982311773e-15
6662.490566037736,2.3856589477721132e-15
6662.641509433963,-1.0191084411755324e-14
6662.792452830188,6.4466351828628025e-15
6662.943396226415,-1.2670993391480191e-14
6663.094339622641,7.197343402534368e-15
6663.245283018868,-1.2453603206433473e-14
6663.396226415094,5.942191079694797e-15
6663.547169811321,-9.89729682860474e-15
6663.698113207547,3.4606085292734764e-15
6663.8490566037735,-9.064938502445054e-15
6664.0,2.999772111855821e-15
6664.1509433962265,-4.815108750648033e-15
6664.301886792453,-6.967613607969302e-15
6664.452830188679,6.878711338107883e-15
6664.603773584906,-1.326639684569744e-14
6664.754716981132,4.734280849340017e-15
6664.905660377359,-6.661792405904898e-15
6665.056603773585,6.416010409511311e-16
6665.207547169812,-8.164278266687904e-15
6665.358490566037,4.769752727680538e-15
6665.509433962264,-9.348097661495694e-15
6665.66037735849,3.797794333037818e-16
6665.811320754717,-1.7120885854090731e-15
6665.962264150943,-5.5170233822382264e-15
6666.11320754717,-3.115093524358061e-16
6666.264150943396,-4.572056708869336e-15
6666.415094339623,2.003213367509522e-15
6666.566037735849,-1.4198149595265914e-14
6666.7169811320755,1.749795755733538e-14
6666.867924528302,-2.8254392534022164e-14
6667.018867924528,2.1178013583673418e-14
6667.169811320755,-1.6908451974041628e-14
6667.320754716981,-1.088711579745495e-15
6667.471698113208,4.760120949907102e-15
6667.622641509434,-1.0117139419255067e-14
6667.773584905661,-3.0395482554248045e-15
6667.924528301887,8.221212019371547e-15
6668.075471698113,-1.9834845954337964e-14
6668.226415094339,1.4118580134780113e-14
6668.377358490566,-1.3136775950165203e-14
6668.528301886792,-2.603833373658225e-16
6668.679245283019,2.178203094293488e-15
6668.830188679245,-1.1129707107167214e-14
6668.981132075472,5.713658295612551e-15
6669.132075471698,-7.091415388550184e-15
6669.2830188679245,-2.90748086766735e-15
6669.433962264151,1.1793428799533807e-15
6669.584905660377,-7.16710174261693e-15
6669.735849056604,2.2235752393588452e-15
6669.88679245283,-8.879724390757264e-15
6670.037735849057,6.754244509221961e-15
6670.188679245283,-1.3286809565612297e-14
6670.33962264151,6.167661807816983e-15
6670.490566037736,-6.890684702341971e-15
6670.641509433963,-5.396860130474918e-16
6670.792452830188,-6.454416750185345e-15
6670.943396226415,5.8063600366789145e-15
6671.094339622641,-1.20835527632204e-14
6671.245283018868,1.8438522115114892e-15
6671.396226415094,3.0069183000187996e-15
6671.547169811321,-1.5939667774207772e-14
6671.698113207547,1.2016521521407664e-14
6671.8490566037735,-1.1104239074269151e-14
6672.0,-1.6182792349848299e-15
6672.1509433962265,1.4440559391015758e-15
6672.301886792453,-6.353322282251968e-15
6672.452830188679,-1.060234030981678e-15
6672.603773584906,-1.807923079017265e-15
6672.754716981132,-2.979896681083112e-15
6672.905660377359,-3.2261755105076193e-15
6673.056603773585,-5.50470398477615e-16
6673.207547169812,-4.054554285307103e-15
6673.358490566037,-1.8204164552532476e-15
6673.509433962264,-2.1247854362323676e-15
6673.66037735849,-2.468894638851539e-15
6673.811320754717,-3.372749014047629e-15
6673.962264150943,-3.29829786315478e-16
6674.11320754717,-4.4454068197819e-15
6674.264150943396,-1.4977196558571751e-15
6674.415094339623,-1.737731801432815e-15
6674.566037735849,-3.0195699491233443e-15
6674.7169811320755,-3.9320354098727425e-15
6674.867924528302,2.580864533323799e-15
6675.018867924528,-9.040742780249819e-15
6675.169811320755,3.023654619570575e-15
6675.320754716981,-4.160260096028944e-15
6675.471698113208,-3.76277829275561e-15
6675.622641509434,1.0517646078237147e-15
6675.773584905661,-7.030934683945737e-15
6675.924528301887,4.191064439542931e-15
6676.075471698113,-1.0180957680140733e-14
6676.226415094339,4.823630508048087e-15
6676.377358490566,-5.7765954539222125e-15
6676.528301886792,-3.619928961205153e-15
6676.679245283019,2.5313171243634816e-15
6676.830188679245,-7.589775341454301e-15
6676.981132075472,1.1835000789683727e-15
6677.132075471698,-3.234054560336749e-15
6677.2830188679245,-2.4154516010594054e-15
6677.433962264151,-3.0791023880994426e-15
6677.584905660377,1.0844106740940677e-15
6677.735849056604,-7.510174059581084e-15
6677.88679245283,2.9388615723379738e-15
6678.037735849057,-5.712453436613799e-15
6678.188679245283,2.3870473833753338e-16
6678.33962264151,-5.064560197719054e-15
6678.490566037736,4.54010458881645e-16
6678.641509433963,-1.2912150108097391e-15
6678.792452830188,-9.365836938138434e-15
6678.943396226415,9.837416223940798e-15
6679.094339622641,-1.4126721267803388e-14
6679.245283018868,6.048649306390126e-15
6679.396226415094,-7.598302691952387e-15
6679.547169811321,4.3690897328961295e-15
6679.698113207547,-1.1463744858677705e-14
6679.8490566037735,6.911769738944036e-15
6680.0,-5.979209978551294e-15
6680.1509433962265,-4.971408999342534e-15
6680.301886792453,3.279219737000544e-15
6680.452830188679,-3.9163324459812316e-15
6680.603773584906,-6.104647519470649e-15
6680.754716981132,3.305131401694083e-15
6680.905660377359,-1.6293586792343154e-15
6681.056603773585,-1.2018700337275892e-14
6681.207547169812,1.4065571728865568e-14
6681.358490566037,-1.78581518830884e-14
6681.509433962264,9.379382407781285e-15
6681.66037735849,-1.0023403212369672e-14
6681.811320754717,4.659285782879059e-15
6681.962264150943,-7.190339686401441e-15
6682.11320754717,-1.2825014647441308e-15
6682.264150943396,3.0040528569065717e-15
6682.415094339623,-1.0313462781512786e-14
6682.566037735849,4.247689013073777e-15
6682.7169811320755,-2.306817686226948e-15
6682.867924528302,-7.758752989700164e-15
6683.018867924528,6.192861784204419e-15
6683.169811320755,-8.253130388138967e-15
6683.320754716981,7.645951562524544e-17
6683.471698113208,-1.4450854804142677e-15
6683.622641509434,-9.803230480809077e-16
6683.773584905661,-7.984735871742255e-15
6683.924528301887,8.603223378189666e-15
6684.075471698113,-1.2613951561228011e-14
6684.226415094339,3.3652378172927673e-15
6684.377358490566,1.1668647680045333e-16
6684.528301886792,-8.292298238277732e-15
6684.679245283019,2.5022864934198e-15
6684.830188679245,1.7896314230635715e-17
6684.981132075472,-9.570994853339013e-15
6685.132075471698,5.954935530516779e-15
6685.2830188679245,-3.898619068777314e-15
6685.433962264151,-8.051145425581587e-15
6685.584905660377,9.064678657259776e-15
6685.735849056604,-1.1728052240281136e-14
6685.88679245283,3.353354074335907e-15
6686.037735849057,-4.322473089219814e-15
6686.188679245283,1.9360227346781828e-15
6686.33962264151,-7.894528097320757e-15
6686.490566037736,1.616210857888628e-15
6686.641509433963,2.994611484509352e-15
6686.792452830188,-1.487090018321127e-14
6686.943396226415,1.1536801479107226e-14
6687.094339622641,-6.480705962214267e-15
6687.245283018868,-7.912439794901484e-15
6687.396226415094,7.767063086783939e-15
6687.547169811321,-4.915286469231622e-15
6687.698113207547,-9.4692273435685e-15
6687.8490566037735,1.1998551845737229e-14
6688.0,-1.2536088184988848e-14
6688.1509433962265,-7.310064771755663e-16
6688.301886792453,6.395253081602616e-15
6688.452830188679,-1.291671649227905e-14
6688.603773584906,5.2305341536741996e-15
6688.754716981132,-1.5887518257745769e-15
6688.905660377359,-7.024008303274848e-15
6689.056603773585,4.167242997736185e-15
6689.207547169812,-5.62501586462754e-15
6689.358490566037,9.631356418686731e-16
6689.509433962264,-5.951625833635095e-15
6689.66037735849,5.096264702353088e-15
6689.811320754717,-9.368224929731228e-15
6689.962264150943,4.3239869945218596e-15
6690.11320754717,-5.9170574154366176e-15
6690.264150943396,2.2967686220987805e-15
6690.415094339623,-5.7231610111846446e-15
6690.566037735849,-3.8691858486317133e-16
6690.7169811320755,2.794199442814061e-15
6690.867924528302,-1.1277251216941442e-14
6691.018867924528,8.470992714899484e-15
6691.169811320755,-8.015555810893933e-15
6691.320754716981,9.489507545158187e-16
6691.471698113208,-4.306769641620406e-15
6691.622641509434,3.874576951217429e-15
6691.773584905661,-7.916479576463483e-15
6691.924528301887,-2.9605487956747625e-16
6692.075471698113,5.999549128325725e-15
6692.226415094339,-1.66001470175701e-14
6692.377358490566,1.4975919231761066e-14
6692.528301886792,-1.4612521500356582e-14
6692.679245283019,6.4554662699129175e-15
6692.830188679245,-6.480012802763069e-15
6692.981132075472,2.6454048563616878e-15
6693.132075471698,-6.410969763366669e-15
6693.2830188679245,3.4521655237689576e-15
6693.433962264151,-5.386396298733698e-15
6693.584905660377,2.613889454501249e-16
6693.735849056604,-2.0921392000544486e-15
6693.88679245283,-6.837944412868424e-16
6694.037735849057,-3.2894706151575545e-15
6694.188679245283,-1.652309376243147e-16
6694.33962264151,-4.903172362333526e-16
6694.490566037736,-5.666372490563651e-15
6694.641509433963,4.590340731476809e-15
6694.792452830188,-7.615950666236733e-15
6694.943396226415,3.519310217252948e-15
6695.094339622641,-5.40436459805489e-15
6695.245283018868,1.6383509831193837e-15
6695.396226415094,-3.660771006268443e-15
6695.547169811321,-2.5637144395372643e-16
6695.698113207547,-2.7506091585685433e-15
6695.8490566037735,1.8641771654309338e-15
6696.0,-7.678245543219821e-15
6696.1509433962265,6.097906686458686e-15
6696.301886792453,-7.300634874620988e-15
6696.452830188679,1.2773326675213451e-15
6696.603773584906,-2.2435660437888372e-15
6696.754716981132,-3.426242766415126e-17
6696.905660377359,-3.907203121961798e-15
6697.056603773585,-3.1647769942684787e-16
6697.207547169812,2.7448286294253716e-15
6697.358490566037,-1.2121067413973066e-14
6697.509433962264,1.2847211598237267e-14
6697.66037735849,-1.3067043245035388e-14
6697.811320754717,3.34472826900337e-15
6697.962264150943,2.8231061717210137e-16
6698.11320754717,-4.201408452639842e-15
6698.264150943396,-2.3707226858154557e-15
6698.415094339623,4.368838348347781e-15
6698.566037735849,-7.936040152219347e-15
6698.7169811320755,1.5552933559793535e-15
6698.867924528302,1.1851303657838877e-15
6699.018867924528,-7.0615814193660355e-15
6699.169811320755,4.221469478538558e-15
6699.320754716981,-4.5201133150370025e-15
6699.471698113208,-5.881983190782735e-17
6699.622641509434,-1.9882816594611754e-15
6699.773584905661,-8.511747069171308e-18
6699.924528301887,-3.058704578724476e-15
6700.075471698113,4.505278129605163e-16
6700.226415094339,-2.4363184830304163e-15
6700.377358490566,-4.911432446613062e-16
6700.528301886792,-1.8926578472347083e-15
6700.679245283019,-4.447905274543372e-16
6700.830188679245,-2.118593850614868e-15
6700.981132075472,-2.7641898370371955e-16
6701.132075471698,-2.182239418262888e-15
6701.2830188679245,-1.8127969032024542e-16
6701.433962264151,-2.1301795593004132e-15
6701.584905660377,-5.09552843408058e-16
6701.735849056604,-1.6353554678482906e-15
6701.88679245283,-5.058755262029139e-16
6702.037735849057,-2.5305840419143247e-15
6702.188679245283,8.314111388131398e-16
6702.33962264151,-2.854594190584058e-15
6702.490566037736,-6.7594064442177085e-16
6702.641509433963,-7.323593540298503e-16
6702.792452830188,-3.6390340213470044e-16
6702.943396226415,-5.177015569960285e-15
6703.094339622641,6.207706550678086e-15
6703.245283018868,-8.874786867783903e-15
6703.396226415094,3.2498781362082377e-15
6703.547169811321,1.88564156097569e-16
6703.698113207547,-6.921312177774798e-15
6703.8490566037735,5.3864718457807386e-15
6704.0,-3.775343939929452e-15
6704.1509433962265,-3.950948095314525e-15
6704.301886792453,5.212299489087767e-15
6704.452830188679,-5.937831799336044e-15
6704.603773584906,-1.2776235362488457e-15
6704.754716981132,4.3075749951629224e-15
6704.905660377359,-8.113440265800146e-15
6705.056603773585,4.300030522670495e-15
6705.207547169812,-4.050063758763696e-15
6705.358490566037,2.325226267133035e-15
6705.509433962264,-7.303437102785079e-15
6705.66037735849,8.041695814923811e-15
6705.811320754717,-9.56157802135833e-15
6705.962264150943,3.859272483029195e-15
6706.11320754717,-1.3108327467994203e-15
6706.264150943396,-3.3652486493095703e-15
6706.415094339623,1.993478537273765e-15
6706.566037735849,-3.2726904933135095e-15
6706.7169811320755,1.6572154001906293e-16
6706.867924528302,1.1624952915184175e-16
6707.018867924528,-4.930894493938299e-15
6707.169811320755,5.255525690086979e-15
6707.320754716981,-6.56331069765927e-15
6707.471698113208,1.3350676789115783e-15
6707.622641509434,1.1868632176759368e-15
6707.773584905661,-5.7061491719272534e-15
6707.924528301887,4.0736616063795865e-15
6708.075471698113,-4.314032531491894e-15
6708.226415094339,1.0512874050994646e-15
6708.377358490566,-2.1611723536602305e-15
6708.528301886792,5.04648641828095e-16
6708.679245283019,-2.2818333919284206e-15
6708.830188679245,4.711291987966513e-16
6708.981132075472,-2.1171171471980687e-15
6709.132075471698,7.833482773869147e-16
6709.2830188679245,-2.7169136648811016e-15
6709.433962264151,6.737101692855305e-16
6709.584905660377,-1.15927394872388e-15
6709.735849056604,-1.0071555406129777e-15
6709.88679245283,-1.988856185917923e-15
6710.037735849057,3.593542739115198e-15
6710.188679245283,-7.79074019341017e-15
6710.33962264151,5.926484101819298e-15
6710.490566037736,-3.828967060595278e-15
6710.641509433963,-2.4449770018451743e-15
6710.792452830188,4.134988849908571e-15
6710.943396226415,-5.974689133751283e-15
6711.094339622641,2.830479603685814e-15
6711.245283018868,-2.259107118872683e-15
6711.396226415094,-2.2903412803693043e-16
6711.547169811321,-1.4007237210638435e-15
6711.698113207547,9.791480713804686e-16
6711.8490566037735,-3.2575873194848776e-15
6712.0,1.8856774431064585e-15
6712.1509433962265,-2.0940316452934846e-15
6712.301886792453,-7.976151189700283e-16
6712.452830188679,-2.1119078729904532e-16
6712.603773584906,9.438883389652615e-16
6712.754716981132,-5.780429982592645e-15
6712.905660377359,6.8905287440146644e-15
6713.056603773585,-7.262420685012206e-15
6713.207547169812,2.206379933599348e-15
6713.358490566037,7.554519778627772e-16
6713.509433962264,-4.335418915825111e-15
6713.66037735849,3.390439316160953e-15
6713.811320754717,-3.86701795994236e-15
6713.962264150943,1.5898145066159617e-15
6714.11320754717,-8.978654661090045e-16
6714.264150943396,-2.9068219827986878e-15
6714.415094339623,3.924163190890082e-15
6714.566037735849,-4.9280984670783685e-15
6714.7169811320755,9.868995103762472e-16
6714.867924528302,2.077297998184982e-15
6715.018867924528,-6.518461564611564e-15
6715.169811320755,6.703140244592379e-15
6715.320754716981,-6.780026288516793e-15
6715.471698113208,3.3743970783183334e-15
6715.622641509434,-1.983411202367505e-15
6715.773584905661,2.64606102606448e-16
6715.924528301887,-3.2787803355195094e-15
6716.075471698113,6.21526017434685e-15
6716.226415094339,-1.0200792405573202e-14
6716.377358490566,8.774780201749156e-15
6716.528301886792,-5.400862863583086e-15
6716.679245283019,-1.196833294887486e-15
6716.830188679245,3.9781355051922e-15
6716.981132075472,-4.4059785633949695e-15
6717.132075471698,-4.2275778910846367e-16
6717.2830188679245,4.0656011079634225e-15
6717.433962264151,-6.70379014940291e-15
6717.584905660377,4.081683531199591e-15
6717.735849056604,-1.4232487917700077e-15
6717.88679245283,-1.8482482221815668e-15
6718.037735849057,2.0497209577449783e-15
6718.188679245283,-3.941206931445069e-15
6718.33962264151,5.697560218739156e-15
6718.490566037736,-8.876423324684104e-15
6718.641509433963,7.547610966528158e-15
6718.792452830188,-3.100506946444026e-15
6718.943396226415,-4.985793080640262e-15
6719.094339622641,9.338221431289099e-15
6719.245283018868,-9.697926541256894e-15
6719.396226415094,5.2938791736180704e-15
6719.547169811321,-3.4836102268474004e-15
6719.698113207547,4.19901851852219e-15
6719.8490566037735,-6.684419204754251e-15
6720.0,3.1944815185170487e-15
6720.1509433962265,4.750669241430385e-15
6720.301886792453,-1.3095495830244525e-14
6720.452830188679,1.1988293317220077e-14
6720.603773584906,-2.8231412600553813e-15
6720.754716981132,-8.315532738532606e-15
6720.905660377359,9.826996086985528e-15
6721.056603773585,-1.9844284027058656e-15
6721.207547169812,-8.990708776523375e-15
6721.358490566037,1.1333888736626576e-14
6721.509433962264,-4.405932152123125e-15
6721.66037735849,-6.620149805367733e-15
6721.811320754717,1.1108712800482733e-14
6721.962264150943,-7.608439633304747e-15
6722.11320754717,-7.851423807548435e-16
6722.264150943396,5.764047587991818e-15
6722.415094339623,-5.767650829154643e-15
6722.566037735849,1.9817437007148502e-15
6722.7169811320755,5.183902053282682e-18
6722.867924528302,3.4652603882107623e-16
6723.018867924528,-2.2017244777227094e-15
6723.169811320755,1.7455611072819657e-15
6723.320754716981,8.411694700235841e-18
6723.471698113208,-1.0625409322572939e-15
6723.622641509434,-1.822868650990686e-15
6723.773584905661,6.25388926598343e-15
6723.924528301887,-8.150189132778754e-15
6724.075471698113,3.003063099793906e-15
6724.226415094339,7.313448581186251e-15
6724.377358490566,-1.6918417341411805e-14
6724.528301886792,1.7892727563352026e-14
6724.679245283019,-8.231874332443319e-15
6724.830188679245,-6.940404356673601e-15
6724.981132075472,1.697233131480587e-14
6725.132075471698,-1.4898537218366723e-14
6725.2830188679245,2.757064827135743e-15
6725.433962264151,8.948386451016092e-15
6725.584905660377,-1.055511202354741e-14
6725.735849056604,1.4288457426568312e-15
6725.88679245283,9.711877703303932e-15
6726.037735849057,-1.286876964239054e-14
6726.188679245283,5.910698526497043e-15
6726.33962264151,5.0135721545347854e-15
6726.490566037736,-1.0998912307464513e-14
6726.641509433963,8.592243026337776e-15
6726.792452830188,-6.862426497360477e-17
6726.943396226415,-8.458951371718559e-15
6727.094339622641,1.327122443164939e-14
6727.245283018868,-1.2546614833343372e-14
6727.396226415094,8.007307742385213e-15
6727.547169811321,-1.047133223135646e-15
6727.698113207547,-5.271559148243727e-15
6727.8490566037735,1.0252513174190252e-14
6728.0,-1.2820380994913916e-14
6728.1509433962265,1.4508981370875315e-14
6728.301886792453,-1.382938373646596e-14
6728.452830188679,9.891493301373104e-15
6728.603773584906,-4.116942982095225e-16
6728.754716981132,-1.0471688829252389e-14
6728.905660377359,1.7487034172876145e-14
6729.056603773585,-1.4346865803207464e-14
6729.207547169812,4.47554046775128e-15
6729.358490566037,5.311607129716552e-15
6729.509433962264,-6.070275093283567e-15
6729.66037735849,-5.114500848137578e-16
6729.811320754717,9.233495412045922e-15
6729.962264150943,-1.185679998121858e-14
6730.11320754717,9.566009741310812e-15
6730.264150943396,-4.737867050315041e-15
6730.415094339623,3.0139176743381034e-15
6730.566037735849,-2.3908641851757168e-15
6730.7169811320755,2.377573161841465e-15
6730.867924528302,7.41611776786723e-16
6731.018867924528,-3.837249966762557e-15
6731.169811320755,6.578568577117453e-15
6731.320754716981,-4.937928603725397e-15
6731.471698113208,1.9218632313845864e-15
6731.622641509434,1.932747556322864e-15
6731.773584905661,-1.0301873257425194e-15
6731.924528301887,-2.4536538736535576e-15
6732.075471698113,7.450715197170752e-15
6732.226415094339,-6.629207661274237e-15
6732.377358490566,1.92167846348796e-15
6732.528301886792,4.941114318538176e-15
6732.679245283019,-5.643646223327396e-15
6732.830188679245,2.1046385164775827e-15
6732.981132075472,4.171782681782514e-15
6733.132075471698,-4.590363084989429e-15
6733.2830188679245,6.655201803713914e-16
6733.433962264151,7.183319269538833e-15
6733.584905660377,-1.06542670824863e-14
6733.735849056604,1.0851195285424776e-14
6733.88679245283,-6.175732625160212e-15
6734.037735849057,2.975568263858667e-15
6734.188679245283,5.382553984459125e-16
6734.33962264151,-4.2363784707116546e-16
6734.490566037736,1.8802467456636143e-16
6734.641509433963,2.975122525933307e-15
6734.792452830188,-2.7826332902904134e-15
6734.943396226415,2.8257046546822917e-16
6735.094339622641,7.829794647656566e-15
6735.245283018868,-1.2962638182499347e-14
6735.396226415094,1.3940790702495064e-14
6735.547169811321,-6.175531349018037e-15
6735.698113207547,-1.4769928819667989e-15
6735.8490566037735,7.119339200590853e-15
6736.0,-3.9246390508340445e-15
6736.1509433962265,-1.8928595306449623e-15
6736.301886792453,1.050912452790206e-14
6736.452830188679,-1.4079420552020712e-14
6736.603773584906,1.557720938493082e-14
6736.754716981132,-1.0891871596880753e-14
6736.905660377359,6.291181090240983e-15
6737.056603773585,6.071349042568359e-16
6737.207547169812,-3.2478697290546702e-15
6737.358490566037,5.716086722230086e-15
6737.509433962264,-3.7490353782401885e-15
6737.66037735849,3.3583129609783826e-15
6737.811320754717,-5.521974296353008e-16
6737.962264150943,8.416465575440711e-16
6738.11320754717,6.980708241010013e-16
6738.264150943396,9.307102937534052e-16
6738.415094339623,-7.486481297727648e-17
6738.566037735849,1.352530787358708e-15
6738.7169811320755,8.59745650340829e-16
6738.867924528302,-6.532593141028191e-16
6739.018867924528,2.3508453252211757e-15
6739.169811320755,1.1744755024412964e-16
6739.320754716981,-1.5194170000359622e-16
6739.471698113208,1.3648470244021143e-15
6739.622641509434,2.9273728350222813e-15
6739.773584905661,-5.5106459875091035e-15
6739.924528301887,8.952453332995444e-15
6740.075471698113,-4.6637365143194396e-15
6740.226415094339,-1.1630875692397662e-15
6740.377358490566,1.0704724743273756e-14
6740.528301886792,-1.2672342475813786e-14
6740.679245283019,1.0475020736175905e-14
6740.830188679245,-4.0322370041330705e-16
6740.981132075472,-4.874284041999194e-15
6741.132075471698,6.439339348752044e-15
6741.2830188679245,1.2778859538977395e-15
6741.433962264151,-5.218697491837102e-15
6741.584905660377,5.407136653952019e-15
6741.735849056604,4.772641576770406e-15
6741.88679245283,-1.2017911696613976e-14
6742.037735849057,1.576664289893878e-14
6742.188679245283,-8.130741989612065e-15
6742.33962264151,1.742674442805702e-15
6742.490566037736,3.191921257927168e-15
6742.641509433963,2.112676081459275e-15
6742.792452830188,-6.154472871531353e-15
6742.943396226415,9.927769296807932e-15
6743.094339622641,-4.274661652182374e-15
6743.245283018868,-3.8412669729596793e-16
6743.396226415094,6.295725589143309e-15
6743.547169811321,-3.763912315729691e-15
6743.698113207547,1.8549285920887217e-15
6743.8490566037735,3.1352655284604667e-15
6744.0,-1.246405559631385e-15
6744.1509433962265,7.545565552653023e-16
6744.301886792453,2.826279520375168e-15
6744.452830188679,8.079701928692316e-16
6744.603773584906,-3.4187626816626792e-15
6744.754716981132,9.415769607161898e-15
6744.905660377359,-7.56367473197626e-15
6745.056603773585,5.343308523527217e-15
6745.207547169812,2.524817206777174e-15
6745.358490566037,-4.30415054695001e-15
6745.509433962264,5.9445874925989475e-15
6745.66037735849,1.3617123419211056e-16
6745.811320754717,-2.86928177725012e-15
6745.962264150943,7.45802879943258e-15
6746.11320754717,-4.292399257890738e-15
6746.264150943396,3.0101594384180823e-15
6746.415094339623,2.6272538830624278e-15
6746.566037735849,-2.6911710306802286e-15
6746.7169811320755,5.685296328790829e-15
6746.867924528302,-2.9949941800231675e-15
6747.018867924528,3.0201908652032466e-15
6747.169811320755,2.8833906397100987e-15
6747.320754716981,-4.261812031563442e-15
6747.471698113208,7.542902822649151e-15
6747.622641509434,-2.1695887769617062e-15
6747.773584905661,-1.853268989204802e-15
6747.924528301887,1.0294096112491734e-14
6748.075471698113,-1.039253451384759e-14
6748.226415094339,1.004061332838329e-14
6748.377358490566,-1.6620922667996437e-15
6748.528301886792,-2.0211623841799786e-15
6748.679245283019,7.927784209498302e-15
6748.830188679245,-6.599715826501335e-15
6748.981132075472,9.276757965374023e-15
6749.132075471698,-7.211410260115653e-15
6749.2830188679245,8.684082802308976e-15
6749.433962264151,-2.0172277723755795e-15
6749.584905660377,-2.2703625707392353e-15
6749.735849056604,9.681933446532635e-15
6749.88679245283,-5.902308742577575e-15
6750.037735849057,1.4938736280666578e-15
6750.188679245283,7.110549668715034e-15
6750.33962264151,-3.014252788442664e-15
6750.490566037736,-3.674070041479142e-15
6750.641509433963,1.5367149793881078e-14
6750.792452830188,-1.3131629748867425e-14
6750.943396226415,6.354070665238475e-15
6751.094339622641,7.25947258582211e-15
6751.245283018868,-7.644269703290467e-15
6751.396226415094,3.1710139696623363e-15
6751.547169811321,9.940291900650456e-15
6751.698113207547,-1.208293746152755e-14
6751.8490566037735,1.0775996078619762e-14
6752.0,4.275006681625571e-16
6752.1509433962265,-3.762403320967981e-15
6752.301886792453,6.646954405028181e-15
6752.452830188679,-7.247271496322424e-17
6752.603773584906,-4.0031112468860557e-16
6752.754716981132,2.968201214671917e-15
6752.905660377359,2.6645953916237286e-15
6753.056603773585,-2.074542772921335e-15
6753.207547169812,4.097331046282478e-15
6753.358490566037,1.8512214380153308e-15
6753.509433962264,-9.306853435587166e-16
6753.66037735849,1.658345662629268e-15
6753.811320754717,6.629935826918082e-15
6753.962264150943,-7.919776815223982e-15
6754.11320754717,9.703924978750901e-15
6754.264150943396,-6.256567038923541e-16
6754.415094339623,-2.593581112752892e-15
6754.566037735849,6.627129660439141e-15
6754.7169811320755,8.389100770096048e-16
6754.867924528302,-3.2446513686364734e-15
6755.018867924528,7.361033155549742e-15
6755.169811320755,-1.009874970151065e-16
6755.320754716981,-2.723624882142594e-15
6755.471698113208,8.665200760586402e-15
6755.622641509434,-4.082429250455257e-15
6755.773584905661,3.843311955352263e-15
6755.924528301887,8.024976518829353e-16
6756.075471698113,3.591875138458674e-15
6756.226415094339,-2.0388199416645903e-15
6756.377358490566,3.855484844044181e-15
6756.528301886792,3.757951174631138e-15
6756.679245283019,-4.580056775083497e-15
6756.830188679245,7.370284463180575e-15
6756.981132075472,9.05742365295763e-16
6757.132075471698,-3.2870989056756557e-15
6757.2830188679245,8.064794239504216e-15
6757.433962264151,-1.5712001214998288e-15
6757.584905660377,4.992761245998188e-16
6757.735849056604,4.065054340541485e-15
6757.88679245283,1.8861057443829118e-15
6758.037735849057,-2.7104769160657917e-15
6758.188679245283,9.165620535262608e-15
6758.33962264151,-7.450549551796215e-15
6758.490566037736,1.1691746850526391e-14
6758.641509433963,-8.473430852827254e-15
6758.792452830188,1.049584311935246e-14
6758.943396226415,-3.919454345695679e-15
6759.094339622641,3.55355641473178e-15
6759.245283018868,2.5537886629095757e-15
6759.396226415094,2.24858077820585e-16
6759.547169811321,2.4555635045338792e-15
6759.698113207547,2.1765065918594455e-15
6759.8490566037735,5.014013174433709e-16
6760.0,3.537338779113696e-15
6760.1509433962265,-3.974326195088047e-16
6760.301886792453,4.010583634276148e-15
6760.452830188679,1.6933350188987843e-16
6760.603773584906,2.3907597197610373e-15
6760.754716981132,1.3623072051466271e-15
6760.905660377359,4.068098117459516e-15
6761.056603773585,-3.666055772694092e-15
6761.207547169812,9.612048839492229e-15
6761.358490566037,-5.298694095398134e-15
6761.509433962264,5.5106253757306945e-15
6761.66037735849,2.2523610186381306e-15
6761.811320754717,-1.1524482402685461e-15
6761.962264150943,5.515023717817213e-15
6762.11320754717,-1.1825221959389724e-15
6762.264150943396,3.482393964549166e-15
6762.415094339623,2.6277042305550154e-15
6762.566037735849,-1.554258435024006e-15
6762.7169811320755,6.8352393112038376e-15
6762.867924528302,-2.100266315687634e-15
6763.018867924528,3.1155746183928732e-15
6763.169811320755,3.66471430902973e-15
6763.320754716981,-1.9737264112044262e-15
6763.471698113208,7.712099471975817e-15
6763.622641509434,-5.871301980915418e-15
6763.773584905661,1.0964191291001667e-14
6763.924528301887,-5.7250036053953115e-15
6764.075471698113,5.5250362058335414e-15
6764.226415094339,3.309866598077447e-15
6764.377358490566,-2.1710408896621637e-15
6764.528301886792,5.586196060187599e-15
6764.679245283019,9.168605571172395e-16
6764.830188679245,1.573855703078106e-15
6764.981132075472,1.0931159459311555e-15
6765.132075471698,6.018534963013627e-15
6765.2830188679245,-3.717349451470064e-15
6765.433962264151,6.258057473252436e-15
6765.584905660377,1.437011604545719e-15
6765.735849056604,-3.4165134478858276e-16
6765.88679245283,5.8567987537564226e-15
6766.037735849057,-3.357640404940526e-15
6766.188679245283,1.1039747195630483e-14
6766.33962264151,-1.0946421337208299e-14
6766.490566037736,1.596111287164026e-14
6766.641509433963,-7.423753835200702e-15
6766.792452830188,4.21301486044405e-15
6766.943396226415,6.1230955872872435e-15
6767.094339622641,-4.310747876276642e-15
6767.245283018868,8.271748610871076e-15
6767.396226415094,-3.175828349307901e-15
6767.547169811321,6.194386691722495e-15
6767.698113207547,1.2799036656091555e-15
6767.8490566037735,-2.009178767562263e-15
6768.0,9.636049917380886e-15
6768.1509433962265,-2.8569906141807997e-15
6768.301886792453,-5.78411131928677e-16
6768.452830188679,1.2151018995965548e-14
6768.603773584906,-8.19369410219509e-15
6768.754716981132,5.694495347131726e-15
6768.905660377359,7.31088309422098e-15
6769.056603773585,-7.098980299162213e-15
6769.207547169812,9.889878363086959e-15
6769.358490566037,-1.0794614665419982e-15
6769.509433962264,2.3265713176172113e-15
6769.66037735849,2.6595154461868932e-15
6769.811320754717,2.928278811795498e-15
6769.962264150943,1.117627788973506e-15
6770.11320754717,1.9313160400790935e-15
6770.264150943396,5.018037744232237e-15
6770.415094339623,-1.4661617756652598e-15
6770.566037735849,4.710164396484923e-15
6770.7169811320755,1.3241671359019263e-15
6770.867924528302,4.872047788785504e-15
6771.018867924528,-5.32787222621611e-15
6771.169811320755,1.5263995223139433e-14
6771.320754716981,-1.2576262317922072e-14
6771.471698113208,1.5162117500295024e-14
6771.622641509434,-6.568989608428334e-15
6771.773584905661,7.865823104394001e-15
6771.924528301887,-1.2050623976314927e-15
6772.075471698113,5.01194149196782e-15
6772.226415094339,4.028301882512957e-16
6772.377358490566,2.835645083597188e-15
6772.528301886792,4.8386640801239794e-15
6772.679245283019,-3.4917721485811713e-15
6772.830188679245,9.795809884672221e-15
6772.981132075472,-2.6557348163482577e-15
6773.132075471698,2.0240992164480083e-15
6773.2830188679245,7.980864077006224e-15
6773.433962264151,-4.807166590037346e-15
6773.584905660377,7.710466376633092e-15
6773.735849056604,-4.779689072456586e-16
6773.88679245283,6.0213665392528265e-15
6774.037735849057,-4.878898741645849e-15
6774.188679245283,1.31710518064963e-14
6774.33962264151,-7.587723331415553e-15
6774.490566037736,7.682877211890404e-15
6774.641509433963,2.8488933828290724e-15
6774.792452830188,-3.285091863751924e-16
6774.943396226415,3.8589493726171204e-15
6775.094339622641,3.920354821001238e-15
6775.245283018868,2.0090148056281848e-16
6775.396226415094,3.2719008953988173e-15
6775.547169811321,3.1619432208452633e-15
6775.698113207547,3.655160332576296e-15
6775.8490566037735,-3.248139925962589e-15
6776.0,1.2123798346427297e-14
6776.1509433962265,-6.1101542652465436e-15
6776.301886792453,5.84566680173142e-15
6776.452830188679,4.668391358829601e-15
6776.603773584906,-4.192150165622766e-16
6776.754716981132,1.9333738136088006e-15
6776.905660377359,7.280611461370403e-15
6777.056603773585,-2.6720179903923447e-15
6777.207547169812,5.160550970910898e-15
6777.358490566037,2.820019126593425e-15
6777.509433962264,2.0729004088571935e-15
6777.66037735849,1.9597533655811686e-15
6777.811320754717,2.9553827822081816e-15
6777.962264150943,6.2072778035860526e-15
6778.11320754717,-6.839132408631331e-15
6778.264150943396,1.6084455275957412e-14
6778.415094339623,-9.583632106281306e-15
6778.566037735849,9.066260278330036e-15
6778.7169811320755,3.1214668191956632e-15
6778.867924528302,-1.6101110736047664e-15
6779.018867924528,6.422553947935612e-15
6779.169811320755,2.1919444453695883e-15
6779.320754716981,5.576419022371032e-16
6779.471698113208,4.743841031848773e-15
6779.622641509434,3.141205831714819e-15
6779.773584905661,2.497379678293988e-16
6779.924528301887,4.1890350295789566e-15
6780.075471698113,5.463287831918702e-15
6780.226415094339,-4.361282545149253e-15
6780.377358490566,1.0703424102412611e-14
6780.528301886792,-8.596269702783923e-16
6780.679245283019,-1.1192992438553185e-15
6780.830188679245,1.2968294644360367e-14
6780.981132075472,-8.825209542875974e-15
6781.132075471698,1.0716506979211672e-14
6781.2830188679245,3.87749214307701e-16
6781.433962264151,1.5905801565203603e-15
6781.584905660377,4.882512959566402e-15
6781.735849056604,5.09955605129042e-16
6781.88679245283,6.926863766852192e-15
6782.037735849057,-4.065847664622327e-15
6782.188679245283,1.0604639172431536e-14
6782.33962264151,-1.4354747076708164e-15
6782.490566037736,9.423790906900997e-17
6782.641509433963,1.2273133750480565e-14
6782.792452830188,-8.69399957522895e-15
6782.943396226415,1.1199276359097436e-14
6783.094339622641,1.655995573019839e-16
6783.245283018868,1.606330082475694e-15
6783.396226415094,5.296570616091058e-15
6783.547169811321,2.7930812627498676e-16
6783.698113207547,7.12087230303004e-15
6783.8490566037735,-3.830177490411615e-15
6784.0,1.0260436588047521e-14
6784.1509433962265,-7.130557499240349e-16
6784.301886792453,-3.6307786439114997e-16
6784.452830188679,1.2287850553763052e-14
6784.603773584906,-7.778471503829199e-15
6784.754716981132,1.0579089728953684e-14
6784.905660377359,-8.026574687268133e-16
6785.056603773585,5.328560503982726e-15
6785.207547169812,3.382128259606564e-16
6785.358490566037,4.313078110509863e-15
6785.509433962264,6.044986735334151e-15
6785.66037735849,-5.239789345166385e-15
6785.811320754717,1.3809826906147503e-14
6785.962264150943,-6.562511380245032e-15
6786.11320754717,9.110916860092635e-15
6786.264150943396,4.798659507900287e-16
6786.415094339623,3.1801711418615086e-15
6786.566037735849,4.03636699153634e-15
6786.7169811320755,1.5118064710912142e-15
6786.867924528302,5.793313134928993e-15
6787.018867924528,-2.4850161785084595e-15
6787.169811320755,1.2140668497994123e-14
6787.320754716981,-7.53881430686862e-15
6787.471698113208,1.1200507651220133e-14
6787.622641509434,2.2633594536797155e-16
6787.773584905661,1.8787811343496847e-15
6787.924528301887,4.303094668715888e-15
6788.075471698113,5.07211003357587e-15
6788.226415094339,-1.3521969238128956e-15
6788.377358490566,6.308791095742177e-15
6788.528301886792,4.868383274005479e-15
6788.679245283019,-4.094481421524959e-15
6788.830188679245,1.2753196171995917e-14
6788.981132075472,-4.003958888751508e-15
6789.132075471698,4.6917744821504475e-15
6789.2830188679245,5.7553457529434e-15
6789.433962264151,2.4752798284089377e-15
6789.584905660377,-4.093918039603703e-15
6789.735849056604,1.8472422514319932e-14
6789.88679245283,-1.252166414588027e-14
6790.037735849057,9.561457118323371e-15
6790.188679245283,9.927918037983486e-15
6790.33962264151,-1.1093721897604457e-14
6790.490566037736,1.5037547480702072e-14
6790.641509433963,3.330924796712025e-16
6790.792452830188,-1.2685117631631392e-15
6790.943396226415,8.20166059221429e-15
6791.094339622641,3.318377822181359e-15
6791.245283018868,-9.468306995231595e-16
6791.396226415094,5.31393419237477e-15
6791.547169811321,8.570564733327779e-15
6791.698113207547,-7.664523508845728e-15
6791.8490566037735,1.1610508242644474e-14
6792.0,5.079221875617481e-15
6792.1509433962265,-8.111213909725463e-15
6792.301886792453,1.5528854734943912e-14
6792.452830188679,-2.6890744515948365e-16
6792.603773584906,-3.906068309912759e-15
6792.754716981132,1.4864622954571432e-14
6792.905660377359,-3.7118344567378955e-15
6793.056603773585,1.905818206041465e-15
6793.207547169812,1.015834274553786e-14
6793.358490566037,-2.742493307355099e-15
6793.509433962264,5.038237258929892e-15
6793.66037735849,4.847631919458271e-15
6793.811320754717,2.6468668585108193e-15
6793.962264150943,7.387122671122536e-16
6794.11320754717,8.058414122985486e-15
6794.264150943396,5.454817860085452e-16
6794.415094339623,1.7952848715775153e-15
6794.566037735849,7.430908365297645e-15
6794.7169811320755,2.5261824314450842e-15
6794.867924528302,-2.921985824187881e-15
6795.018867924528,1.4425046188903775e-14
6795.169811320755,-3.944076591817653e-15
6795.320754716981,7.195207090000238e-17
6795.471698113208,1.6135061862319173e-14
6795.622641509434,-9.010430633005095e-15
6795.773584905661,6.1099999264966035e-15
6795.924528301887,1.1268296689904894e-14
6796.075471698113,-6.111772300986837e-15
6796.226415094339,4.852510322557668e-15
6796.377358490566,1.249522060492334e-14
6796.528301886792,-9.261880267051647e-15
6796.679245283019,1.1274555224732742e-14
6796.830188679245,3.409334413020386e-15
6796.981132075472,3.124274092805568e-16
6797.132075471698,3.855706300592853e-15
6797.2830188679245,7.776162541807983e-15
6797.433962264151,-2.3602504580813e-15
6797.584905660377,7.36415234568996e-15
6797.735849056604,2.5111615233721896e-15
6797.88679245283,3.281501303923396e-15
6798.037735849057,3.944871556022258e-15
6798.188679245283,2.2383198816813995e-15
6798.33962264151,7.238532067580521e-15
6798.490566037736,-2.722112784834873e-15
6798.641509433963,1.0846744127361142e-14
6798.792452830188,-2.5536714295964062e-15
6798.943396226415,7.562849100524677e-15
6799.094339622641,9.578270760877557e-16
6799.245283018868,6.431965811447843e-15
6799.396226415094,-1.9615175248674817e-16
6799.547169811321,7.526830377116365e-15
6799.698113207547,9.18581428977566e-16
6799.8490566037735,5.091396502460941e-15
6800.0,1.3350654835480653e-15
6800.1509433962265,9.015193709688663e-15
6800.301886792453,-4.855575129098975e-15
6800.452830188679,1.2299564409993203e-14
6800.603773584906,-1.4091905985640564e-15
6800.754716981132,3.4107656699347655e-15
6800.905660377359,7.655014720036498e-15
6801.056603773585,-6.57818396977501e-16
6801.207547169812,5.524894866946964e-15
6801.358490566037,4.715976885196142e-15
6801.509433962264,1.6362237550021109e-15
6801.66037735849,4.248538554937497e-15
6801.811320754717,5.48409247229225e-15
6801.962264150943,1.5297015844901918e-15
6802.11320754717,2.882480388874116e-15
6802.264150943396,8.946111884778336e-15
6802.415094339623,-3.2597088864027592e-15
6802.566037735849,7.474954594257135e-15
6802.7169811320755,6.3324709086199896e-15
6802.867924528302,-3.894270600094138e-15
6803.018867924528,1.179617124001399e-14
6803.169811320755,-2.4392705541804042e-17
6803.320754716981,1.0929100287400959e-15
6803.471698113208,1.1701110673116212e-14
6803.622641509434,-5.837400822049278e-15
6803.773584905661,1.0906883390525162e-14
6803.924528301887,1.7006444236977843e-15
6804.075471698113,9.385542430640088e-16
6804.226415094339,9.181900738386071e-15
6804.377358490566,-1.1140578300117331e-15
6804.528301886792,6.309050249520394e-15
6804.679245283019,3.5692488187485735e-15
6804.830188679245,3.8649641528790706e-15
6804.981132075472,1.4474395419996425e-15
6805.132075471698,9.363327641155414e-15
6805.2830188679245,-3.0386173682294776e-15
6805.433962264151,8.954283556741374e-15
6805.584905660377,2.250266376757433e-15
6805.735849056604,2.5460236804626756e-15
6805.88679245283,6.7032016880774145e-15
6806.037735849057,-4.934851359919633e-16
6806.188679245283,1.0734463306603588e-14
6806.33962264151,-5.134984262788835e-15
6806.490566037736,1.1953119434421519e-14
6806.641509433963,6.558430849696479e-16
6806.792452830188,1.2022275257095629e-15
6806.943396226415,9.224206499968236e-15
6807.094339622641,1.1353115344326325e-15
6807.245283018868,1.3518840210490448e-15
6807.396226415094,9.703647779909122e-15
6807.547169811321,5.402378142596753e-16
6807.698113207547,-2.0211980180735982e-16
6807.8490566037735,1.6217601476247567e-14
6808.0,-1.1770456399158606e-14
6808.1509433962265,1.599797777290141e-14
6808.301886792453,-8.988609161455837e-17
6808.452830188679,1.6498141659110293e-15
6808.603773584906,6.402081012681043e-15
6808.754716981132,6.785319315887314e-15
6808.905660377359,-4.022018895336311e-15
6809.056603773585,1.1880373181736488e-14
6809.207547169812,1.6228363192403366e-15
6809.358490566037,3.0040395810315963e-16
6809.509433962264,8.965953140887462e-15
6809.66037735849,3.1784120168695498e-15
6809.811320754717,-4.0769129386703613e-16
6809.962264150943,9.758809695473312e-15
6810.11320754717,1.9899300456122925e-15
6810.264150943396,4.751082606686939e-16
6810.415094339623,1.088167293810012e-14
6810.566037735849,-2.2997575140763486e-15
6810.7169811320755,7.683983270860268e-15
6810.867924528302,2.5882996103119372e-15
6811.018867924528,5.1529142626328426e-15
6811.169811320755,2.1312091932836646e-15
6811.320754716981,6.573143643749833e-15
6811.471698113208,1.9473707362841324e-15
6811.622641509434,5.25228205877114e-15
6811.773584905661,3.5186972193715467e-15
6811.924528301887,4.76888954079237e-15
6812.075471698113,2.90398342623529e-15
6812.226415094339,5.512760044364245e-15
6812.377358490566,3.0088723614972263e-15
6812.528301886792,4.640178281978903e-15
6812.679245283019,3.8480502459652895e-15
6812.830188679245,4.600221033394532e-15
6812.981132075472,3.2575193888409762e-15
6813.132075471698,5.0666144578657665e-15
6813.2830188679245,3.581003486383634e-15
6813.433962264151,4.204258427669207e-15
6813.584905660377,4.1935810052218376e-15
6813.735849056604,4.472018598215709e-15
6813.88679245283,3.408283982249514e-15
6814.037735849057,4.848419557356874e-15
6814.188679245283,4.109890930111785e-15
6814.33962264151,3.589945889760159e-15
6814.490566037736,4.7202202795563635e-15
6814.641509433963,4.421078913491371e-15
6814.792452830188,3.241953273835549e-15
6814.943396226415,4.785871664175663e-15
6815.094339622641,5.073097325769197e-15
6815.245283018868,2.068834759275755e-15
6815.396226415094,5.786915313585071e-15
6815.547169811321,5.004003834617587e-15
6815.698113207547,1.7288575826807376e-15
6815.8490566037735,4.831768750300043e-15
6816.0,8.999495115252893e-15
6816.1509433962265,-5.085373894237689e-15
6816.301886792453,1.220270565982814e-14
6816.452830188679,4.2102912025397446e-15
6816.603773584906,-4.795556040607357e-15
6816.754716981132,1.6284556143047592e-14
6816.905660377359,-1.6106896247948664e-15
6817.056603773585,-1.3602869798254292e-15
6817.207547169812,1.900910373934106e-14
6817.358490566037,-1.1017633156563757e-14
6817.509433962264,1.1159255485531903e-14
6817.66037735849,9.568304219192869e-15
6817.811320754717,-9.792714751817094e-15
6817.962264150943,1.9493993829968025e-14
6818.11320754717,-4.696196036040638e-15
6818.264150943396,3.90049774084655e-15
6818.415094339623,1.2274496088203021e-14
6818.566037735849,-5.8681825738858004e-15
6818.7169811320755,1.1147814964041315e-14
6818.867924528302,3.572930843097022e-15
6819.018867924528,5.867819144136531e-16
6819.169811320755,8.381725349691066e-15
6819.320754716981,3.4250918749444006e-15
6819.471698113208,1.978809100069441e-15
6819.622641509434,7.491295778966228e-15
6819.773584905661,3.2872452777746297e-15
6819.924528301887,1.896526416769317e-15
6820.075471698113,1.0568395576569163e-14
6820.226415094339,-4.9187433904589065e-15
6820.377358490566,1.5207509202357277e-14
6820.528301886792,-5.1703626473683665e-15
6820.679245283019,9.319550210801833e-15
6820.830188679245,6.104750607637387e-15
6820.981132075472,-2.824913455977669e-15
6821.132075471698,1.3294379120625972e-14
6821.2830188679245,-2.301442518665193e-15
6821.433962264151,7.736793633139323e-15
6821.584905660377,3.2341350098784407e-15
6821.735849056604,4.960055835271894e-15
6821.88679245283,4.355904309450534e-15
6822.037735849057,3.548066980754049e-15
6822.188679245283,6.2510229695135906e-15
6822.33962264151,2.4410154199357366e-15
6822.490566037736,6.347146140510449e-15
6822.641509433963,1.529513213823841e-15
6822.792452830188,1.0621149640264664e-14
6822.943396226415,-6.423219392270613e-15
6823.094339622641,1.9143640920892207e-14
6823.245283018868,-1.040104594209851e-14
6823.396226415094,1.502341208721164e-14
6823.547169811321,1.2053240185577884e-15
6823.698113207547,1.2994997313353092e-15
6823.8490566037735,9.272455615402594e-15
6824.0,4.64142097115154e-15
6824.1509433962265,-3.9218787235269356e-15
6824.301886792453,1.7740203395115342e-14
6824.452830188679,-4.747095795719495e-15
6824.603773584906,2.814161136434934e-15
6824.754716981132,1.5520177338097343e-14
6824.905660377359,-5.76190596570953e-15
6825.056603773585,4.241773404240947e-15
6825.207547169812,1.6015557250037636e-14
6825.358490566037,-8.5787196586464e-15
6825.509433962264,8.374755766657608e-15
6825.66037735849,1.2110461865059522e-14
6825.811320754717,-5.762142755458865e-15
6825.962264150943,6.533675237521612e-15
6826.11320754717,1.4225624767173783e-14
6826.264150943396,-9.54805328231177e-15
6826.415094339623,1.2402277521630922e-14
6826.566037735849,8.064789195764876e-15
6826.7169811320755,-5.9312330349538944e-15
6826.867924528302,1.2625332195538244e-14
6827.018867924528,6.433595991074128e-15
6827.169811320755,-7.527077550818627e-15
6827.320754716981,2.088331957756097e-14
6827.471698113208,-7.809678433365896e-15
6827.622641509434,8.666887491431599e-15
6827.773584905661,7.28385700564806e-15
6827.924528301887,1.2016643317188598e-15
6828.075471698113,3.2330914341016215e-15
6828.226415094339,1.1981673513436822e-14
6828.377358490566,-4.8516788453833156e-15
6828.528301886792,1.0274735602886582e-14
6828.679245283019,6.926191066274845e-15
6828.830188679245,-4.778872791785664e-15
6828.981132075472,1.5672320642976848e-14
6829.132075471698,-1.1326069683492526e-15
6829.2830188679245,1.922307856282844e-15
6829.433962264151,1.3634989014304557e-14
6829.584905660377,-5.264491793310052e-15
6829.735849056604,1.195025149839551e-14
6829.88679245283,6.691920855604116e-17
6830.037735849057,8.318474755088134e-15
6830.188679245283,1.5606445785083234e-15
6830.33962264151,5.992378195629204e-15
6830.490566037736,6.523730094262919e-15
6830.641509433963,2.0549840234518879e-16
6830.792452830188,9.819359804404355e-15
6830.943396226415,1.0169726976125375e-15
6831.094339622641,6.313955313786627e-15
6831.245283018868,4.438983288452641e-15
6831.396226415094,4.9860306224647945e-15
6831.547169811321,3.644385932960396e-15
6831.698113207547,6.534023196741035e-15
6831.8490566037735,3.0881857047750865e-15
6832.0,5.222776774427407e-15
6832.1509433962265,5.658017182005223e-15
6832.301886792453,3.62310085509856e-15
6832.452830188679,4.0548808948138895e-15
6832.603773584906,8.410800116246567e-15
6832.754716981132,-7.316652349108947e-16
6832.905660377359,9.350840526997637e-15
6833.056603773585,3.3701646523518636e-15
6833.207547169812,2.520864050101707e-15
6833.358490566037,9.948733779606417e-15
6833.509433962264,-2.5316915587015926e-15
6833.66037735849,1.3433791873149407e-14
6833.811320754717,-3.739060232780729e-15
6833.962264150943,1.1588326654033772e-14
6834.11320754717,1.8168374167976054e-16
6834.264150943396,8.285450681161986e-15
6834.415094339623,1.362280313477794e-15
6834.566037735849,7.823982299641115e-15
6834.7169811320755,3.94892267977208e-15
6834.867924528302,2.195887308602628e-15
6835.018867924528,1.0430195598810119e-14
6835.169811320755,-1.4604258806061555e-15
6835.320754716981,9.175088298871202e-15
6835.471698113208,3.5214741979668716e-15
6835.622641509434,4.583444695054737e-15
6835.773584905661,3.587216369678702e-15
6835.924528301887,9.784858659458316e-15
6836.075471698113,-2.910420598461843e-15
6836.226415094339,1.1929306888034964e-14
6836.377358490566,1.965772948444041e-15
6836.528301886792,2.6786769923752706e-15
6836.679245283019,1.014417681127331e-14
6836.830188679245,-5.006391479664665e-16
6836.981132075472,8.457358938475425e-15
6837.132075471698,3.128996935125364e-15
6837.2830188679245,5.894123369651636e-15
6837.433962264151,3.4957251058348478e-15
6837.584905660377,7.167752001102836e-15
6837.735849056604,1.9298814134414e-15
6837.88679245283,7.821734059617644e-15
6838.037735849057,2.9106010813930587e-15
6838.188679245283,5.64466464872787e-15
6838.33962264151,4.417901001553934e-15
6838.490566037736,7.214145200202529e-15
6838.641509433963,-6.398758636447181e-16
6838.792452830188,1.2953732624813783e-14
6838.943396226415,-2.7437192093597184e-15
6839.094339622641,9.326757405117749e-15
6839.245283018868,4.873754671247195e-15
6839.396226415094,1.7184635845984322e-15
6839.547169811321,9.215733778254852e-15
6839.698113207547,2.0313531620031296e-15
6839.8490566037735,4.6087100728045534e-15
6840.0,9.010605204883716e-15
6840.1509433962265,-1.2457212287347691e-15
6840.301886792453,1.0315721099115574e-14
6840.452830188679,2.9814563927446064e-15
6840.603773584906,3.0546120938454383e-15
6840.754716981132,9.362265449883207e-15
6840.905660377359,5.509122776536817e-17
6841.056603773585,9.109422646020736e-15
6841.207547169812,2.2079385382713533e-15
6841.358490566037,6.145523561640111e-15
6841.509433962264,5.2405995953659566e-15
6841.66037735849,4.622604638618066e-15
6841.811320754717,3.3282232740763714e-15
6841.962264150943,9.96337491110363e-15
6842.11320754717,-1.9425593098613883e-15
6842.264150943396,1.0537766685990889e-14
6842.415094339623,3.730548986338911e-15
6842.566037735849,1.9813795566524687e-15
6842.7169811320755,1.0023846858430796e-14
6842.867924528302,3.166195235712728e-16
6843.018867924528,9.051698216535069e-15
6843.169811320755,7.300594395228648e-16
6843.320754716981,9.752735258786592e-15
6843.471698113208,1.3932217348692635e-15
6843.622641509434,6.313459716132454e-15
6843.773584905661,4.427415098660911e-15
6843.924528301887,9.692739711832427e-15
6844.075471698113,-7.382181220570802e-15
6844.226415094339,2.3577421470595503e-14
6844.377358490566,-1.2232946744258165e-14
6844.528301886792,1.3066376147168913e-14
6844.679245283019,9.206082497457688e-15
6844.830188679245,-7.243432192732496e-15
6844.981132075472,1.824669069587714e-14
6845.132075471698,-3.725079996816006e-15
6845.2830188679245,9.073077599236243e-15
6845.433962264151,2.7567979358507476e-15
6845.584905660377,8.831618882026171e-15
6845.735849056604,-4.631681215964956e-16
6845.88679245283,1.0130661151201726e-14
6846.037735849057,2.9739318988992087e-15
6846.188679245283,4.603710915748739e-15
6846.33962264151,4.7656118414792035e-15
6846.490566037736,9.943803393853647e-15
6846.641509433963,-4.391923232621476e-15
6846.792452830188,1.469118101019195e-14
6846.943396226415,1.6199628633081857e-15
6847.094339622641,-2.7723875149166307e-16
6847.245283018868,1.6317633970802605e-14
6847.396226415094,-5.2609913044828694e-15
6847.547169811321,9.480959583296246e-15
6847.698113207547,7.301896362322838e-15
6847.8490566037735,-1.8801217719609873e-16
6848.0,9.735477106727789e-15
6848.1509433962265,2.8405417063373376e-15
6848.301886792453,5.9385404316105514e-15
6848.452830188679,4.353172574001552e-15
6848.603773584906,6.554883690823787e-15
6848.754716981132,3.4891282835977002e-15
6848.905660377359,6.52497606820507e-15
6849.056603773585,4.1454380913292544e-15
6849.207547169812,6.021895499346678e-15
6849.358490566037,4.4365485120528584e-15
6849.509433962264,5.495926510695927e-15
6849.66037735849,5.189556230127504e-15
6849.811320754717,5.501285737710094e-15
6849.962264150943,3.740755268073106e-15
6850.11320754717,7.199090768298021e-15
6850.264150943396,4.6023719566544846e-15
6850.415094339623,2.426507062371113e-15
6850.566037735849,1.078886278258313e-14
6850.7169811320755,-7.578351859989926e-17
6850.867924528302,6.446127789026899e-15
6851.018867924528,9.24550161341468e-15
6851.169811320755,-2.140423816815881e-15
6851.320754716981,1.2166013939229344e-14
6851.471698113208,9.97381424249373e-16
6851.622641509434,7.357651322316554e-15
6851.773584905661,2.1317347947743242e-15
6851.924528301887,1.1587687169638247e-14
6852.075471698113,-3.915421866330641e-15
6852.226415094339,1.401148184833203e-14
6852.377358490566,-1.9794949600760445e-16
6852.528301886792,6.430539895148911e-15
6852.679245283019,6.938396887042366e-15
6852.830188679245,2.430250705900375e-15
6852.981132075472,7.67495353429216e-15
6853.132075471698,4.56997113051764e-15
6853.2830188679245,2.5742327454044402e-15
6853.433962264151,1.1574867191545485e-14
6853.584905660377,-2.555164014900801e-15
6853.735849056604,1.0758636053545714e-14
6853.88679245283,4.0037232595395306e-15
6854.037735849057,4.052218144870568e-15
6854.188679245283,5.081929709753277e-15
6854.33962264151,8.556461525256281e-15
6854.490566037736,1.037667120174744e-15
6854.641509433963,6.430325426563551e-15
6854.792452830188,8.91874308300947e-15
6854.943396226415,-1.091563306136191e-15
6855.094339622641,1.0377266327443014e-14
6855.245283018868,3.5053410785946377e-15
6855.396226415094,5.237515034214386e-15
6855.547169811321,3.827067956401885e-15
6855.698113207547,9.292412151904863e-15
6855.8490566037735,1.903699997362424e-15
6856.0,3.0696225805309534e-15
6856.1509433962265,1.463762616861072e-14
6856.301886792453,-6.678142419715923e-15
6856.452830188679,1.2241003742714378e-14
6856.603773584906,8.069971966959286e-15
6856.754716981132,-5.4401441161326884e-15
6856.905660377359,1.7810051939660016e-14
6857.056603773585,-3.854426882356832e-15
6857.207547169812,1.0935070649206732e-14
6857.358490566037,-5.01319224348962e-16
6857.509433962264,1.429185437861573e-14
6857.66037735849,-5.9227632263944476e-15
6857.811320754717,1.5318069729839208e-14
6857.962264150943,-1.3234602475032191e-15
6858.11320754717,9.702120553006911e-15
6858.264150943396,7.967616481138175e-16
6858.415094339623,1.0489841716023052e-14
6858.566037735849,1.7571071790849205e-15
6858.7169811320755,4.633962836069696e-15
6858.867924528302,1.0259849769643107e-14
6859.018867924528,-1.559919760555823e-16
6859.169811320755,6.677708316077274e-15
6859.320754716981,9.626649253243649e-15
6859.471698113208,-1.0693131976488433e-15
6859.622641509434,8.2753002640546e-15
6859.773584905661,8.644254928379572e-15
6859.924528301887,-1.9975063861929366e-15
6860.075471698113,1.2087138928394926e-14
6860.226415094339,2.4749403452074096e-15
6860.377358490566,3.846166982969938e-15
6860.528301886792,1.037560164214251e-14
6860.679245283019,-2.1283151449005415e-15
6860.830188679245,1.3767033610611014e-14
6860.981132075472,-1.3833367257252822e-15
6861.132075471698,7.962446278563031e-15
6861.2830188679245,7.118909882758012e-15
6861.433962264151,2.076927322217278e-15
6861.584905660377,6.4196352282727184e-15
6861.735849056604,8.288179845284031e-15
6861.88679245283,2.338852829432657e-16
6862.037735849057,8.767895970816293e-15
6862.188679245283,7.296947225185257e-15
6862.33962264151,-2.70270770426063e-15
6862.490566037736,1.7235842799345638e-14
6862.641509433963,-5.7156830676111194e-15
6862.792452830188,1.115035747457666e-14
6862.943396226415,7.493281395248715e-15
6863.094339622641,-3.529958386383162e-15
6863.245283018868,1.66576981309008e-14
6863.396226415094,-2.6149677896925552e-15
6863.547169811321,6.983197517543407e-15
6863.698113207547,8.819001635713332e-15
6863.8490566037735,1.6508600962286546e-15
6864.0,5.640786799010738e-15
6864.1509433962265,8.596277096663441e-15
6864.301886792453,2.1345496287808238e-15
6864.452830188679,5.638449563975032e-15
6864.603773584906,8.733298028279987e-15
6864.754716981132,-1.7234708416016728e-16
6864.905660377359,1.2424750517420585e-14
6865.056603773585,-3.121300226799304e-15
6865.207547169812,1.5023910296891057e-14
6865.358490566037,-3.1038215026989844e-15
6865.509433962264,1.0204958207592842e-14
6865.66037735849,5.2759478150520045e-15
6865.811320754717,2.757362065809427e-15
6865.962264150943,7.907852873810901e-15
6866.11320754717,4.880647706039327e-15
6866.264150943396,4.6878331020024805e-15
6866.415094339623,5.759895795306599e-15
6866.566037735849,5.955043241595629e-15
6866.7169811320755,5.792801277116003e-15
6866.867924528302,2.0783755999732798e-15
6867.018867924528,1.1843891335883036e-14
6867.169811320755,-1.3338321747106666e-15
6867.320754716981,9.162911988594864e-15
6867.471698113208,6.50073738724466e-15
6867.622641509434,5.259953142027723e-16
6867.773584905661,1.1600992355877295e-14
6867.924528301887,1.0166850832237143e-15
6868.075471698113,6.222440749053631e-15
6868.226415094339,8.320084424705024e-15
6868.377358490566,1.0789377132267465e-15
6868.528301886792,8.439347447091586e-15
6868.679245283019,5.648955466952595e-15
6868.830188679245,2.1845420307214123e-15
6868.981132075472,1.1006028096106425e-14
6869.132075471698,-1.9837410653901047e-15
6869.2830188679245,1.4545951092928312e-14
6869.433962264151,-3.955496961163271e-15
6869.584905660377,1.3221956188045194e-14
6869.735849056604,4.552145432592408e-16
6869.88679245283,8.608331216852066e-15
6870.037735849057,2.4881558935061922e-15
6870.188679245283,8.875375753316673e-15
6870.33962264151,3.2712685818329403e-15
6870.490566037736,3.829484567901174e-15
6870.641509433963,1.2353627724212512e-14
6870.792452830188,-5.085883516362661e-15
6870.943396226415,1.56940125671569e-14
6871.094339622641,1.9728963741119622e-16
6871.245283018868,3.2303428582782825e-15
6871.396226415094,1.4370682720187865e-14
6871.547169811321,-5.893977085403493e-15
6871.698113207547,1.4344336715093945e-14
6871.8490566037735,2.177242354345319e-15
6872.0,3.724043007483405e-15
6872.1509433962265,9.43362888767989e-15
6872.301886792453,2.326402149348618e-15
6872.452830188679,6.7606159015665505e-15
6872.603773584906,5.44032208986834e-15
6872.754716981132,5.5940348989836196e-15
6872.905660377359,4.864687942065765e-15
6873.056603773585,6.178584761509591e-15
6873.207547169812,5.614073177288606e-15
6873.358490566037,4.3634286314024616e-15
6873.509433962264,7.0062636529905296e-15
6873.66037735849,4.699104625400716e-15
6873.811320754717,5.301630288767325e-15
6873.962264150943,5.595914279814899e-15
6874.11320754717,7.446628423635597e-15
6874.264150943396,7.116880407953431e-16
6874.415094339623,1.1954483146552382e-14
6874.566037735849,-3.8984789227795824e-16
6874.7169811320755,9.654823640848072e-15
6874.867924528302,3.00981020769213e-15
6875.018867924528,6.789131851468343e-15
6875.169811320755,5.477559631255992e-15
6875.320754716981,4.534299645378261e-15
6875.471698113208,6.615874768033616e-15
6875.622641509434,5.2403963176125105e-15
6875.773584905661,5.43862974055134e-15
6875.924528301887,3.742081870871265e-15
6876.075471698113,1.1769968465301192e-14
6876.226415094339,-5.795437079430583e-15
6876.377358490566,1.9427896346232306e-14
6876.528301886792,-6.6389382241439235e-15
6876.679245283019,1.2633961908546728e-14
6876.830188679245,3.903397737164097e-15
6876.981132075472,3.863578935432457e-15
6877.132075471698,7.608299752332695e-15
6877.2830188679245,4.962969009446909e-15
6877.433962264151,4.1385258710146934e-15
6877.584905660377,8.286517100882104e-15
6877.735849056604,2.6418943864424085e-15
6877.88679245283,7.246644027128796e-15
6878.037735849057,5.575177730997618e-15
6878.188679245283,4.97877261996439e-15
6878.33962264151,3.889546414039263e-15
6878.490566037736,1.1455285955063393e-14
6878.641509433963,-3.56521197656801e-15
6878.792452830188,1.3639935339535051e-14
6878.943396226415,2.6661410591570865e-15
6879.094339622641,2.7046782344410214e-15
6879.245283018868,1.0220454693955263e-14
6879.396226415094,4.0596646128683126e-15
6879.547169811321,1.9038350056555737e-15
6879.698113207547,1.1606691225890077e-14
6879.8490566037735,2.3618642530992287e-15
6880.0,1.8920848669039186e-15
6880.1509433962265,1.5884971642931147e-14
6880.301886792453,-7.298124819834004e-15
6880.452830188679,1.5600640109919023e-14
6880.603773584906,1.3857032606744416e-15
6880.754716981132,4.419198751960986e-15
6880.905660377359,9.00949538010689e-15
6881.056603773585,2.6261104908816624e-15
6881.207547169812,6.872685820128477e-15
6881.358490566037,5.3289740667851105e-15
6881.509433962264,5.612515405351346e-15
6881.66037735849,5.2614027567267086e-15
6881.811320754717,5.95933061696741e-15
6881.962264150943,5.272630040024458e-15
6882.11320754717,5.690630257207458e-15
6882.264150943396,5.539559036812747e-15
6882.415094339623,5.4103592742311856e-15
6882.566037735849,5.9665425282030266e-15
6882.7169811320755,5.015620510635024e-15
6882.867924528302,5.893227766217354e-15
6883.018867924528,5.685797878840364e-15
6883.169811320755,5.2715368721011226e-15
6883.320754716981,5.262674344995837e-15
6883.471698113208,6.9770368754515795e-15
6883.622641509434,3.5417410868298714e-15
6883.773584905661,6.763814025634873e-15
6883.924528301887,6.182380764505857e-15
6884.075471698113,4.1888603072335704e-15
6884.226415094339,4.772914576359389e-15
6884.377358490566,1.077391948352686e-14
6884.528301886792,-2.877348894459363e-15
6884.679245283019,1.2794703689830742e-14
6884.830188679245,3.7318393376958284e-15
6884.981132075472,1.9897340193563827e-15
6885.132075471698,1.0218865926909062e-14
6885.2830188679245,4.619406362681006e-15
6885.433962264151,1.931083709039459e-15
6885.584905660377,1.0238355214048961e-14
6885.735849056604,4.4094888208229594e-15
6885.88679245283,1.5846331560582018e-15
6886.037735849057,1.2632385922594179e-14
6886.188679245283,-1.1684500269058853e-15
6886.33962264151,1.0101194369194837e-14
6886.490566037736,2.8199548077116395e-15
6886.641509433963,7.97063559551316e-15
6886.792452830188,2.772653036083506e-15
6886.943396226415,8.450507926269293e-15
6887.094339622641,3.1395916380340994e-15
6887.245283018868,7.723152935954593e-15
6887.396226415094,3.026835304858695e-15
6887.547169811321,8.693703091614823e-15
6887.698113207547,2.7657263275111304e-15
6887.8490566037735,6.996252750098493e-15
6888.0,5.100163588862392e-15
6888.1509433962265,7.41931710545619e-15
6888.301886792453,1.2608233497964605e-16
6888.452830188679,1.4146329405819364e-14
6888.603773584906,-2.5524043521125342e-15
6888.754716981132,9.243182029542223e-15
6888.905660377359,7.474525295998438e-15
6889.056603773585,7.889322089950669e-16
6889.207547169812,9.215740703488726e-15
6889.358490566037,4.836673203800681e-15
6889.509433962264,5.2867364163310445e-15
6889.66037735849,3.493679262114551e-15
6889.811320754717,1.1419137986514805e-14
6889.962264150943,-1.7034445712931547e-15
6890.11320754717,9.60448488311938e-15
6890.264150943396,8.49348471554299e-15
6890.415094339623,-4.229065550731222e-15
6890.566037735849,1.8254701226691343e-14
6890.7169811320755,-4.622710002095161e-15
6890.867924528302,9.975971800146468e-15
6891.018867924528,6.596014925168054e-15
6891.169811320755,2.0767081842320953e-15
6891.320754716981,8.534556928546252e-15
6891.471698113208,4.479553417063165e-15
6891.622641509434,5.150922729455314e-15
6891.773584905661,6.5119526197167066e-15
6891.924528301887,4.956071702863477e-15
6892.075471698113,5.420009879457427e-15
6892.226415094339,6.414137628218285e-15
6892.377358490566,4.989093394899227e-15
6892.528301886792,4.352293793788373e-15
6892.679245283019,9.480894073201394e-15
6892.830188679245,-6.101475014829106e-17
6892.981132075472,1.050174584737539e-14
6893.132075471698,3.48642270941373e-15
6893.2830188679245,4.203991272749311e-15
6893.433962264151,9.897628625672648e-15
6893.584905660377,-1.0319872611811748e-15
6893.735849056604,1.3537470587959172e-14
6893.88679245283,-2.1615545110611463e-15
6894.037735849057,1.1434144227559597e-14
6894.188679245283,1.908533729992017e-15
6894.33962264151,8.14374747264769e-15
6894.490566037736,3.0605969470402174e-15
6894.641509433963,7.496709788304358e-15
6894.792452830188,5.891026265608045e-15
6894.943396226415,1.93022422614695e-15
6895.094339622641,1.1784167817799795e-14
6895.245283018868,-1.1387587662458194e-15
6895.396226415094,1.081988100524024e-14
6895.547169811321,2.4011930360557765e-15
6895.698113207547,7.42295436902695e-15
6895.8490566037735,3.619388717274312e-15
6896.0,8.577063075091594e-15
6896.1509433962265,1.6526694386277319e-15
6896.301886792453,9.154192510935931e-15
6896.452830188679,3.5511559153828688e-15
6896.603773584906,6.156264185936567e-15
6896.754716981132,4.402206698987503e-15
6896.905660377359,9.759672091851756e-15
6897.056603773585,-2.4085551401044423e-15
6897.207547169812,1.505900376723739e-14
6897.358490566037,-9.534073757119759e-16
6897.509433962264,4.915792081956528e-15
6897.66037735849,1.40590993572838e-14
6897.811320754717,-6.447348111334297e-15
6897.962264150943,1.3700095512349283e-14
6898.11320754717,6.7305462882000635e-15
6898.264150943396,-4.199509647412728e-15
6898.415094339623,1.727103292127838e-14
6898.566037735849,-2.462927320975934e-16
6898.7169811320755,1.6294760572850144e-15
6898.867924528302,1.6923531106585216e-14
6899.018867924528,-6.6846407675054226e-15
6899.169811320755,1.1568092954525967e-14
6899.320754716981,1.0201432626461614e-14
6899.471698113208,-9.820860163398229e-15
6899.622641509434,2.703559159723412e-14
6899.773584905661,-1.3949874011320254e-14
6899.924528301887,1.4986119052847236e-14
6900.075471698113,9.343731467812885e-15
6900.226415094339,-6.680295101832409e-15
6900.377358490566,1.5980757799985088e-14
6900.528301886792,5.336364812703303e-15
6900.679245283019,-4.7119876916510795e-15
6900.830188679245,1.8610246238650043e-14
6900.981132075472,-1.5072860140726283e-15
6901.132075471698,4.086168537670616e-15
6901.2830188679245,1.0205548751694968e-14
6901.433962264151,5.356086270163988e-15
6901.584905660377,-1.4571507075224128e-15
6901.735849056604,1.4875172735785492e-14
6901.88679245283,2.029127466210555e-15
6902.037735849057,-9.33498500029537e-16
6902.188679245283,1.847507388007853e-14
6902.33962264151,-5.6091818937458956e-15
6902.490566037736,8.846300647437804e-15
6902.641509433963,9.333288906710886e-15
6902.792452830188,5.054024976983304e-16
6902.943396226415,6.817671275989451e-15
6903.094339622641,7.900004695632704e-15
6903.245283018868,3.3019225982122698e-15
6903.396226415094,4.871276633309863e-15
6903.547169811321,8.482638044026129e-15
6903.698113207547,2.180228662802989e-15
6903.8490566037735,9.467563611971226e-15
6904.0,-1.7211845691556576e-15
6904.1509433962265,1.8717129261504563e-14
6904.301886792453,-1.3343450793861372e-14
6904.452830188679,2.6563665583283617e-14
6904.603773584906,-1.2703736224004316e-14
6904.754716981132,1.7160948827264682e-14
6904.905660377359,1.0822790462881855e-15
6905.056603773585,5.637234648112385e-15
6905.207547169812,5.231327358289952e-15
6905.358490566037,9.313295034259425e-15
6905.509433962264,-2.119219080181085e-15
6905.66037735849,1.480757877155545e-14
6905.811320754717,-2.5969558839340015e-15
6905.962264150943,1.0729526046107605e-14
6906.11320754717,3.3272945300538718e-15
6906.264150943396,5.7768091272262375e-15
6906.415094339623,5.561421119004233e-15
6906.566037735849,6.352534009336221e-15
6906.7169811320755,4.245469172564065e-15
6906.867924528302,4.549766099685804e-15
6907.018867924528,1.2063269377276157e-14
6907.169811320755,-7.764482691264964e-15
6907.320754716981,2.2861470331027843e-14
6907.471698113208,-1.135816620656163e-14
6907.622641509434,1.8752107487234932e-14
6907.773584905661,-3.864151487665112e-15
6907.924528301887,1.2190658593151712e-14
6908.075471698113,7.60540153873129e-16
6908.226415094339,8.26503178834107e-15
6908.377358490566,4.753929293140844e-15
6908.528301886792,4.293078097345177e-15
6908.679245283019,8.880613993083648e-15
6908.830188679245,-2.7198207281434244e-16
6908.981132075472,1.2726730725044958e-14
6909.132075471698,-7.82294977723642e-16
6909.2830188679245,8.158710093262259e-15
6909.433962264151,7.409343248523128e-15
6909.584905660377,4.2406793059405095e-16
6909.735849056604,1.087291720333068e-14
6909.88679245283,2.1328927416835922e-15
6910.037735849057,6.254382463317811e-15
6910.188679245283,5.987555464783005e-15
6910.33962264151,5.7614557589636824e-15
6910.490566037736,3.339586064327129e-15
6910.641509433963,8.34065651447885e-15
6910.792452830188,4.6944914884700074e-15
6910.943396226415,2.1463244943983564e-15
6911.094339622641,1.1966599031429789e-14
6911.245283018868,-4.825270405299017e-16
6911.396226415094,7.224937125445708e-15
6911.547169811321,8.79110072853321e-15
6911.698113207547,-6.38533822356007e-16
6911.8490566037735,1.1053547177044854e-14
6912.0,2.2533707279056757e-15
6912.1509433962265,6.763356913718311e-15
6912.301886792453,4.4166948554363855e-15
6912.452830188679,7.395665906818874e-15
6912.603773584906,2.9359446250203436e-15
6912.754716981132,7.345000048816892e-15
6912.905660377359,5.080682790318625e-15
6913.056603773585,4.7987772519236586e-15
6913.207547169812,5.587809373539334e-15
6913.358490566037,7.0073614206366e-15
6913.509433962264,3.0079072838212344e-15
6913.66037735849,6.196047750738028e-15
6913.811320754717,8.545072475810875e-15
6913.962264150943,-8.364456489726134e-16
6914.11320754717,1.1449983315088749e-14
6914.264150943396,3.4636837327688277e-15
6914.415094339623,2.164323712147085e-15
6914.566037735849,1.2045272405107802e-14
6914.7169811320755,-1.068271097320629e-15
6914.867924528302,9.326493503859016e-15
6915.018867924528,4.340701994524584e-15
6915.169811320755,5.805220206747751e-15
6915.320754716981,3.086285750525831e-15
6915.471698113208,1.0925164554894355e-14
6915.622641509434,-1.799864162014014e-15
6915.773584905661,1.1485474105000953e-14
6915.924528301887,2.722949724201783e-15
6916.075471698113,4.449143049369018e-15
6916.226415094339,9.371562523884342e-15
6916.377358490566,-8.572640453913611e-16
6916.528301886792,1.321620717122104e-14
6916.679245283019,-2.2169979752130803e-15
6916.830188679245,1.1063411282519743e-14
6916.981132075472,2.042239187449403e-15
6917.132075471698,8.077660631332612e-15
6917.2830188679245,1.973019141201586e-15
6917.433962264151,8.868148076638118e-15
6917.584905660377,4.678655203798669e-15
6917.735849056604,1.4177858517761235e-15
6917.88679245283,1.263799256530918e-14
6918.037735849057,-5.004875368281369e-16
6918.188679245283,5.891738686759309e-15
6918.33962264151,1.017866888422047e-14
6918.490566037736,-1.876104411875285e-17
6918.641509433963,6.0607323278199235e-15
6918.792452830188,1.101824266273416e-14
6918.943396226415,-2.9335673863141422e-15
6919.094339622641,1.0804408837809291e-14
6919.245283018868,5.858824937423613e-15
6919.396226415094,1.0821237288083397e-15
6919.547169811321,7.78227148314634e-15
6919.698113207547,1.0346098219662914e-14
6919.8490566037735,-8.081765932434136e-15
6920.0,2.2671716195443094e-14
6920.1509433962265,-7.903061032342236e-15
6920.301886792453,8.944535813595697e-15
6920.452830188679,1.0971933484351524e-14
6920.603773584906,-3.035525225966093e-15
6920.754716981132,8.851098221213037e-15
6920.905660377359,1.076139915094809e-14
6921.056603773585,-6.9184454321082295e-15
6921.207547169812,1.8785308177866794e-14
6921.358490566037,-4.424616415705047e-15
6921.509433962264,1.0918767345051209e-14
6921.66037735849,1.3172257844689776e-15
6921.811320754717,1.020587779255401e-14
6921.962264150943,2.2591087109384557e-16
6922.11320754717,8.232440461398716e-15
6922.264150943396,6.364270413851853e-15
6922.415094339623,1.3321723683038547e-15
6922.566037735849,9.728130791644485e-15
6922.7169811320755,2.7981734243929365e-15
6922.867924528302,5.612689229365987e-15
6923.018867924528,6.245608119183156e-15
6923.169811320755,4.622074666223695e-15
6923.320754716981,5.209790327388647e-15
6923.471698113208,5.9695654140593454e-15
6923.622641509434,5.024500069050732e-15
6923.773584905661,4.573858761215782e-15
6923.924528301887,7.183947537516768e-15
6924.075471698113,3.161420530973785e-15
6924.226415094339,6.547798076879696e-15
6924.377358490566,5.61290741695374e-15
6924.528301886792,4.586935990401889e-15
6924.679245283019,4.061643046313312e-15
6924.830188679245,1.0255147393070862e-14
6924.981132075472,-2.3635080291667858e-15
6925.132075471698,1.2298300343656563e-14
6925.2830188679245,2.340515431554367e-15
6925.433962264151,3.4560664117932438e-15
6925.584905660377,9.901125967080656e-15
6925.735849056604,9.130275518287176e-16
6925.88679245283,7.752309034332133e-15
6926.037735849057,4.53514317537854e-15
6926.188679245283,5.596606726701417e-15
6926.33962264151,4.512483300776608e-15
6926.490566037736,6.514683137482915e-15
6926.641509433963,4.2219640333597836e-15
6926.792452830188,5.6860634322662705e-15
6926.943396226415,5.4545162031930155e-15
6927.094339622641,5.046062536833033e-15
6927.245283018868,5.070303617321004e-15
6927.396226415094,5.9372005033661525e-15
6927.547169811321,4.6357132267456206e-15
6927.698113207547,5.243191482771217e-15
6927.8490566037735,6.1232181202529385e-15
6928.0,4.17948414730276e-15
6928.1509433962265,5.514697130756831e-15
6928.301886792453,6.29986315294191e-15
6928.452830188679,3.968222965944398e-15
6928.603773584906,4.662604757263743e-15
6928.754716981132,8.996256410412847e-15
6928.905660377359,-5.201750103541168e-16
6929.056603773585,1.0105792594292043e-14
6929.207547169812,3.693836867272002e-15
6929.358490566037,3.1388698846342514e-15
6929.509433962264,9.977757668679998e-15
6929.66037735849,-1.2707371977707977e-15
6929.811320754717,1.2981066893075313e-14
6929.962264150943,-2.7367130424319246e-15
6930.11320754717,1.1848560663499944e-14
6930.264150943396,9.556648772963638e-16
6930.415094339623,7.483961996807486e-15
6930.566037735849,3.8299365830970505e-15
6930.7169811320755,6.4092122796160096e-15
6930.867924528302,4.8482868052190985e-15
6931.018867924528,2.9979823953300387e-15
6931.169811320755,1.1950722872205152e-14
6931.320754716981,-6.691197711924473e-15
6931.471698113208,2.0112438500593e-14
6931.622641509434,-7.606739586784873e-15
6931.773584905661,1.017393442463117e-14
6931.924528301887,1.0552300467103649e-14
6932.075471698113,-7.480490303083869e-15
6932.226415094339,1.8424787238539672e-14
6932.377358490566,-2.6593856716453382e-15
6932.528301886792,6.120256715489878e-15
6932.679245283019,8.404320222884985e-15
6932.830188679245,1.8182082255489517e-15
6932.981132075472,6.431023838983722e-15
6933.132075471698,5.764719496774206e-15
6933.2830188679245,4.262035931771569e-15
6933.433962264151,5.301729381297136e-15
6933.584905660377,5.822527771147819e-15
6933.735849056604,4.425430443464813e-15
6933.88679245283,5.342489298218625e-15
6934.037735849057,5.686418517616112e-15
6934.188679245283,4.26509861215769e-15
6934.33962264151,5.869239368023589e-15
6934.490566037736,5.020357756427835e-15
6934.641509433963,4.721782421937011e-15
6934.792452830188,5.576698412945711e-15
6934.943396226415,5.5145596378930325e-15
6935.094339622641,3.596807639307808e-15
6935.245283018868,7.169933135668222e-15
6935.396226415094,4.1497777596076874e-15
6935.547169811321,4.0757035172831004e-15
6935.698113207547,7.0560764424536516e-15
6935.8490566037735,5.496825493581959e-15
6936.0,3.099466765633339e-17
6936.1509433962265,1.3527227861465572e-14
6936.301886792453,-1.4550782452802394e-15
6936.452830188679,4.899325096959927e-15
6936.603773584906,1.2669876844787896e-14
6936.754716981132,-5.379937438722829e-15
6936.905660377359,1.2435234818202211e-14
6937.056603773585,4.752029014307765e-15
6937.207547169812,-1.5053090420515596e-15
6937.358490566037,1.5865188324591437e-14
6937.509433962264,-6.234398915200511e-15
6937.66037735849,1.3956538717044477e-14
6937.811320754717,7.452287606717754e-16
6937.962264150943,3.70583797800087e-15
6938.11320754717,1.2305932989758367e-14
6938.264150943396,-6.3686232796928396e-15
6938.415094339623,1.7348417606595875e-14
6938.566037735849,-4.3120452726037565e-15
6938.7169811320755,9.728465296214531e-15
6938.867924528302,4.3769074466739826e-15
6939.018867924528,3.560193857250206e-15
6939.169811320755,7.987070632621973e-15
6939.320754716981,4.023253595238312e-16
6939.471698113208,1.1153171038089237e-14
6939.622641509434,-4.844665715435362e-16
6939.773584905661,7.284402249608548e-15
6939.924528301887,7.504701837516324e-15
6940.075471698113,-1.0238040251290685e-15
6940.226415094339,1.1886745281094997e-14
6940.377358490566,1.1631666038244918e-16
6940.528301886792,7.15187072351948e-15
6940.679245283019,4.16440348653109e-15
6940.830188679245,7.503963937553888e-15
6940.981132075472,-9.448548373825018e-16
6941.132075471698,1.3684932348956689e-14
6941.2830188679245,-3.3226469614255464e-15
6941.433962264151,9.993673177095157e-15
6941.584905660377,4.543560856056569e-15
6941.735849056604,1.9250304962738044e-15
6941.88679245283,9.457351509382933e-15
6942.037735849057,1.807457931057095e-15
6942.188679245283,4.590937708701016e-15
6942.33962264151,9.800952388940693e-15
6942.490566037736,-2.3286184512066624e-15
6942.641509433963,1.0878394230411653e-14
6942.792452830188,3.806437179279796e-15
6942.943396226415,1.5923089756505835e-15
6943.094339622641,9.437907422233556e-15
6943.245283018868,3.208388238667179e-15
6943.396226415094,3.1815488052342594e-15
6943.547169811321,8.03575508340952e-15
6943.698113207547,3.7005423006237235e-15
6943.8490566037735,2.646819096095343e-15
6944.0,1.1212995100057995e-14
6944.1509433962265,-4.627788908948076e-15
6944.301886792453,1.5815152352805438e-14
6944.452830188679,-3.6495119621571126e-15
6944.603773584906,8.452712759955646e-15
6944.754716981132,5.822317370857132e-15
6944.905660377359,3.755438366861537e-15
6945.056603773585,2.6010520196845175e-15
6945.207547169812,1.0925209548469881e-14
6945.358490566037,-1.4776170725894285e-15
6945.509433962264,8.42460256995532e-15
6945.66037735849,4.997566394560629e-15
6945.811320754717,3.0955826719979788e-15
6945.962264150943,6.262776873247539e-15
6946.11320754717,5.030276370038068e-15
6946.264150943396,3.52391027568466e-15
6946.415094339623,7.0894571073842946e-15
6946.566037735849,2.1842761775088072e-15
6946.7169811320755,7.718028737191646e-15
6946.867924528302,2.832992368010881e-15
6947.018867924528,5.648607836062471e-15
6947.169811320755,4.289197875933793e-15
6947.320754716981,8.189786239119985e-15
6947.471698113208,-3.3359185323248865e-15
6947.622641509434,1.684515639936505e-14
6947.773584905661,-6.8516859286047234e-15
6947.924528301887,1.3235880609294391e-14
6948.075471698113,-5.620005732914609e-16
6948.226415094339,9.642900299996455e-15
6948.377358490566,4.349049117251103e-16
6948.528301886792,5.950547635926123e-15
6948.679245283019,1.0290626589424208e-14
6948.830188679245,-6.63144253928519e-15
6948.981132075472,1.772166514976441e-14
6949.132075471698,-4.49640874633419e-15
6949.2830188679245,9.928152081697311e-15
6949.433962264151,-9.385456667909427e-17
6949.584905660377,1.403680365040581e-14
6949.735849056604,-8.198925488093528e-15
6949.88679245283,1.575358919459344e-14
6950.037735849057,2.054150401571366e-15
6950.188679245283,-7.568162206983816e-16
6950.33962264151,1.2282273580301525e-14
6950.490566037736,3.1877881461549283e-15
6950.641509433963,-2.521493651909544e-15
6950.792452830188,1.827482554700271e-14
6950.943396226415,-9.600009047643961e-15
6951.094339622641,1.613725437836654e-14
6951.245283018868,-1.427702661129371e-15
6951.396226415094,4.389885312499374e-15
6951.547169811321,1.2954387443261394e-14
6951.698113207547,-1.035597131621048e-14
6951.8490566037735,2.2698615334513877e-14
6952.0,-9.94940797942664e-15
6952.1509433962265,1.2379897741677858e-14
6952.301886792453,3.429525040409518e-15
6952.452830188679,3.911525983483504e-15
6952.603773584906,4.495303289765866e-15
6952.754716981132,5.962364200100686e-15
6952.905660377359,5.095771628511517e-15
6953.056603773585,1.046619557186211e-15
6953.207547169812,1.108871330913881e-14
6953.358490566037,-1.9942084577662133e-15
6953.509433962264,1.0093308636769956e-14
6953.66037735849,9.10718107418169e-16
6953.811320754717,7.716632767123634e-15
6953.962264150943,2.1421769463867155e-15
6954.11320754717,6.780021010174446e-15
6954.264150943396,2.8513455877204362e-15
6954.415094339623,7.584233343880157e-15
6954.566037735849,-3.668154408160243e-16
6954.7169811320755,1.169498073360651e-14
6954.867924528302,-2.2984093148258723e-15
6955.018867924528,9.297813487852458e-15
6955.169811320755,4.1294172816805684e-15
6955.320754716981,7.792318324825781e-16
6955.471698113208,1.2074935115443808e-14
6955.622641509434,-3.84800047310175e-15
6955.773584905661,1.1242367531576784e-14
6955.924528301887,2.4390348055131702e-15
6956.075471698113,2.15531932220514e-15
6956.226415094339,1.0208162455509732e-14
6956.377358490566,-1.2293760454647675e-15
6956.528301886792,8.681984207765196e-15
6956.679245283019,3.0206187247615447e-15
6956.830188679245,5.318316803794899e-15
6956.981132075472,2.42809952044865e-15
6957.132075471698,9.963946158905768e-15
6957.2830188679245,-2.9889612958508272e-15
6957.433962264151,1.178070051327477e-14
6957.584905660377,6.184580971239114e-16
6957.735849056604,4.475576127703493e-15
6957.88679245283,8.345779815219878e-15
6958.037735849057,-1.3894467137966496e-15
6958.188679245283,1.1120037420421883e-14
6958.33962264151,-4.891931558420204e-16
6958.490566037736,7.394413160461004e-15
6958.641509433963,2.9151187323342818e-15
6958.792452830188,7.13417205373886e-15
6958.943396226415,1.425227140222304e-15
6959.094339622641,4.815090195158169e-15
6959.245283018868,1.1119783571957485e-14
6959.396226415094,-8.46522075369316e-15
6959.547169811321,1.881373639742647e-14
6959.698113207547,-4.659256932230822e-15
6959.8490566037735,6.952591650508944e-15
6960.0,5.1744372440720024e-15
6960.1509433962265,6.453550795710598e-15
6960.301886792453,-1.991176358862032e-15
6960.452830188679,1.3025891786832441e-14
6960.603773584906,-1.2857177844561823e-15
6960.754716981132,5.144080496091836e-15
6960.905660377359,8.225364050579354e-15
6961.056603773585,-3.3239406067703413e-16
6961.207547169812,7.270947563021796e-15
6961.358490566037,5.82664513477153e-15
6961.509433962264,-6.660597496664595e-16
6961.66037735849,1.1371504262033715e-14
6961.811320754717,-1.0409401233991398e-15
6961.962264150943,6.772222245666539e-15
6962.11320754717,5.501154138022316e-15
6962.264150943396,1.544055166216935e-15
6962.415094339623,8.08170889549163e-15
6962.566037735849,1.125441900862357e-15
6962.7169811320755,6.507795310898309e-15
6962.867924528302,5.236058852330367e-15
6963.018867924528,4.445425651273459e-16
6963.169811320755,1.0102571296599795e-14
6963.320754716981,4.903046467634279e-17
6963.471698113208,6.137872362470215e-15
6963.622641509434,4.520237077474718e-15
6963.773584905661,4.713618098048105e-15
6963.924528301887,3.2879734760538285e-15
6964.075471698113,4.429390936101489e-15
6964.226415094339,8.770741593440996e-15
6964.377358490566,-5.492313407065173e-15
6964.528301886792,1.7639327980485925e-14
6964.679245283019,-7.340099638928278e-15
6964.830188679245,1.0686198730839139e-14
6964.981132075472,4.5285183596790385e-15
6965.132075471698,3.3158291948117094e-16
6965.2830188679245,8.663940550846415e-15
6965.433962264151,2.7857786165950873e-15
6965.584905660377,3.0091852124365807e-15
6965.735849056604,6.593560902599602e-15
6965.88679245283,4.608578755979399e-15
6966.037735849057,-6.934134835812296e-18
6966.188679245283,1.1514138766249726e-14
6966.33962264151,-1.6757535380408833e-15
6966.490566037736,5.954574187158442e-15
6966.641509433963,7.735907836574498e-15
6966.792452830188,-1.551918024595171e-15
6966.943396226415,9.696221890936207e-15
6967.094339622641,1.1461386157147425e-15
6967.245283018868,5.988605525953336e-15
6967.396226415094,2.7573599190688518e-15
6967.547169811321,6.740525828829444e-15
6967.698113207547,1.5494956272493594e-15
6967.8490566037735,6.375813069594343e-15
6968.0,3.622846592769565e-15
6968.1509433962265,4.339493774088378e-15
6968.301886792453,3.4860263898795013e-15
6968.452830188679,6.825187774722887e-15
6968.603773584906,1.181923224529057e-15
6968.754716981132,5.455919703656917e-15
6968.905660377359,6.904048044359918e-15
6969.056603773585,-9.724058857248704e-16
6969.207547169812,8.639106204052939e-15
6969.358490566037,4.118420969597558e-15
6969.509433962264,-2.0498467048187904e-16
6969.66037735849,1.1151470327186228e-14
6969.811320754717,-2.311607482741227e-15
6969.962264150943,9.513281638720319e-15
6970.11320754717,-2.8450363560998657e-16
6970.264150943396,8.8117332067456e-15
6970.415094339623,5.670114070999596e-17
6970.566037735849,7.300123282263393e-15
6970.7169811320755,1.7732279694717908e-15
6970.867924528302,8.405492832562097e-15
6971.018867924528,-3.600720879589715e-15
6971.169811320755,1.4828701138017497e-14
6971.320754716981,-5.369912741315599e-15
6971.471698113208,9.264225038935405e-15
6971.622641509434,3.678405088468312e-15
6971.773584905661,3.79925499493308e-15
6971.924528301887,1.9746882494990935e-15
6972.075471698113,9.486275521654558e-15
6972.226415094339,-1.864625178108855e-15
6972.377358490566,8.985378397390636e-15
6972.528301886792,7.386823036954237e-16
6972.679245283019,7.038560325403782e-15
6972.830188679245,2.129697961980683e-15
6972.981132075472,4.172644506569208e-15
6973.132075471698,6.802723828687636e-15
6973.2830188679245,1.680852195848446e-17
6973.433962264151,7.792807605302333e-15
6973.584905660377,2.0770112053501517e-15
6973.735849056604,5.350394315890645e-15
6973.88679245283,2.585806653385095e-15
6974.037735849057,5.811906908880852e-15
6974.188679245283,4.353766514803534e-15
6974.33962264151,2.776218154873457e-16
6974.490566037736,1.0695229388877372e-14
6974.641509433963,-1.7545221805145258e-15
6974.792452830188,6.0833882655340824e-15
6974.943396226415,6.384309877241752e-15
6975.094339622641,-2.982763239137601e-17
6975.245283018868,7.51490957908973e-15
6975.396226415094,1.924054439212362e-15
6975.547169811321,6.109434252861757e-15
6975.698113207547,1.8502947357418115e-15
6975.8490566037735,4.850898546331848e-15
6976.0,6.850135787709929e-15
6976.1509433962265,-1.935249879224519e-15
6976.301886792453,9.846942097549926e-15
6976.452830188679,2.5076060917724052e-15
6976.603773584906,2.4344890272105154e-16
6976.754716981132,1.0520147171125199e-14
6976.905660377359,-1.1201220525189279e-15
6977.056603773585,6.3679705461882524e-15
6977.207547169812,2.4206216235334358e-15
6977.358490566037,8.210001553712914e-15
6977.509433962264,-3.5366175967491116e-15
6977.66037735849,1.2111446224931258e-14
6977.811320754717,-3.69961797636455e-16
6977.962264150943,2.4648834815400625e-15
6978.11320754717,1.0097638295137512e-14
6978.264150943396,-2.8618204351163427e-15
6978.415094339623,8.133390096744279e-15
6978.566037735849,3.465648919510189e-15
6978.7169811320755,3.193616872482433e-15
6978.867924528302,2.275979485096769e-15
6979.018867924528,1.0392851420298647e-14
6979.169811320755,-5.663208557621484e-15
6979.320754716981,1.2443812899840413e-14
6979.471698113208,4.94652083445775e-16
6979.622641509434,2.039166721536321e-15
6979.773584905661,8.07620400626696e-15
6979.924528301887,1.4854798383068772e-15
6980.075471698113,3.2831088593805537e-15
6980.226415094339,5.8973728148078864e-15
6980.377358490566,3.5241354217149167e-15
6980.528301886792,2.2369874747254706e-15
6980.679245283019,4.561866870419401e-15
6980.830188679245,8.583955895725872e-15
6980.981132075472,-7.122749263095718e-15
6981.132075471698,1.729434297914645e-14
6981.2830188679245,-5.537146013951206e-15
6981.433962264151,5.436484200574773e-15
6981.584905660377,9.532567035242531e-15
6981.735849056604,-5.147905449260269e-15
6981.88679245283,1.2318050754901015e-14
6982.037735849057,-1.3411776036857105e-15
6982.188679245283,4.376238478530436e-15
6982.33962264151,8.490955465934572e-15
6982.490566037736,-4.307855762491405e-15
6982.641509433963,1.117750316675098e-14
6982.792452830188,2.886164892638102e-15
6982.943396226415,-4.472643198388363e-15
6983.094339622641,1.906304728012666e-14
6983.245283018868,-1.1956690239967071e-14
6983.396226415094,1.4282731424419278e-14
6983.547169811321,3.9058537998371406e-16
6983.698113207547,2.8244930968553524e-15
6983.8490566037735,5.3017458372095345e-15
6984.0,4.037275311073192e-15
6984.1509433962265,2.078221887360428e-15
6984.301886792453,5.682877614726535e-15
6984.452830188679,2.5294608974695193e-15
6984.603773584906,4.59847221156235e-15
6984.754716981132,2.9711536600365332e-15
6984.905660377359,4.552888884606309e-15
6985.056603773585,3.4011732076009302e-15
6985.207547169812,3.738825318630655e-15
6985.358490566037,3.4256255024205783e-15
6985.509433962264,5.143575894029718e-15
6985.66037735849,1.9738722108364027e-15
6985.811320754717,3.798848021987178e-15
6985.962264150943,7.09384884586178e-15
6986.11320754717,-2.2384797912525333e-15
6986.264150943396,9.096973443312048e-15
6986.415094339623,2.1624075152274625e-15
6986.566037735849,7.614633126847847e-16
6986.7169811320755,9.176891960333623e-15
6986.867924528302,-1.5347741194113074e-15
6987.018867924528,7.350430463226299e-15
6987.169811320755,1.281720108470722e-15
6987.320754716981,5.740678613897676e-15
6987.471698113208,1.8356557355250184e-15
6987.622641509434,4.855574625991887e-15
6987.773584905661,3.2340424490197586e-15
6987.924528301887,4.3458398259359216e-15
6988.075471698113,1.672144041774748e-15
6988.226415094339,6.425996407867877e-15
6988.377358490566,2.622073585588756e-15
6988.528301886792,6.143500595318997e-16
6988.679245283019,1.008987808641146e-14
6988.830188679245,-2.199644568723529e-15
6988.981132075472,4.517242179961165e-15
6989.132075471698,8.465217508952324e-15
6989.2830188679245,-3.2287773794002504e-15
6989.433962264151,7.430857952308079e-15
6989.584905660377,4.939385236423468e-15
6989.735849056604,-3.144263548726414e-16
6989.88679245283,4.88089291530954e-15
6990.037735849057,9.012940451550427e-15
6990.188679245283,-8.530708059893343e-15
6990.33962264151,1.839022617682048e-14
6990.490566037736,-8.596514370621364e-15
6990.641509433963,9.85526826651087e-15
6990.792452830188,2.8533194575730557e-15
6990.943396226415,1.588326055382213e-15
6991.094339622641,5.166514594158938e-15
6991.245283018868,3.812540007598375e-15
6991.396226415094,1.6768729672594385e-15
6991.547169811321,5.844485383708168e-15
6991.698113207547,1.931714454315463e-15
6991.8490566037735,4.009070132330209e-15
6992.0,3.601056356614508e-15
6992.1509433962265,4.244907850786335e-15
6992.301886792453,8.96974468095334e-16
6992.452830188679,7.413468704007947e-15
6992.603773584906,8.990667408624305e-16
6992.754716981132,2.1250101803429318e-15
6992.905660377359,8.777971505266322e-15
6993.056603773585,-1.791346061665255e-15
6993.207547169812,3.340466906504054e-15
6993.358490566037,1.1742612629606564e-14
6993.509433962264,-1.0531758403553281e-14
6993.66037735849,1.7394128030333125e-14
6993.811320754717,-5.314452503778634e-15
6993.962264150943,5.782198309850153e-15
6994.11320754717,5.232028973335701e-15
6994.264150943396,1.248347772293784e-15
6994.415094339623,3.108658682835202e-15
6994.566037735849,7.443163032831666e-15
6994.7169811320755,-3.4300443554418276e-15
6994.867924528302,1.0990693455726708e-14
6995.018867924528,-2.9777144483036848e-15
6995.169811320755,8.223377870309747e-15
6995.320754716981,-4.583812392132846e-16
6995.471698113208,6.628101883946216e-15
6995.622641509434,1.1891489102306568e-15
6995.773584905661,4.418682546468024e-15
6995.924528301887,2.8620332093833296e-15
6996.075471698113,4.154896090988624e-15
6996.226415094339,2.6101002296541952e-15
6996.377358490566,2.773235032975664e-15
6996.528301886792,6.65377124175218e-15
6996.679245283019,-2.825246140729506e-15
6996.830188679245,1.1115721385398279e-14
6996.981132075472,-3.68966813810218e-15
6997.132075471698,7.479451673230621e-15
6997.2830188679245,2.586107748314403e-15
6997.433962264151,2.903049529293095e-15
6997.584905660377,9.916511709695058e-16
6997.735849056604,1.0878508107939617e-14
6997.88679245283,-7.599256072556643e-15
6998.037735849057,1.199147134014343e-14
6998.188679245283,1.5974005146608251e-15
6998.33962264151,-1.2364504230845823e-15
6998.490566037736,7.894119512192905e-15
6998.641509433963,4.624853349517999e-15
6998.792452830188,-3.705493465010238e-15
6998.943396226415,8.948875754228747e-15
6999.094339622641,6.055229164424456e-15
6999.245283018868,-8.111532019366963e-15
6999.396226415094,1.5703631157109517e-14
6999.547169811321,-1.803913906712458e-15
6999.698113207547,-1.1744860181686308e-15
6999.8490566037735,1.1856612403691554e-14
7000.0,-2.3387385562855306e-15
7000.1509433962265,2.3782576091304127e-15
7000.301886792453,9.073157100288123e-15
7000.452830188679,-4.49934309122537e-15
7000.603773584906,1.0896856834875e-14
7000.754716981132,-3.984093255719058e-15
7000.905660377359,9.583851053611206e-15
7001.056603773585,-1.4738332160529928e-15
7001.207547169812,5.099674396427617e-15
7001.358490566037,4.477542690763979e-15
7001.509433962264,-5.725411261044301e-16
7001.66037735849,7.251388582144782e-15
7001.811320754717,1.689379626104284e-15
7001.962264150943,4.5184302351041093e-17
7002.11320754717,1.0204468299894553e-14
7002.264150943396,-4.256086929871019e-15
7002.415094339623,6.3194521628644945e-15
7002.566037735849,6.907712270620539e-15
7002.7169811320755,-6.392628548179154e-15
7002.867924528302,1.3999868552277101e-14
7003.018867924528,-4.446099502444331e-15
7003.169811320755,5.598955333777761e-15
7003.320754716981,4.2752690555180835e-15
7003.471698113208,5.027743007616331e-16
7003.622641509434,6.686027934463397e-15
7003.773584905661,-2.467120325180997e-15
7003.924528301887,1.0716587216772443e-14
7004.075471698113,-4.30157978203948e-15
7004.226415094339,6.857036587837354e-15
7004.377358490566,4.6228677662337735e-15
7004.528301886792,-2.395511904951342e-15
7004.679245283019,8.945591790598555e-15
7004.830188679245,-1.7159967099603834e-16
7004.981132075472,3.088401682128836e-15
7005.132075471698,3.902948850062509e-15
7005.2830188679245,4.568029605400093e-15
7005.433962264151,-2.300168347434365e-15
7005.584905660377,1.0349000859167745e-14
7005.735849056604,-2.6741454870223596e-15
7005.88679245283,4.732122849166967e-15
7006.037735849057,4.912967951242774e-15
7006.188679245283,-8.218936914630948e-16
7006.33962264151,7.998041916954623e-15
7006.490566037736,-3.568352459668127e-15
7006.641509433963,1.0928524798862932e-14
7006.792452830188,-4.321352889083459e-15
7006.943396226415,6.906245596567305e-15
7007.094339622641,3.6655802423492166e-15
7007.245283018868,-1.023404680174356e-15
7007.396226415094,7.478039699390893e-15
7007.547169811321,8.471210537657125e-17
7007.698113207547,3.8237664913190875e-15
7007.8490566037735,2.9903413397302795e-15
7008.0,3.231557335307655e-15
7008.1509433962265,1.8709815776926355e-15
7008.301886792453,4.301598258091609e-15
7008.452830188679,1.9679796316240518e-15
7008.603773584906,3.1441328269385266e-15
7008.754716981132,3.1051413355843656e-15
7008.905660377359,2.8801861404536395e-15
7009.056603773585,2.4160283400367773e-15
7009.207547169812,3.723410663818119e-15
7009.358490566037,2.209335134079032e-15
7009.509433962264,3.0451869954994916e-15
7009.66037735849,3.1533387938941128e-15
7009.811320754717,2.623205938623577e-15
7009.962264150943,2.654742290066259e-15
7010.11320754717,3.538912811176379e-15
7010.264150943396,2.1722745991457323e-15
7010.415094339623,3.0047981220140816e-15
7010.566037735849,3.3192325741341715e-15
7010.7169811320755,2.2237655039527685e-15
7010.867924528302,2.892519912476983e-15
7011.018867924528,3.556873727830413e-15
7011.169811320755,1.8808170235021005e-15
7011.320754716981,2.9651613939735476e-15
7011.471698113208,3.9337361708787025e-15
7011.622641509434,1.1542287914105378e-15
7011.773584905661,3.3882946582283518e-15
7011.924528301887,4.163492531263444e-15
7012.075471698113,7.104082415588769e-16
7012.226415094339,2.6453342711913898e-15
7012.377358490566,7.090295084475328e-15
7012.528301886792,-4.327583882804247e-15
7012.679245283019,8.465692959300517e-15
7012.830188679245,2.007224736579044e-15
7012.981132075472,-1.329586903540453e-15
7013.132075471698,8.3518592954739e-15
7013.2830188679245,-1.4015153755047586e-15
7013.433962264151,5.64724209139212e-15
7013.584905660377,-1.6480377999495335e-15
7013.735849056604,1.03674154943361e-14
7013.88679245283,-6.493343809136036e-15
7014.037735849057,8.950811567172658e-15
7014.188679245283,3.4848188357474574e-15
7014.33962264151,-5.248916763802208e-15
7014.490566037736,1.3564962001756685e-14
7014.641509433963,-5.26115462670647e-15
7014.792452830188,4.3211253261580495e-15
7014.943396226415,6.4568842121651796e-15
7015.094339622641,-2.8941612234690804e-15
7015.245283018868,7.0349887343200435e-15
7015.396226415094,-1.613918591839128e-16
7015.547169811321,5.455580998210286e-15
7015.698113207547,-1.0951955211652242e-15
7015.8490566037735,6.429428728799705e-15
7016.0,4.471231046656627e-16
7016.1509433962265,3.3846536491140962e-15
7016.301886792453,6.351680089503129e-16
7016.452830188679,8.733392458119697e-15
7016.603773584906,-7.311362970731173e-15
7016.754716981132,1.2227810865408404e-14
7016.905660377359,-1.9765394276837956e-15
7017.056603773585,1.1966839763658354e-15
7017.207547169812,6.091880736846351e-15
7017.358490566037,2.3407923483472854e-15
7017.509433962264,-2.521820101830824e-15
7017.66037735849,1.025960658564273e-14
7017.811320754717,-2.528365686404357e-15
7017.962264150943,1.6652002685216432e-15
7018.11320754717,8.714055164669453e-15
7018.264150943396,-4.467830207549898e-15
7018.415094339623,5.391386066415116e-15
7018.566037735849,6.1487296706576356e-15
7018.7169811320755,-5.308839484798455e-15
7018.867924528302,9.407296881772394e-15
7019.018867924528,1.1705990573728653e-15
7019.169811320755,-2.2382134862964983e-15
7019.320754716981,9.636287012343493e-15
7019.471698113208,-1.78264936249084e-15
7019.622641509434,1.4246414319111054e-15
7019.773584905661,7.036703622990336e-15
7019.924528301887,-1.0999481868548078e-15
7020.075471698113,2.094520419241154e-15
7020.226415094339,6.571050163238253e-15
7020.377358490566,-3.1925600570953683e-15
7020.528301886792,8.525842401275861e-15
7020.679245283019,-4.4860048398330856e-15
7020.830188679245,1.0870256550345718e-14
7020.981132075472,-6.164852298228194e-15
7021.132075471698,8.231594987084031e-15
7021.2830188679245,2.322803079878199e-15
7021.433962264151,-3.488712052756272e-15
7021.584905660377,1.1770840464328747e-14
7021.735849056604,-6.092139374847157e-15
7021.88679245283,6.3736471415032e-15
7022.037735849057,4.767567851916239e-15
7022.188679245283,-5.5342294688608195e-15
7022.33962264151,1.3172255715113512e-14
7022.490566037736,-7.343731895396819e-15
7022.641509433963,7.378332783710757e-15
7022.792452830188,4.2650571149571e-15
7022.943396226415,-5.543693327391771e-15
7023.094339622641,1.2533279854728905e-14
7023.245283018868,-5.197212539777641e-15
7023.396226415094,4.505404679040487e-15
7023.547169811321,4.830345524366926e-15
7023.698113207547,-1.6240057071808323e-15
7023.8490566037735,5.5704089067408566e-15
7024.0,-5.316666210879346e-16
7024.1509433962265,6.613552213972957e-15
7024.301886792453,-3.800509690281121e-15
7024.452830188679,8.424415795765996e-15
7024.603773584906,-1.0750128748651099e-15
7024.754716981132,1.544858319859881e-15
7024.905660377359,6.981940149068315e-15
7025.056603773585,-5.020658716923609e-15
7025.207547169812,1.0505163096945837e-14
7025.358490566037,-4.913516266819542e-15
7025.509433962264,7.435367014500637e-15
7025.66037735849,-1.5046887576953198e-15
7025.811320754717,6.285665223665217e-15
7025.962264150943,-2.2927107051035897e-15
7026.11320754717,5.340069213126283e-15
7026.264150943396,3.19759327354938e-15
7026.415094339623,-2.631745713563175e-15
7026.566037735849,7.575888157330135e-15
7026.7169811320755,4.75754800030929e-16
7026.867924528302,-3.5555818761043055e-16
7027.018867924528,5.9423516433389024e-15
7027.169811320755,1.682667014455372e-15
7027.320754716981,-2.1733995441030536e-15
7027.471698113208,9.730280203159975e-15
7027.622641509434,-5.122156597940169e-15
7027.773584905661,7.22823449787748e-15
7027.924528301887,-7.217511995489612e-16
7028.075471698113,4.4820853191111804e-15
7028.226415094339,-6.411206516927836e-16
7028.377358490566,5.536319582268641e-15
7028.528301886792,-1.0069840404857008e-15
7028.679245283019,4.6304356822258945e-15
7028.830188679245,2.728402709602143e-16
7028.981132075472,4.008740511614947e-15
7029.132075471698,-4.427746213142148e-17
7029.2830188679245,4.558259546066249e-15
7029.433962264151,-1.0491151436629936e-16
7029.584905660377,3.975819584978259e-15
7029.735849056604,5.01808354006919e-16
7029.88679245283,3.902314101170173e-15
7030.037735849057,1.1160392909877478e-17
7030.188679245283,4.289304333320029e-15
7030.33962264151,2.482186756334111e-16
7030.490566037736,3.545112451498223e-15
7030.641509433963,6.147729612809787e-16
7030.792452830188,4.171248951621471e-15
7030.943396226415,-6.286032521333521e-16
7031.094339622641,4.594195020361765e-15
7031.245283018868,6.685498607714313e-16
7031.396226415094,2.593028055681198e-15
7031.547169811321,6.282852595905263e-16
7031.698113207547,6.337539312340356e-15
7031.8490566037735,-5.271050339055894e-15
7032.0,1.0072808816444661e-14
7032.1509433962265,-3.044318097772337e-15
7032.301886792453,1.3803215277151772e-15
7032.452830188679,8.533918294427953e-15
7032.603773584906,-7.633208459603688e-15
7032.754716981132,1.0584864856799092e-14
7032.905660377359,-1.6346901051485383e-15
7033.056603773585,-1.1309972240471463e-15
7033.207547169812,1.089857986875963e-14
7033.358490566037,-9.167268685480015e-15
7033.509433962264,1.10884906165788e-14
7033.66037735849,-2.210325114400741e-15
7033.811320754717,1.1814096655381405e-15
7033.962264150943,5.519027161698327e-15
7034.11320754717,-1.5672390670006027e-15
7034.264150943396,3.7783632372119734e-15
7034.415094339623,1.8834943565874202e-15
7034.566037735849,1.3776509958465162e-15
7034.7169811320755,1.8712557042129593e-15
7034.867924528302,3.1502822963548465e-15
7035.018867924528,2.526385727087706e-16
7035.169811320755,2.6897356149125656e-15
7035.320754716981,2.7865908935138523e-15
7035.471698113208,4.913323324735633e-16
7035.622641509434,1.2264160873403563e-15
7035.773584905661,6.998733741718218e-15
7035.924528301887,-7.17724083201e-15
7036.075471698113,1.0874743109534807e-14
7036.226415094339,-1.2155477955259075e-15
7036.377358490566,-4.783846438970286e-15
7036.528301886792,1.745820324654505e-14
7036.679245283019,-1.726098115654195e-14
7036.830188679245,1.7793216321782012e-14
7036.981132075472,-6.618030652990253e-15
7037.132075471698,2.919399196636192e-15
7037.2830188679245,5.037877562459587e-15
7037.433962264151,-2.1565530056175473e-15
7037.584905660377,4.827413478457945e-15
7037.735849056604,6.367874079683714e-17
7037.88679245283,2.527132763855317e-15
7038.037735849057,2.2458899487961213e-15
7038.188679245283,4.957721459654205e-16
7038.33962264151,2.8385983958453594e-15
7038.490566037736,2.397705164062897e-15
7038.641509433963,-5.275486155495488e-17
7038.792452830188,2.123103490280291e-15
7038.943396226415,5.897894530489689e-15
7039.094339622641,-6.3434237983542225e-15
7039.245283018868,9.146172298634276e-15
7039.396226415094,9.154665005849568e-16
7039.547169811321,-5.8493044669651186e-15
7039.698113207547,1.3877741009629943e-14
7039.8490566037735,-7.391317696573371e-15
7040.0,1.90628295844543e-15
7040.1509433962265,1.0893999168835765e-14
7040.301886792453,-1.0903251499581107e-14
7040.452830188679,9.792460491973505e-15
7040.603773584906,2.771114678482761e-15
7040.754716981132,-6.441450292891974e-15
7040.905660377359,1.0718529333946097e-14
7041.056603773585,-2.9034813815099963e-15
7041.207547169812,1.0147816090663324e-15
7041.358490566037,5.493924807220124e-15
7041.509433962264,-3.3026350961586387e-15
7041.66037735849,7.67211484886499e-15
7041.811320754717,-5.391963379382196e-15
7041.962264150943,8.478916884600297e-15
7042.11320754717,-2.4375025193773057e-15
7042.264150943396,1.5726436220932008e-15
7042.415094339623,5.123468311970558e-15
7042.566037735849,-2.6544083582308236e-15
7042.7169811320755,4.436491550360486e-15
7042.867924528302,1.0767759871563843e-15
7043.018867924528,9.477021666104659e-16
7043.169811320755,2.051975746001742e-15
7043.320754716981,2.267156223928912e-15
7043.471698113208,3.2313995208077966e-16
7043.622641509434,2.462608926090605e-15
7043.773584905661,1.963412960653605e-15
7043.924528301887,3.539440351185536e-16
7044.075471698113,2.5588022829903043e-15
7044.226415094339,1.926999752654239e-15
7044.377358490566,1.9184987421698697e-16
7044.528301886792,2.4936780965932804e-15
7044.679245283019,2.6279799613579008e-15
7044.830188679245,-1.0551420395777538e-15
7044.981132075472,3.1971849373865578e-15
7045.132075471698,3.614475530879338e-15
7045.2830188679245,-4.260955652909452e-15
7045.433962264151,7.71188445427964e-15
7045.584905660377,-1.3848095779519045e-16
7045.735849056604,-3.9419082444909375e-15
7045.88679245283,1.2477295133230233e-14
7046.037735849057,-1.0065917186174365e-14
7046.188679245283,9.767859510849678e-15
7046.33962264151,-3.2193396176294486e-15
7046.490566037736,5.466547265997364e-15
7046.641509433963,-3.5393712990307352e-15
7046.792452830188,6.2035181364532536e-15
7046.943396226415,2.238395513947039e-16
7047.094339622641,-1.5421137183551115e-15
7047.245283018868,5.788082658192658e-15
7047.396226415094,2.3491152705332987e-16
7047.547169811321,-1.826079855863926e-15
7047.698113207547,6.4973009664471116e-15
7047.8490566037735,-8.024903399794079e-16
7048.0,-1.3469483170567728e-15
7048.1509433962265,7.851913130332769e-15
7048.301886792453,-5.0059094110320125e-15
7048.452830188679,5.289957985206606e-15
7048.603773584906,2.9046299231586507e-16
7048.754716981132,1.6937341880146247e-15
7048.905660377359,1.9009288350371163e-16
7049.056603773585,3.997183409414715e-15
7049.207547169812,-1.3365805365203904e-15
7049.358490566037,2.79539053004142e-15
7049.509433962264,1.8425434454492306e-15
7049.66037735849,2.8758308320296428e-16
7049.811320754717,1.2504302328529796e-15
7049.962264150943,3.65884380158209e-15
7050.11320754717,-1.5386801637197038e-15
7050.264150943396,1.8887950662449554e-15
7050.415094339623,5.142111764798904e-15
7050.566037735849,-5.133733451247364e-15
7050.7169811320755,6.351175514694236e-15
7050.867924528302,1.3211104292777693e-15
7051.018867924528,-3.2644542313134712e-15
7051.169811320755,7.013360685084776e-15
7051.320754716981,-2.134805020483877e-15
7051.471698113208,2.98237938483929e-15
7051.622641509434,-1.8488797001680126e-15
7051.773584905661,8.161197362113002e-15
7051.924528301887,-6.908355457440847e-15
7052.075471698113,5.869890456206242e-15
7052.226415094339,3.3083238956246656e-15
7052.377358490566,-4.954418535612775e-15
7052.528301886792,6.351022526627028e-15
7052.679245283019,1.1817746353773006e-15
7052.830188679245,-2.778550086085782e-15
7052.981132075472,5.940779042924302e-15
7053.132075471698,-1.6539599571843363e-15
7053.2830188679245,3.458602664019752e-15
7053.433962264151,-2.7027913885312613e-15
7053.584905660377,7.77995291779117e-15
7053.735849056604,-5.726871550572336e-15
7053.88679245283,5.687849497677779e-15
7054.037735849057,7.251488887682095e-16
7054.188679245283,-1.4161203337671496e-15
7054.33962264151,5.5089330964502415e-15
7054.490566037736,-3.4908962850775283e-15
7054.641509433963,5.6641378901848516e-15
7054.792452830188,-2.2471944653275206e-15
7054.943396226415,2.7849814002475886e-15
7055.094339622641,2.624755940269631e-15
7055.245283018868,-4.328105546771257e-15
7055.396226415094,1.1352294932993568e-14
7055.547169811321,-1.2245787963561153e-14
7055.698113207547,1.3856981059914976e-14
7055.8490566037735,-5.220656185929736e-15
7056.0,-2.1694409874042952e-15
7056.1509433962265,1.2490292884643884e-14
7056.301886792453,-1.1276510712819139e-14
7056.452830188679,6.776481763208152e-15
7056.603773584906,6.336961120877078e-15
7056.754716981132,-1.2184239544372372e-14
7056.905660377359,1.4803152227403653e-14
7057.056603773585,-4.544406223656451e-15
7057.207547169812,-4.738927584736148e-15
7057.358490566037,1.506566256034292e-14
7057.509433962264,-1.2588200394144117e-14
7057.66037735849,6.900264172723827e-15
7057.811320754717,5.63235471301506e-15
7057.962264150943,-9.717569020478513e-15
7058.11320754717,1.0799417290270042e-14
7058.264150943396,-1.2205337006440965e-15
7058.415094339623,-5.8150016405448415e-15
7058.566037735849,1.461004767178401e-14
7058.7169811320755,-1.4555501799878574e-14
7058.867924528302,1.5190653110052844e-14
7059.018867924528,-9.692241449298603e-15
7059.169811320755,7.742142056158952e-15
7059.320754716981,-1.0987716789143751e-15
7059.471698113208,-1.2310991474695805e-15
7059.622641509434,6.61032657308977e-15
7059.773584905661,-5.601765946260754e-15
7059.924528301887,6.617075429501863e-15
7060.075471698113,-2.4860712562013444e-15
7060.226415094339,2.9806215520892717e-15
7060.377358490566,-5.820762385878109e-16
7060.528301886792,3.1491495353487866e-15
7060.679245283019,-1.5151979658195936e-15
7060.830188679245,3.0988491144723763e-15
7060.981132075472,9.097373043904608e-18
7061.132075471698,1.2197376030341878e-15
7061.2830188679245,3.5018316372270766e-16
7061.433962264151,3.0050105660617612e-15
7061.584905660377,-1.8127201705278505e-15
7061.735849056604,2.4982288028931152e-15
7061.88679245283,2.4428973931520957e-15
7062.037735849057,-2.9374797997718723e-15
7062.188679245283,4.520353394103582e-15
7062.33962264151,6.876335682335401e-16
7062.490566037736,-3.0710793129827363e-15
7062.641509433963,8.109185154468598e-15
7062.792452830188,-7.274691753875618e-15
7062.943396226415,8.582904701110605e-15
7063.094339622641,-5.8302737083712966e-15
7063.245283018868,7.945628622658472e-15
7063.396226415094,-7.847359999160207e-15
7063.547169811321,1.1374707691567734e-14
7063.698113207547,-8.641856991172516e-15
7063.8490566037735,5.9201744083410375e-15
7064.0,2.2266023567463747e-15
7064.1509433962265,-5.181409041666509e-15
7064.301886792453,8.115071518355288e-15
7064.452830188679,-4.6781982273710505e-15
7064.603773584906,4.402244691960366e-15
7064.754716981132,-1.756685385002108e-15
7064.905660377359,3.301400576519991e-15
7065.056603773585,-6.959391888307305e-16
7065.207547169812,7.896341230327292e-16
7065.358490566037,1.5992916756724123e-15
7065.509433962264,1.9578198148665184e-15
7065.66037735849,-3.483284738174165e-15
7065.811320754717,6.345167125689402e-15
7065.962264150943,-1.4973083988200977e-15
7066.11320754717,-2.7802559609752623e-15
7066.264150943396,8.87072724069522e-15
7066.415094339623,-6.957615347664168e-15
7066.566037735849,4.228801996126402e-15
7066.7169811320755,2.218925782855634e-15
7066.867924528302,-2.187309316451897e-15
7067.018867924528,1.2512890416925725e-15
7067.169811320755,4.665754754098772e-15
7067.320754716981,-5.763582297025313e-15
7067.471698113208,6.87641937652961e-15
7067.622641509434,-2.8823339111206457e-15
7067.773584905661,2.2039762051419183e-15
7067.924528301887,2.9269847255923466e-16
7068.075471698113,1.3928134028207331e-15
7068.226415094339,-4.1011426974929245e-16
7068.377358490566,2.1301241706416926e-15
7068.528301886792,1.1613877727326136e-16
7068.679245283019,-1.7946422529978343e-16
7068.830188679245,3.0233781869693216e-15
7068.981132075472,-1.594245940760256e-15
7069.132075471698,1.8768034112631488e-15
7069.2830188679245,5.358350563455191e-16
7069.433962264151,1.9754727041282354e-15
7069.584905660377,-4.093199299277806e-15
7069.735849056604,1.0045716973174515e-14
7069.88679245283,-1.1438715678832695e-14
7070.037735849057,1.1924125878480083e-14
7070.188679245283,-5.818596896627518e-15
7070.33962264151,8.416227732295344e-16
7070.490566037736,5.411745833231583e-15
7070.641509433963,-5.13819464806263e-15
7070.792452830188,3.9710948616176424e-15
7070.943396226415,1.164203965105598e-15
7071.094339622641,-2.3946742674026833e-15
7071.245283018868,4.696241752750889e-15
7071.396226415094,-4.2295555230449495e-15
7071.547169811321,7.342944591030287e-15
7071.698113207547,-7.747092271820968e-15
7071.8490566037735,8.506378405566099e-15
7072.0,-3.714778807167992e-15
7072.1509433962265,3.877935506995174e-16
7072.301886792453,3.5454598129031094e-15
7072.452830188679,-1.605950592532525e-15
7072.603773584906,3.66562400811249e-16
7072.754716981132,2.083034756009568e-15
7072.905660377359,8.748824895317381e-16
7073.056603773585,-3.041241139782064e-15
7073.207547169812,6.055573348414421e-15
7073.358490566037,-2.548032550930478e-15
7073.509433962264,-2.378866915847599e-15
7073.66037735849,1.0126062923680273e-14
7073.811320754717,-1.1765822208826716e-14
7073.962264150943,1.003161889859239e-14
7074.11320754717,-2.4338471134411655e-15
7074.264150943396,-1.5299695325775515e-15
7074.415094339623,2.663673148242016e-15
7074.566037735849,2.8667244383330254e-15
7074.7169811320755,-5.981166292481878e-15
7074.867924528302,6.746922869265868e-15
7075.018867924528,-7.070404197940485e-16
7075.169811320755,-3.348696130598061e-15
7075.320754716981,5.040115565043202e-15
7075.471698113208,2.576464694751723e-16
7075.622641509434,-3.7453354419635705e-15
7075.773584905661,4.593314031337466e-15
7075.924528301887,1.9637270629007747e-15
7076.075471698113,-7.412622528519735e-15
7076.226415094339,1.072982277000982e-14
7076.377358490566,-6.509341366796507e-15
7076.528301886792,1.795357439494283e-15
7076.679245283019,3.2270425339261473e-15
7076.830188679245,-2.7255698329456633e-15
7076.981132075472,1.7307169808453875e-15
7077.132075471698,1.3120939760803889e-15
7077.2830188679245,-1.1046946581352911e-15
7077.433962264151,1.4410945182365293e-15
7077.584905660377,6.390619420485316e-16
7077.735849056604,-5.284683473792579e-16
7077.88679245283,1.1760594873849686e-15
7078.037735849057,1.351718985139567e-15
7078.188679245283,-2.826341685580845e-15
7078.33962264151,5.390310570434677e-15
7078.490566037736,-4.219269474392459e-15
7078.641509433963,2.6720564861244014e-15
7078.792452830188,1.5975977379657955e-15
7078.943396226415,-3.5119137418422474e-15
7079.094339622641,5.07294186038116e-15
7079.245283018868,-2.5064159057923746e-15
7079.396226415094,2.676645657441702e-17
7079.547169811321,3.71270535189934e-15
7079.698113207547,-3.528587984644266e-15
7079.8490566037735,1.781079406128053e-15
7080.0,3.764193475408532e-15
7080.1509433962265,-7.59165501671242e-15
7080.301886792453,1.0277325004236687e-14
7080.452830188679,-7.779693027030732e-15
7080.603773584906,4.336859017741099e-15
7080.754716981132,5.245171866300787e-16
7080.905660377359,-1.8730736398417277e-15
7081.056603773585,2.295214248430861e-15
7081.207547169812,-4.2239928190724104e-17
7081.358490566037,-5.990385386237195e-16
7081.509433962264,1.5559664873112634e-15
7081.66037735849,-8.54421495977746e-17
7081.811320754717,-3.2902187780182205e-16
7081.962264150943,1.2250249917064624e-15
7082.11320754717,7.76469823299214e-16
7082.264150943396,-2.563894856925094e-15
7082.415094339623,5.032469161233335e-15
7082.566037735849,-3.9719662666298604e-15
7082.7169811320755,1.6431796334471477e-15
7082.867924528302,3.0781952521831283e-15
7083.018867924528,-6.084578466855337e-15
7083.169811320755,8.69484680483343e-15
7083.320754716981,-7.82380317657039e-15
7083.471698113208,5.1798968732862085e-15
7083.622641509434,1.1212322507419827e-15
7083.773584905661,-6.4129478298398405e-15
7083.924528301887,9.306182311157158e-15
7084.075471698113,-5.673436256450653e-15
7084.226415094339,-4.559039925544494e-16
7084.377358490566,6.456250734498546e-15
7084.528301886792,-6.378468442849432e-15
7084.679245283019,2.387124093590251e-15
7084.830188679245,3.560072976042042e-15
7084.981132075472,-5.164533856990325e-15
7085.132075471698,3.186772148959203e-15
7085.2830188679245,1.6212308295286577e-15
7085.433962264151,-3.4049631946337964e-15
7085.584905660377,1.725790496582039e-15
7085.735849056604,4.202310955041635e-15
7085.88679245283,-9.215638613339517e-15
7086.037735849057,1.1572593421096094e-14
7086.188679245283,-8.494530696998643e-15
7086.33962264151,3.672970938254155e-15
7086.490566037736,7.383888797627217e-16
7086.641509433963,-6.085642928002936e-16
7086.792452830188,-1.8997288662523238e-15
7086.943396226415,5.192813105543199e-15
7087.094339622641,-5.06974120818148e-15
7087.245283018868,2.7929574426213355e-15
7087.396226415094,9.295931072945497e-16
7087.547169811321,-2.544011760848418e-15
7087.698113207547,2.7869639182284534e-15
7087.8490566037735,-1.2892066268956465e-15
7088.0,4.2804966061626444e-16
7088.1509433962265,5.682317016530264e-16
7088.301886792453,-5.78632506257936e-16
7088.452830188679,7.193056108660357e-16
7088.603773584906,2.3846063002078897e-16
7088.754716981132,-8.019036800315218e-16
7088.905660377359,8.612181162393955e-16
7089.056603773585,1.3143782766872474e-15
7089.207547169812,-3.641663387833119e-15
7089.358490566037,4.60619643147016e-15
7089.509433962264,-1.9403299839827723e-15
7089.66037735849,-2.0629133910531475e-15
7089.811320754717,5.121786070285356e-15
7089.962264150943,-4.461827777172042e-15
7090.11320754717,1.5814211952264689e-15
7090.264150943396,1.817153701986664e-15
7090.415094339623,-3.1338421760422683e-15
7090.566037735849,2.848155054374287e-15
7090.7169811320755,-1.375303266256301e-15
7090.867924528302,3.8591686694388495e-16
7091.018867924528,1.31220058962698e-16
7091.169811320755,5.196408438057799e-16
7091.320754716981,-1.7371809169189627e-15
7091.471698113208,3.3970721853201393e-15
7091.622641509434,-4.1845264090434344e-15
7091.773584905661,3.877809478911848e-15
7091.924528301887,-2.188334169254628e-15
7092.075471698113,-9.171996773262264e-17
7092.226415094339,2.8699755809338304e-15
7092.377358490566,-5.545860120158545e-15
7092.528301886792,7.43179715076005e-15
7092.679245283019,-6.804272635143437e-15
7092.830188679245,2.7463938122839e-15
7092.981132075472,4.004480601176833e-15
7093.132075471698,-1.0351950525121502e-14
7093.2830188679245,1.2875397219438564e-14
7093.433962264151,-1.0251047393094747e-14
7093.584905660377,4.59316770666429e-15
7093.735849056604,3.827187517556473e-17
7093.88679245283,-1.074433413856767e-15
7094.037735849057,-9.140548849207803e-16
7094.188679245283,2.6862410554266888e-15
7094.33962264151,-1.7314428134781154e-15
7094.490566037736,-2.212163874077528e-15
7094.641509433963,6.336391927104516e-15
7094.792452830188,-7.936678225922601e-15
7094.943396226415,5.716612247473335e-15
7095.094339622641,-1.7136373191420992e-15
7095.245283018868,-1.692700921460634e-15
7095.396226415094,2.563449094277137e-15
7095.547169811321,-1.993472546847994e-15
7095.698113207547,1.2206619644505e-15
7095.8490566037735,-1.6788025900781386e-15
7096.0,2.1688640155791387e-15
7096.1509433962265,-2.030202027385528e-15
7096.301886792453,5.165820912600792e-16
7096.452830188679,2.0943026402583836e-16
7096.603773584906,8.562166229066405e-16
7096.754716981132,-4.144335175587563e-15
7096.905660377359,6.373946706678041e-15
7097.056603773585,-5.7578387407640906e-15
7097.207547169812,1.6471754102416882e-15
7097.358490566037,1.928328770501012e-15
7097.509433962264,-2.473415990092256e-15
7097.66037735849,-1.0887640283148504e-15
7097.811320754717,4.41576986482986e-15
7097.962264150943,-4.69223217292096e-15
7098.11320754717,5.484987721252102e-16
7098.264150943396,3.351531558213194e-15
7098.415094339623,-3.9181316852968445e-15
7098.566037735849,-3.2245422860054677e-16
7098.7169811320755,4.096323981268964e-15
7098.867924528302,-3.848842801736466e-15
7099.018867924528,-1.9651319544382262e-15
7099.169811320755,7.29835271930484e-15
7099.320754716981,-7.917838770270398e-15
7099.471698113208,1.877871961854061e-15
7099.622641509434,4.4446265642844255e-15
7099.773584905661,-6.4371606400632214e-15
7099.924528301887,1.5747252704321474e-15
7100.075471698113,4.119173485568549e-15
7100.226415094339,-6.3994852104769834e-15
7100.377358490566,2.3406872104353186e-15
7100.528301886792,3.0393347913781833e-15
7100.679245283019,-6.755607965972007e-15
7100.830188679245,5.642908594971665e-15
7100.981132075472,-3.017711349455203e-15
7101.132075471698,-9.896876202107304e-17
7101.2830188679245,5.501809059469002e-16
7101.433962264151,-2.0310225928643533e-16
7101.584905660377,-1.435207198438043e-15
7101.735849056604,1.2433600415444973e-15
7101.88679245283,-4.4141681295607304e-16
7102.037735849057,-2.143414412712679e-15
7102.188679245283,3.316675261843637e-15
7102.33962264151,-4.091002520397008e-15
7102.490566037736,2.8802149301606435e-15
7102.641509433963,-2.7051140330935515e-15
7102.792452830188,2.2006829318864626e-15
7102.943396226415,-2.8241503158036926e-15
7103.094339622641,1.5350686303344046e-15
7103.245283018868,-2.8904560183766655e-16
7103.396226415094,-1.846199650923661e-15
7103.547169811321,1.3644933739015203e-15
7103.698113207547,-1.749628616843424e-16
7103.8490566037735,-2.8628261951674352e-15
7104.0,4.176408102911897e-15
7104.1509433962265,-5.342427778016921e-15
7104.301886792453,4.1927155820715046e-15
7104.452830188679,-3.5056315463630048e-15
7104.603773584906,1.571974631156334e-15
7104.754716981132,-1.6558790394594926e-15
7104.905660377359,2.1262311570130946e-15
7105.056603773585,-5.172124491919838e-15
7105.207547169812,6.706324315632211e-15
7105.358490566037,-7.215360313396616e-15
7105.509433962264,3.606162799173704e-15
7105.66037735849,-2.9230909058162017e-16
7105.811320754717,-2.0895640376636725e-15
7105.962264150943,-1.0240854965877262e-15
7106.11320754717,5.653598765802981e-15
7106.264150943396,-1.048669123656724e-14
7106.415094339623,9.27411880542765e-15
7106.566037735849,-4.560061446339464e-15
7106.7169811320755,-3.0297101674801172e-15
7106.867924528302,6.397830605440039e-15
7107.018867924528,-6.4535931606294e-15
7107.169811320755,2.046097984404212e-15
7107.320754716981,4.2726184736533053e-16
7107.471698113208,-1.5823434271190435e-15
7107.622641509434,-1.0558513859097236e-15
7107.773584905661,2.459179883037183e-15
7107.924528301887,-4.2795262904453374e-15
7108.075471698113,3.77552935501414e-15
7108.226415094339,-4.84001672045882e-15
7108.377358490566,4.4076764472547385e-15
7108.528301886792,-4.7992387092139195e-15
7108.679245283019,2.3975343729415934e-15
7108.830188679245,-9.538701661433115e-16
7108.981132075472,-1.5616194985047783e-15
7109.132075471698,1.1845542321977694e-15
7109.2830188679245,-1.3854635424681913e-15
7109.433962264151,-3.2569595434698675e-16
7109.584905660377,-3.395495473084309e-17
7109.735849056604,-7.507129339390179e-16
7109.88679245283,-4.027935721759037e-16
7110.037735849057,-2.5120096574346964e-16
7110.188679245283,-5.855518919020148e-16
7110.33962264151,-4.609497874148965e-16
7110.490566037736,-2.56576685346165e-16
7110.641509433963,-6.762555708172056e-16
7110.792452830188,-2.9694178112478857e-16
7110.943396226415,-4.50743329722055e-16
7111.094339622641,-5.960443639481771e-16
7111.245283018868,-2.8482142189745803e-16
7111.396226415094,-5.220818829619129e-16
7111.547169811321,-5.981982122776288e-16
7111.698113207547,-2.56010180589e-16
7111.8490566037735,-4.917215891866679e-16
7112.0,-8.725135820373255e-16
7112.1509433962265,2.0410385227432758e-16
7112.301886792453,-9.552384082958039e-16
7112.452830188679,-6.635833604318804e-16
7112.603773584906,6.634574860164315e-17
7112.754716981132,-3.926026493629128e-16
7112.905660377359,-2.2356962049483615e-15
7113.056603773585,2.741464966147748e-15
7113.207547169812,-3.816470685688772e-15
7113.358490566037,1.080121898644867e-15
7113.509433962264,4.913516542945011e-16
7113.66037735849,-3.42499723397332e-15
7113.811320754717,2.4695918115735077e-15
7113.962264150943,-1.799549272432588e-15
7114.11320754717,-1.4874496842478432e-15
7114.264150943396,1.6026093239708895e-15
7114.415094339623,-2.046724581497989e-15
7114.566037735849,-7.533935751080302e-16
7114.7169811320755,1.2617387066011385e-15
7114.867924528302,-3.1895870679582816e-15
7115.018867924528,2.6008140069197066e-15
7115.169811320755,-4.327597004829796e-15
7115.320754716981,3.726016277908759e-15
7115.471698113208,-4.461562206089002e-15
7115.622641509434,1.837405317986406e-15
7115.773584905661,-9.746368737040427e-16
7115.924528301887,-1.5724009640170855e-15
7116.075471698113,7.253072670686038e-16
7116.226415094339,-1.2696926760731757e-15
7116.377358490566,-6.862469435800022e-16
7116.528301886792,4.828942859501171e-18
7116.679245283019,-1.1789721247731947e-15
7116.830188679245,-2.521661501191278e-16
7116.981132075472,-6.732029878651307e-16
7117.132075471698,-5.281251902973387e-16
7117.2830188679245,-9.422554145017386e-16
7117.433962264151,1.8307375026228176e-16
7117.584905660377,-1.6432742261080898e-15
7117.735849056604,2.1166945778482653e-16
7117.88679245283,-8.247804037034817e-16
7118.037735849057,-7.4068207513243e-16
7118.188679245283,-1.077134747716046e-15
7118.33962264151,1.2863014556060382e-15
7118.490566037736,-3.8340235111528414e-15
7118.641509433963,2.6158197929535165e-15
7118.792452830188,-2.3516970915046497e-15
7118.943396226415,-1.1412202083672622e-15
7119.094339622641,1.5282314379566879e-15
7119.245283018868,-3.0451608736823205e-15
7119.396226415094,6.773180429334438e-16
7119.547169811321,-4.542253464186055e-16
7119.698113207547,-1.5640692080342891e-15
7119.8490566037735,-5.058554418499735e-16
7120.0,1.0262242535466985e-15
7120.1509433962265,-3.809726873040192e-15
7120.301886792453,2.2206809038111707e-15
7120.452830188679,-1.2989546496750839e-15
7120.603773584906,-3.0297928124964578e-15
7120.754716981132,3.572550954053183e-15
7120.905660377359,-4.708659623049275e-15
7121.056603773585,1.8798849611808175e-15
7121.207547169812,-2.311270587108766e-15
7121.358490566037,1.3981707176722534e-15
7121.509433962264,-3.371279445972641e-15
7121.66037735849,7.905339527030589e-16
7121.811320754717,1.0308415132801406e-15
7121.962264150943,-5.2641018254094726e-15
7122.11320754717,3.58817870804833e-15
7122.264150943396,-1.433456047460375e-15
7122.415094339623,-3.808141845022597e-15
7122.566037735849,3.1130378165823522e-15
7122.7169811320755,-1.6803297944256308e-15
7122.867924528302,-3.2874191747876377e-15
7123.018867924528,2.7681027112908652e-15
7123.169811320755,-1.8986290698292274e-15
7123.320754716981,-2.8021167382127114e-15
7123.471698113208,3.0112106907913436e-15
7123.622641509434,-4.005919317089904e-15
7123.773584905661,1.192013542829593e-15
7123.924528301887,-1.6218724010225018e-15
7124.075471698113,-5.033740035308146e-16
7124.226415094339,-2.5159236423380404e-16
7124.377358490566,-2.0527523618400548e-15
7124.528301886792,9.156398686801297e-16
7124.679245283019,-2.071691644785371e-15
7124.830188679245,1.532265207812629e-16
7124.981132075472,-2.0604611599787605e-15
7125.132075471698,1.6310175867459074e-15
7125.2830188679245,-3.684073404472324e-15
7125.433962264151,9.721558376226779e-16
7125.584905660377,6.259464336179291e-17
7125.735849056604,-3.827400778898142e-15
7125.88679245283,2.3694356495583926e-15
7126.037735849057,-1.605913331892798e-15
7126.188679245283,-3.091177165311542e-15
7126.33962264151,3.1299923640803733e-15
7126.490566037736,-3.54456496817527e-15
7126.641509433963,-1.0755076794577248e-15
7126.792452830188,2.2315916578780696e-15
7126.943396226415,-4.695681191708843e-15
7127.094339622641,2.203023700277999e-15
7127.245283018868,-2.3148411125282986e-15
7127.396226415094,-3.868933781975913e-16
7127.547169811321,-8.341585701778847e-16
7127.698113207547,-6.559367771551129e-16
7127.8490566037735,-1.2759746128294161e-15
7128.0,-3.0865685922415653e-16
7128.1509433962265,-8.022798766689751e-16
7128.301886792453,-1.8740646124908112e-15
7128.452830188679,1.2607506306318197e-15
7128.603773584906,-3.422266436810281e-15
7128.754716981132,1.5899101193312513e-15
7128.905660377359,-2.7401364710697445e-15
7129.056603773585,6.609763251986729e-16
7129.207547169812,-2.2639013686722088e-15
7129.358490566037,6.886387251447079e-16
7129.509433962264,-2.3911373881360784e-15
7129.66037735849,4.767444612656222e-16
7129.811320754717,-1.923546723532256e-15
7129.962264150943,2.762728218651172e-16
7130.11320754717,-2.4926946858371146e-15
7130.264150943396,1.3985935431531704e-15
7130.415094339623,-3.4752194068375617e-15
7130.566037735849,1.8110009541505154e-15
7130.7169811320755,-3.638072635858986e-15
7130.867924528302,2.0783921903250377e-15
7131.018867924528,-3.698224398102039e-15
7131.169811320755,9.937934864973697e-16
7131.320754716981,-9.007661197521548e-16
7131.471698113208,-3.102899490840677e-15
7131.622641509434,3.0972793101363055e-15
7131.773584905661,-5.445633389004767e-15
7131.924528301887,2.8318570971270766e-15
7132.075471698113,-2.7873846329116796e-15
7132.226415094339,-1.044940581187649e-15
7132.377358490566,6.241086709701108e-16
7132.528301886792,-2.5264880237215493e-15
7132.679245283019,-4.807424038614065e-16
7132.830188679245,3.2047397480631013e-16
7132.981132075472,-2.91882843329288e-15
7133.132075471698,1.6797748928977302e-16
7133.2830188679245,1.0247206999043452e-16
7133.433962264151,-3.7517477180979245e-15
7133.584905660377,2.3560247947105988e-15
7133.735849056604,-3.4761690728238373e-15
7133.88679245283,6.713950668562331e-16
7134.037735849057,-1.9910656617925486e-15
7134.188679245283,-1.4950769386368837e-16
7134.33962264151,-1.2733769846776298e-15
7134.490566037736,-1.3268012950595942e-15
7134.641509433963,1.277890474592701e-16
7134.792452830188,-2.3028335577450917e-15
7134.943396226415,2.2807936723255487e-16
7135.094339622641,-1.6627151103212654e-15
7135.245283018868,-7.2768049114334525e-16
7135.396226415094,-8.801050849722786e-16
7135.547169811321,-1.00949219351824e-15
7135.698113207547,-1.2663858595735002e-15
7135.8490566037735,-2.332188591329852e-16
7136.0,-1.6956191538937755e-15
7136.1509433962265,-9.55162592336471e-16
7136.301886792453,4.278435168299122e-17
7136.452830188679,-2.4299486167504423e-15
7136.603773584906,-2.6582782305180995e-16
7136.754716981132,-4.7015236457656255e-17
7136.905660377359,-3.494213911376601e-15
7137.056603773585,2.1313427419135895e-15
7137.207547169812,-3.4674116134182e-15
7137.358490566037,5.354222980668423e-17
7137.509433962264,-5.71242359370228e-16
7137.66037735849,-2.315922586401725e-15
7137.811320754717,5.341322272505531e-16
7137.962264150943,-2.3421421067862172e-15
7138.11320754717,1.0163652334533545e-16
7138.264150943396,-1.961667934951848e-15
7138.415094339623,-1.9852582909709064e-16
7138.566037735849,-1.6356240684949007e-15
7138.7169811320755,-4.2757102774043117e-16
7138.867924528302,-1.923809909815008e-15
7139.018867924528,4.675670397814487e-16
7139.169811320755,-2.934075718087306e-15
7139.320754716981,8.711212551885662e-16
7139.471698113208,-2.5374126835592373e-15
7139.622641509434,-1.665754566728934e-17
7139.773584905661,-1.5735909078304602e-15
7139.924528301887,-8.552716736036929e-16
7140.075471698113,-1.080767189173381e-15
7140.226415094339,-8.586335234683329e-16
7140.377358490566,-1.393867494127215e-15
7140.528301886792,-8.610419465654027e-16
7140.679245283019,-5.793349419555231e-16
7140.830188679245,-2.3698989724776858e-15
7140.981132075472,8.819729745692736e-16
7141.132075471698,-3.0903719758694776e-15
7141.2830188679245,6.675603369081245e-16
7141.433962264151,-2.4910975925782895e-15
7141.584905660377,5.881046210505355e-16
7141.735849056604,-3.4260001797539425e-15
7141.88679245283,1.715790600906751e-15
7142.037735849057,-3.0209845889425185e-15
7142.188679245283,-1.233757821668532e-15
7142.33962264151,1.2935579680086554e-15
7142.490566037736,-4.33680630338889e-15
7142.641509433963,1.5216064921545656e-15
7142.792452830188,-2.5329320448889173e-15
7142.943396226415,-7.709790000361029e-17
7143.094339622641,-2.474120767782888e-15
7143.245283018868,6.241097510984967e-16
7143.396226415094,-2.249955579916859e-15
7143.547169811321,-1.198343290602091e-15
7143.698113207547,-2.4531777801906715e-17
7143.8490566037735,-1.9786054689004305e-15
7144.0,-1.4025281406364775e-15
7144.1509433962265,3.235851038574861e-16
7144.301886792453,-2.6133286545112222e-15
7144.452830188679,-6.052860913098628e-16
7144.603773584906,-3.6051078171127465e-16
7144.754716981132,-2.4367132279557896e-15
7144.905660377359,-1.0183928697512677e-16
7145.056603773585,-1.483584972529832e-15
7145.207547169812,-1.0265609549604967e-15
7145.358490566037,-1.4745554775567562e-15
7145.509433962264,-4.769948012889966e-16
7145.66037735849,-1.4991396046686749e-15
7145.811320754717,-1.5946872227272136e-15
7145.962264150943,6.0887434319384e-17
7146.11320754717,-2.2249466449851763e-15
7146.264150943396,-9.889716093658924e-16
7146.415094339623,-1.9934648427112266e-16
7146.566037735849,-2.5335557661471644e-15
7146.7169811320755,-3.8700270884353035e-17
7146.867924528302,-1.8052956358703928e-15
7147.018867924528,-4.4243026713512153e-16
7147.169811320755,-2.3809026502398118e-15
7147.320754716981,4.954836015716515e-16
7147.471698113208,-2.6213536853558418e-15
7147.622641509434,-3.020790687694055e-16
7147.773584905661,-1.5287820533378194e-15
7147.924528301887,-8.225397926321597e-16
7148.075471698113,-1.652792094388312e-15
7148.226415094339,-8.958476998115356e-16
7148.377358490566,-5.952688638155412e-16
7148.528301886792,-2.818849659673596e-15
7148.679245283019,1.069297925854949e-15
7148.830188679245,-3.0846139500545185e-15
7148.981132075472,-2.8866369987792803e-16
7149.132075471698,-1.0194449891231142e-15
7149.2830188679245,-1.8658954360132436e-15
7149.433962264151,-5.348307990730153e-16
7149.584905660377,-1.5598996513409425e-15
7149.735849056604,-1.0184350095680953e-15
7149.88679245283,-1.2576916707508572e-15
7150.037735849057,-1.208219873656089e-15
7150.188679245283,-1.1470136219701854e-15
7150.33962264151,-1.0492378204741753e-15
7150.490566037736,-1.784652664996698e-15
7150.641509433963,-2.0762141409174576e-16
7150.792452830188,-2.18177367968921e-15
7150.943396226415,-7.820730862012094e-16
7151.094339622641,-7.994247651175155e-16
7151.245283018868,-2.2589033022967664e-15
7151.396226415094,-2.19269537813991e-17
7151.547169811321,-2.0529846325972887e-15
7151.698113207547,-8.88185583916379e-16
7151.8490566037735,-1.3077831471303135e-15
7152.0,-8.424986333030214e-16
7152.1509433962265,-2.2340971903663256e-15
7152.301886792453,2.71601815766555e-16
7152.452830188679,-2.6252334676225855e-15
7152.603773584906,-4.920209315954723e-16
7152.754716981132,-1.1587826159566865e-15
7152.905660377359,-1.784884368907245e-15
7153.056603773585,-6.947161779119955e-16
7153.207547169812,-1.4420871742575048e-15
7153.358490566037,-1.384443891256773e-15
7153.509433962264,-9.295513597795925e-16
7153.66037735849,-1.4983431200494078e-15
7153.811320754717,-1.1693736503707485e-15
7153.962264150943,-1.1835110149482507e-15
7154.11320754717,-1.2240671823252382e-15
7154.264150943396,-1.6536958527442731e-15
7154.415094339623,-3.625740410836794e-16
7154.566037735849,-2.4006178084315693e-15
7154.7169811320755,-2.9393798541988647e-16
7154.867924528302,-1.738086682929755e-15
7155.018867924528,-1.2207512723344813e-15
7155.169811320755,-1.1159494463972044e-15
7155.320754716981,-1.4477162692225376e-15
7155.471698113208,-1.0099800841091249e-15
7155.622641509434,-1.574655267951477e-15
7155.773584905661,-1.2603887392836786e-15
7155.924528301887,-5.074265354881816e-16
7156.075471698113,-2.9044813397776457e-15
7156.226415094339,6.11253408483496e-16
7156.377358490566,-2.4866132046549923e-15
7156.528301886792,-1.2781145998278048e-15
7156.679245283019,-4.0176755912502947e-16
7156.830188679245,-2.2143056444421447e-15
7156.981132075472,-9.05219824180081e-16
7157.132075471698,-1.178918255595062e-15
7157.2830188679245,-1.4889632198192355e-15
7157.433962264151,-1.1938290221486095e-15
7157.584905660377,-1.4361503308380243e-15
7157.735849056604,-1.0710358690010251e-15
7157.88679245283,-1.2291022839162147e-15
7158.037735849057,-2.151336826366653e-15
7158.188679245283,2.7095773785272183e-16
7158.33962264151,-2.825713477551799e-15
7158.490566037736,-7.094502976701642e-16
7158.641509433963,-8.134178312722975e-16
7158.792452830188,-2.22582112909499e-15
7158.943396226415,-8.147575509591914e-16
7159.094339622641,-1.1389579951053145e-15
7159.245283018868,-1.7362568392343676e-15
7159.396226415094,-1.2064717921061154e-15
7159.547169811321,-1.02156603973826e-15
7159.698113207547,-1.601553670224024e-15
7159.8490566037735,-1.600545656657902e-15
7160.0,-3.444111413532125e-16
7160.1509433962265,-2.5765549964788554e-15
7160.301886792453,-5.419980262145276e-16
7160.452830188679,-1.2170677348111854e-15
7160.603773584906,-2.0582170752603114e-15
7160.754716981132,-8.66469444903477e-16
7160.905660377359,-7.994974087381576e-16
7161.056603773585,-2.837548445738716e-15
7161.207547169812,2.852781347284349e-16
7161.358490566037,-2.1532692789579393e-15
7161.509433962264,-1.6441813406775522e-15
7161.66037735849,-4.488973249924097e-16
7161.811320754717,-1.969076146659906e-15
7161.962264150943,-1.5987016090071237e-15
7162.11320754717,-2.3902788275017456e-16
7162.264150943396,-2.829425577744081e-15
7162.415094339623,-1.3758483674262818e-16
7162.566037735849,-1.891781117903076e-15
7162.7169811320755,-1.5701539125739352e-15
7162.867924528302,-6.722679626718185e-16
7163.018867924528,-2.0880068241659894e-15
7163.169811320755,-9.371651308539576e-16
7163.320754716981,-1.4439846389517445e-15
7163.471698113208,-1.4366301208433197e-15
7163.622641509434,-1.3591112372795661e-15
7163.773584905661,-1.325070522170467e-15
7163.924528301887,-1.2386908902808608e-15
7164.075471698113,-1.9549262918762046e-15
7164.226415094339,-2.931624953429192e-16
7164.377358490566,-2.7128129387115297e-15
7164.528301886792,-2.0344133224432613e-16
7164.679245283019,-2.0832911688918778e-15
7164.830188679245,-1.1974493782674763e-15
7164.981132075472,-1.2576943113998528e-15
7165.132075471698,-1.5354871754005502e-15
7165.2830188679245,-1.4236255675350341e-15
7165.433962264151,-1.128354490421087e-15
7165.584905660377,-1.7593791267758748e-15
7165.735849056604,-1.113031884625198e-15
7165.88679245283,-1.4607322760081472e-15
7166.037735849057,-1.461374322153676e-15
7166.188679245283,-1.4871876795385259e-15
7166.33962264151,-8.910986749625008e-16
7166.490566037736,-2.286965909413428e-15
7166.641509433963,-5.676881180532388e-16
7166.792452830188,-1.6722127469961306e-15
7166.943396226415,-1.8572112458051633e-15
7167.094339622641,-6.40408690100076e-16
7167.245283018868,-1.8519990886456358e-15
7167.396226415094,-1.644665968951346e-15
7167.547169811321,-7.044133368286678e-16
7167.698113207547,-2.0785730006741203e-15
7167.8490566037735,-1.1800164192322798e-15
7168.0,-1.2412837350999211e-15
7168.1509433962265,-1.7079912946489312e-15
7168.301886792453,-1.3017028294480353e-15
7168.452830188679,-1.3240369275881628e-15
7168.603773584906,-1.5869454055667444e-15
7168.754716981132,-1.371330909852121e-15
7168.905660377359,-1.3486811661728003e-15
7169.056603773585,-1.5127641457036268e-15
7169.207547169812,-1.486299463859046e-15
7169.358490566037,-1.2433422214728708e-15
7169.509433962264,-1.5778288309883785e-15
7169.66037735849,-1.5344780848486454e-15
7169.811320754717,-1.0766468653007556e-15
7169.962264150943,-1.8436036035975193e-15
7170.11320754717,-1.3072368591812258e-15
7170.264150943396,-1.1166325710296361e-15
7170.415094339623,-2.1422648959461138e-15
7170.566037735849,-6.626561430354806e-16
7170.7169811320755,-2.0418751759949288e-15
7170.867924528302,-1.1092037415816788e-15
7171.018867924528,-1.6413824739945804e-15
7171.169811320755,-1.287041772476697e-15
7171.320754716981,-1.5993301456261864e-15
7171.471698113208,-1.390847086980252e-15
7171.622641509434,-1.3883236909479321e-15
7171.773584905661,-1.6611850518525596e-15
7171.924528301887,-1.1190296295640424e-15
7172.075471698113,-1.9242432978582502e-15
7172.226415094339,-9.541743095447122e-16
7172.377358490566,-1.8525487423651505e-15
7172.528301886792,-1.3355984583906663e-15
7172.679245283019,-1.3510666417248628e-15
7172.830188679245,-1.6414355960441745e-15
7172.981132075472,-1.4406343982818585e-15
7173.132075471698,-1.309684090877841e-15
7173.2830188679245,-1.6814106249507667e-15
7173.433962264151,-1.4062200255300978e-15
7173.584905660377,-1.3199682304611357e-15
7173.735849056604,-1.788730788568877e-15
7173.88679245283,-1.1387330208344266e-15
7174.037735849057,-1.7513213424767883e-15
7174.188679245283,-1.3033970093050319e-15
7174.33962264151,-1.5831484656757572e-15
7174.490566037736,-1.4241712616103266e-15
7174.641509433963,-1.5546691798705724e-15
7174.792452830188,-1.353446091284953e-15
7174.943396226415,-1.6957299148910964e-15
7175.094339622641,-1.2887017951187345e-15
7175.245283018868,-1.5518194580454539e-15
7175.396226415094,-1.6235278223436146e-15
7175.547169811321,-1.2966070826546612e-15
7175.698113207547,-1.527504698126086e-15
7175.8490566037735,-1.7685116352429221e-15
7176.0,-1.0080138928618537e-15
7176.1509433962265,-1.9569263668908044e-15
7176.301886792453,-1.2952294745435766e-15
7176.452830188679,-1.4319586356455939e-15
7176.603773584906,-1.6672912148113054e-15
7176.754716981132,-1.490290239127524e-15
7176.905660377359,-1.2653970829607746e-15
7177.056603773585,-1.8808143885451507e-15
7177.207547169812,-1.258728631363105e-15
7177.358490566037,-1.4679233561288037e-15
7177.509433962264,-1.7970137470297854e-15
7177.66037735849,-1.183768431046276e-15
7177.811320754717,-1.7287004038802691e-15
7177.962264150943,-1.430454307084787e-15
7178.11320754717,-1.5480310623165922e-15
7178.264150943396,-1.5006820203977817e-15
7178.415094339623,-1.4889618937435328e-15
7178.566037735849,-1.6543740616391772e-15
7178.7169811320755,-1.2908324394001445e-15
7178.867924528302,-1.7834320807107048e-15
7179.018867924528,-1.3157113044483882e-15
7179.169811320755,-1.6611612224019461e-15
7179.320754716981,-1.4293929588775217e-15
7179.471698113208,-1.6455620819983039e-15
7179.622641509434,-1.379313996668248e-15
7179.773584905661,-1.6817515122823518e-15
7179.924528301887,-1.4277910743508762e-15
7180.075471698113,-1.6002245202257522e-15
7180.226415094339,-1.4425024359497363e-15
7180.377358490566,-1.7223006184602953e-15
7180.528301886792,-1.2673782830018136e-15
7180.679245283019,-1.8056588539569977e-15
7180.830188679245,-1.380106429123322e-15
7180.981132075472,-1.5624772754498166e-15
7181.132075471698,-1.6093212939463436e-15
7181.2830188679245,-1.4788731857137532e-15
7181.433962264151,-1.5546133496277648e-15
7181.584905660377,-1.5904024123700489e-15
7181.735849056604,-1.490504332973703e-15
7181.88679245283,-1.5890676676433021e-15
7182.037735849057,-1.5299507625513953e-15
7182.188679245283,-1.5728797878509051e-15
7182.33962264151,-1.5137864089090775e-15
7182.490566037736,-1.6104024845060437e-15
7182.641509433963,-1.4972195911369061e-15
7182.792452830188,-1.6031417514131303e-15
7182.943396226415,-1.5224745331849656e-15
7183.094339622641,-1.5949634020525577e-15
7183.245283018868,-1.512816805588511e-15
7183.396226415094,-1.6188699611267235e-15
7183.547169811321,-1.5064631613028733e-15
7183.698113207547,-1.608958072420427e-15
7183.8490566037735,-1.5272578243505124e-15
7184.0,-1.6098484380790338e-15
7184.1509433962265,-1.5086344975924521e-15
7184.301886792453,-1.6334409343761597e-15
7184.452830188679,-1.5177324753896013e-15
7184.603773584906,-1.6029953231571009e-15
7184.754716981132,-1.5374752434714674e-15
7184.905660377359,-1.6461715687738208e-15
7185.056603773585,-1.4457005177483793e-15
7185.207547169812,-1.7316369574057075e-15
7185.358490566037,-1.4585195182135124e-15
7185.509433962264,-1.5918163996431215e-15
7185.66037735849,-1.6833468636978662e-15
7185.811320754717,-1.41815598739955e-15
7185.962264150943,-1.6911904200784785e-15
7186.11320754717,-1.6056213317726095e-15
7186.264150943396,-1.4344541657269914e-15
7186.415094339623,-1.763239243724901e-15
7186.566037735849,-1.490069060186874e-15
7186.7169811320755,-1.5456970524916611e-15
7186.867924528302,-1.7272880703647642e-15
7187.018867924528,-1.4472373273150461e-15
7187.169811320755,-1.639593836952829e-15
7187.320754716981,-1.675111317233214e-15
7187.471698113208,-1.3978396823894365e-15
7187.622641509434,-1.8261215446843814e-15
7187.773584905661,-1.4060851364743753e-15
7187.924528301887,-1.6821750238135963e-15
7188.075471698113,-1.6131875867981811e-15
7188.226415094339,-1.5242295389175986e-15
7188.377358490566,-1.667802407470885e-15
7188.528301886792,-1.5668896506579662e-15
7188.679245283019,-1.6018431659552836e-15
7188.830188679245,-1.6114830880368977e-15
7188.981132075472,-1.5896062960211523e-15
7189.132075471698,-1.6306428386403737e-15
7189.2830188679245,-1.5505771597040247e-15
7189.433962264151,-1.6870462811950087e-15
7189.584905660377,-1.5154817465852485e-15
7189.735849056604,-1.6865344826054401e-15
7189.88679245283,-1.5561546761493112e-15
7190.037735849057,-1.644005009481865e-15
7190.188679245283,-1.5699916234466522e-15
7190.33962264151,-1.6848047717657338e-15
7190.490566037736,-1.5059082198076595e-15
7190.641509433963,-1.7286125337651333e-15
7190.792452830188,-1.529063497025918e-15
7190.943396226415,-1.653653790755904e-15
7191.094339622641,-1.6191668198524978e-15
7191.245283018868,-1.5984434951392386e-15
7191.396226415094,-1.6375191947703285e-15
7191.547169811321,-1.6085379584518702e-15
7191.698113207547,-1.624712278358153e-15
7191.8490566037735,-1.624416899462204e-15
7192.0,-1.6159053306854958e-15
7192.1509433962265,-1.6320796963469354e-15
7192.301886792453,-1.614048963804251e-15
7192.452830188679,-1.6454735836815926e-15
7192.603773584906,-1.5908105856348043e-15
7192.754716981132,-1.6765196097434233e-15
7192.905660377359,-1.580375907012105e-15
7193.056603773585,-1.6629907289332308e-15
7193.207547169812,-1.6111082737167412e-15
7193.358490566037,-1.6518481089895768e-15
7193.509433962264,-1.59389752206297e-15
7193.66037735849,-1.6913638073364094e-15
7193.811320754717,-1.5702683899651107e-15
7193.962264150943,-1.6869523256560853e-15
7194.11320754717,-1.6023517239303849e-15
7194.264150943396,-1.6593797349306408e-15
7194.415094339623,-1.6143595883275119e-15
7194.566037735849,-1.6679694692347243e-15
7194.7169811320755,-1.6085481512549566e-15
7194.867924528302,-1.6663318382782267e-15
7195.018867924528,-1.6215069644658445e-15
7195.169811320755,-1.6618199400360808e-15
7195.320754716981,-1.6173425853209732e-15
7195.471698113208,-1.676407629335438e-15
7195.622641509434,-1.610810783750793e-15
7195.773584905661,-1.6763606536786731e-15
7195.924528301887,-1.6195532524733153e-15
7196.075471698113,-1.674939027544762e-15
7196.226415094339,-1.6166003630812755e-15
7196.377358490566,-1.6849677416421284e-15
7196.528301886792,-1.61389812114742e-15
7196.679245283019,-1.6835256408650222e-15
7196.830188679245,-1.623288259228834e-15
7196.981132075472,-1.6792899789089812e-15
7197.132075471698,-1.6250845389646553e-15
7197.2830188679245,-1.6856536206153395e-15
7197.433962264151,-1.6215553669478196e-15
7197.584905660377,-1.6892031995721506e-15
7197.735849056604,-1.6254159265765169e-15
7197.88679245283,-1.6865984378289234e-15
7198.037735849057,-1.630371616823889e-15
7198.188679245283,-1.687586712467876e-15
7198.33962264151,-1.6303437402763982e-15
7198.490566037736,-1.6912965538573665e-15
7198.641509433963,-1.6310652650678939e-15
7198.792452830188,-1.692284250970368e-15
7198.943396226415,-1.6338195942872674e-15
7199.094339622641,-1.6931834081047333e-15
7199.245283018868,-1.6354147914285411e-15
7199.396226415094,-1.6948500683677207e-15
7199.547169811321,-1.6371089663579823e-15
7199.698113207547,-1.6961840303668721e-15
7199.8490566037735,-1.6385091760552668e-15
